108892,Solanum dulcamara,OpenWetPoor
111191,Solanum dulcamara,OpenWetPoor
120394,Solanum dulcamara,OpenWetPoor
161781,Solanum dulcamara,OpenWetPoor
164078,Solanum dulcamara,OpenWetPoor
164079,Solanum dulcamara,OpenWetPoor
164080,Solanum dulcamara,OpenWetPoor
170978,Solanum dulcamara,OpenWetPoor
173256,Solanum dulcamara,OpenWetPoor
175556,Solanum dulcamara,OpenWetPoor
175557,Solanum dulcamara,OpenWetPoor
175558,Solanum dulcamara,OpenWetPoor
177857,Solanum dulcamara,OpenWetPoor
177858,Solanum dulcamara,OpenWetPoor
180156,Solanum dulcamara,OpenWetPoor
180157,Solanum dulcamara,OpenWetPoor
189352,Solanum dulcamara,OpenWetPoor
191651,Solanum dulcamara,OpenWetPoor
191652,Solanum dulcamara,OpenWetPoor
191653,Solanum dulcamara,OpenWetPoor
191659,Solanum dulcamara,OpenWetPoor
193952,Solanum dulcamara,OpenWetPoor
193958,Solanum dulcamara,OpenWetPoor
196260,Solanum dulcamara,OpenWetPoor
198558,Solanum dulcamara,OpenWetPoor
198559,Solanum dulcamara,OpenWetPoor
216951,Solanum dulcamara,OpenWetPoor
219250,Solanum dulcamara,OpenWetPoor
219251,Solanum dulcamara,OpenWetPoor
221529,Solanum dulcamara,OpenWetPoor
221530,Solanum dulcamara,OpenWetPoor
221551,Solanum dulcamara,OpenWetPoor
221552,Solanum dulcamara,OpenWetPoor
223828,Solanum dulcamara,OpenWetPoor
223829,Solanum dulcamara,OpenWetPoor
223830,Solanum dulcamara,OpenWetPoor
223851,Solanum dulcamara,OpenWetPoor
223852,Solanum dulcamara,OpenWetPoor
226128,Solanum dulcamara,OpenWetPoor
226129,Solanum dulcamara,OpenWetPoor
226150,Solanum dulcamara,OpenWetPoor
228430,Solanum dulcamara,OpenWetPoor
228431,Solanum dulcamara,OpenWetPoor
230726,Solanum dulcamara,OpenWetPoor
235323,Solanum dulcamara,OpenWetPoor
235324,Solanum dulcamara,OpenWetPoor
235325,Solanum dulcamara,OpenWetPoor
237624,Solanum dulcamara,OpenWetPoor
237625,Solanum dulcamara,OpenWetPoor
246835,Solanum dulcamara,OpenWetPoor
249139,Solanum dulcamara,OpenWetPoor
249156,Solanum dulcamara,OpenWetPoor
249157,Solanum dulcamara,OpenWetPoor
249159,Solanum dulcamara,OpenWetPoor
251436,Solanum dulcamara,OpenWetPoor
251437,Solanum dulcamara,OpenWetPoor
251448,Solanum dulcamara,OpenWetPoor
251449,Solanum dulcamara,OpenWetPoor
251456,Solanum dulcamara,OpenWetPoor
251457,Solanum dulcamara,OpenWetPoor
251458,Solanum dulcamara,OpenWetPoor
251459,Solanum dulcamara,OpenWetPoor
253735,Solanum dulcamara,OpenWetPoor
253747,Solanum dulcamara,OpenWetPoor
253748,Solanum dulcamara,OpenWetPoor
253758,Solanum dulcamara,OpenWetPoor
253759,Solanum dulcamara,OpenWetPoor
256037,Solanum dulcamara,OpenWetPoor
256056,Solanum dulcamara,OpenWetPoor
256058,Solanum dulcamara,OpenWetPoor
256059,Solanum dulcamara,OpenWetPoor
258346,Solanum dulcamara,OpenWetPoor
260649,Solanum dulcamara,OpenWetPoor
265193,Solanum dulcamara,OpenWetPoor
265194,Solanum dulcamara,OpenWetPoor
265195,Solanum dulcamara,OpenWetPoor
267492,Solanum dulcamara,OpenWetPoor
267494,Solanum dulcamara,OpenWetPoor
267495,Solanum dulcamara,OpenWetPoor
269794,Solanum dulcamara,OpenWetPoor
269795,Solanum dulcamara,OpenWetPoor
272092,Solanum dulcamara,OpenWetPoor
274392,Solanum dulcamara,OpenWetPoor
279015,Solanum dulcamara,OpenWetPoor
281286,Solanum dulcamara,OpenWetPoor
281313,Solanum dulcamara,OpenWetPoor
281314,Solanum dulcamara,OpenWetPoor
281315,Solanum dulcamara,OpenWetPoor
281316,Solanum dulcamara,OpenWetPoor
283613,Solanum dulcamara,OpenWetPoor
283614,Solanum dulcamara,OpenWetPoor
283615,Solanum dulcamara,OpenWetPoor
283658,Solanum dulcamara,OpenWetPoor
285958,Solanum dulcamara,OpenWetPoor
288117,Solanum dulcamara,OpenWetPoor
288257,Solanum dulcamara,OpenWetPoor
290416,Solanum dulcamara,OpenWetPoor
292716,Solanum dulcamara,OpenWetPoor
299618,Solanum dulcamara,OpenWetPoor
301917,Solanum dulcamara,OpenWetPoor
304217,Solanum dulcamara,OpenWetPoor
304218,Solanum dulcamara,OpenWetPoor
304220,Solanum dulcamara,OpenWetPoor
306517,Solanum dulcamara,OpenWetPoor
306518,Solanum dulcamara,OpenWetPoor
306519,Solanum dulcamara,OpenWetPoor
306520,Solanum dulcamara,OpenWetPoor
322733,Solanum dulcamara,OpenWetPoor
322734,Solanum dulcamara,OpenWetPoor
322735,Solanum dulcamara,OpenWetPoor
325032,Solanum dulcamara,OpenWetPoor
325034,Solanum dulcamara,OpenWetPoor
325035,Solanum dulcamara,OpenWetPoor
327209,Solanum dulcamara,OpenWetPoor
327333,Solanum dulcamara,OpenWetPoor
327334,Solanum dulcamara,OpenWetPoor
334113,Solanum dulcamara,OpenWetPoor
336411,Solanum dulcamara,OpenWetPoor
336412,Solanum dulcamara,OpenWetPoor
336413,Solanum dulcamara,OpenWetPoor
336414,Solanum dulcamara,OpenWetPoor
336415,Solanum dulcamara,OpenWetPoor
338711,Solanum dulcamara,OpenWetPoor
338712,Solanum dulcamara,OpenWetPoor
338713,Solanum dulcamara,OpenWetPoor
338714,Solanum dulcamara,OpenWetPoor
338831,Solanum dulcamara,OpenWetPoor
341011,Solanum dulcamara,OpenWetPoor
341014,Solanum dulcamara,OpenWetPoor
341130,Solanum dulcamara,OpenWetPoor
341131,Solanum dulcamara,OpenWetPoor
343430,Solanum dulcamara,OpenWetPoor
343431,Solanum dulcamara,OpenWetPoor
343432,Solanum dulcamara,OpenWetPoor
343433,Solanum dulcamara,OpenWetPoor
345730,Solanum dulcamara,OpenWetPoor
345731,Solanum dulcamara,OpenWetPoor
345733,Solanum dulcamara,OpenWetPoor
348031,Solanum dulcamara,OpenWetPoor
348032,Solanum dulcamara,OpenWetPoor
359553,Solanum dulcamara,OpenWetPoor
359554,Solanum dulcamara,OpenWetPoor
359555,Solanum dulcamara,OpenWetPoor
361851,Solanum dulcamara,OpenWetPoor
361854,Solanum dulcamara,OpenWetPoor
361855,Solanum dulcamara,OpenWetPoor
361856,Solanum dulcamara,OpenWetPoor
363998,Solanum dulcamara,OpenWetPoor
363999,Solanum dulcamara,OpenWetPoor
364152,Solanum dulcamara,OpenWetPoor
364153,Solanum dulcamara,OpenWetPoor
364154,Solanum dulcamara,OpenWetPoor
364155,Solanum dulcamara,OpenWetPoor
364156,Solanum dulcamara,OpenWetPoor
364171,Solanum dulcamara,OpenWetPoor
366299,Solanum dulcamara,OpenWetPoor
366453,Solanum dulcamara,OpenWetPoor
366455,Solanum dulcamara,OpenWetPoor
366456,Solanum dulcamara,OpenWetPoor
368597,Solanum dulcamara,OpenWetPoor
368598,Solanum dulcamara,OpenWetPoor
370896,Solanum dulcamara,OpenWetPoor
370897,Solanum dulcamara,OpenWetPoor
370898,Solanum dulcamara,OpenWetPoor
373196,Solanum dulcamara,OpenWetPoor
375495,Solanum dulcamara,OpenWetPoor
375496,Solanum dulcamara,OpenWetPoor
377794,Solanum dulcamara,OpenWetPoor
377795,Solanum dulcamara,OpenWetPoor
377796,Solanum dulcamara,OpenWetPoor
380093,Solanum dulcamara,OpenWetPoor
380095,Solanum dulcamara,OpenWetPoor
380097,Solanum dulcamara,OpenWetPoor
380098,Solanum dulcamara,OpenWetPoor
380099,Solanum dulcamara,OpenWetPoor
380100,Solanum dulcamara,OpenWetPoor
380101,Solanum dulcamara,OpenWetPoor
382396,Solanum dulcamara,OpenWetPoor
382397,Solanum dulcamara,OpenWetPoor
382398,Solanum dulcamara,OpenWetPoor
382399,Solanum dulcamara,OpenWetPoor
382400,Solanum dulcamara,OpenWetPoor
384695,Solanum dulcamara,OpenWetPoor
384696,Solanum dulcamara,OpenWetPoor
384697,Solanum dulcamara,OpenWetPoor
384698,Solanum dulcamara,OpenWetPoor
384699,Solanum dulcamara,OpenWetPoor
384700,Solanum dulcamara,OpenWetPoor
384858,Solanum dulcamara,OpenWetPoor
386995,Solanum dulcamara,OpenWetPoor
386996,Solanum dulcamara,OpenWetPoor
386997,Solanum dulcamara,OpenWetPoor
386999,Solanum dulcamara,OpenWetPoor
387000,Solanum dulcamara,OpenWetPoor
387001,Solanum dulcamara,OpenWetPoor
387002,Solanum dulcamara,OpenWetPoor
387157,Solanum dulcamara,OpenWetPoor
389295,Solanum dulcamara,OpenWetPoor
389296,Solanum dulcamara,OpenWetPoor
389297,Solanum dulcamara,OpenWetPoor
389298,Solanum dulcamara,OpenWetPoor
389299,Solanum dulcamara,OpenWetPoor
389300,Solanum dulcamara,OpenWetPoor
389301,Solanum dulcamara,OpenWetPoor
389456,Solanum dulcamara,OpenWetPoor
389459,Solanum dulcamara,OpenWetPoor
389460,Solanum dulcamara,OpenWetPoor
391595,Solanum dulcamara,OpenWetPoor
391596,Solanum dulcamara,OpenWetPoor
391597,Solanum dulcamara,OpenWetPoor
391598,Solanum dulcamara,OpenWetPoor
391752,Solanum dulcamara,OpenWetPoor
391753,Solanum dulcamara,OpenWetPoor
391756,Solanum dulcamara,OpenWetPoor
391757,Solanum dulcamara,OpenWetPoor
391759,Solanum dulcamara,OpenWetPoor
391760,Solanum dulcamara,OpenWetPoor
394051,Solanum dulcamara,OpenWetPoor
394052,Solanum dulcamara,OpenWetPoor
394053,Solanum dulcamara,OpenWetPoor
394054,Solanum dulcamara,OpenWetPoor
394058,Solanum dulcamara,OpenWetPoor
394059,Solanum dulcamara,OpenWetPoor
394060,Solanum dulcamara,OpenWetPoor
394065,Solanum dulcamara,OpenWetPoor
394066,Solanum dulcamara,OpenWetPoor
396339,Solanum dulcamara,OpenWetPoor
396351,Solanum dulcamara,OpenWetPoor
396353,Solanum dulcamara,OpenWetPoor
396354,Solanum dulcamara,OpenWetPoor
398489,Solanum dulcamara,OpenWetPoor
398498,Solanum dulcamara,OpenWetPoor
398651,Solanum dulcamara,OpenWetPoor
398653,Solanum dulcamara,OpenWetPoor
398654,Solanum dulcamara,OpenWetPoor
398655,Solanum dulcamara,OpenWetPoor
398664,Solanum dulcamara,OpenWetPoor
398665,Solanum dulcamara,OpenWetPoor
400789,Solanum dulcamara,OpenWetPoor
400963,Solanum dulcamara,OpenWetPoor
400966,Solanum dulcamara,OpenWetPoor
403264,Solanum dulcamara,OpenWetPoor
403266,Solanum dulcamara,OpenWetPoor
405396,Solanum dulcamara,OpenWetPoor
405397,Solanum dulcamara,OpenWetPoor
407696,Solanum dulcamara,OpenWetPoor
407697,Solanum dulcamara,OpenWetPoor
407698,Solanum dulcamara,OpenWetPoor
407848,Solanum dulcamara,OpenWetPoor
410148,Solanum dulcamara,OpenWetPoor
410149,Solanum dulcamara,OpenWetPoor
410150,Solanum dulcamara,OpenWetPoor
412448,Solanum dulcamara,OpenWetPoor
412449,Solanum dulcamara,OpenWetPoor
412450,Solanum dulcamara,OpenWetPoor
414750,Solanum dulcamara,OpenWetPoor
416878,Solanum dulcamara,OpenWetPoor
419178,Solanum dulcamara,OpenWetPoor
419180,Solanum dulcamara,OpenWetPoor
419385,Solanum dulcamara,OpenWetPoor
419386,Solanum dulcamara,OpenWetPoor
419387,Solanum dulcamara,OpenWetPoor
419388,Solanum dulcamara,OpenWetPoor
421478,Solanum dulcamara,OpenWetPoor
421685,Solanum dulcamara,OpenWetPoor
421687,Solanum dulcamara,OpenWetPoor
421689,Solanum dulcamara,OpenWetPoor
423976,Solanum dulcamara,OpenWetPoor
423977,Solanum dulcamara,OpenWetPoor
423985,Solanum dulcamara,OpenWetPoor
423986,Solanum dulcamara,OpenWetPoor
423987,Solanum dulcamara,OpenWetPoor
423988,Solanum dulcamara,OpenWetPoor
426275,Solanum dulcamara,OpenWetPoor
426285,Solanum dulcamara,OpenWetPoor
426286,Solanum dulcamara,OpenWetPoor
426288,Solanum dulcamara,OpenWetPoor
428593,Solanum dulcamara,OpenWetPoor
437691,Solanum dulcamara,OpenWetPoor
437692,Solanum dulcamara,OpenWetPoor
439991,Solanum dulcamara,OpenWetPoor
439992,Solanum dulcamara,OpenWetPoor
442290,Solanum dulcamara,OpenWetPoor
442291,Solanum dulcamara,OpenWetPoor
446889,Solanum dulcamara,OpenWetPoor
446890,Solanum dulcamara,OpenWetPoor
449190,Solanum dulcamara,OpenWetPoor
460655,Solanum dulcamara,OpenWetPoor
460656,Solanum dulcamara,OpenWetPoor
460667,Solanum dulcamara,OpenWetPoor
460668,Solanum dulcamara,OpenWetPoor
460669,Solanum dulcamara,OpenWetPoor
460670,Solanum dulcamara,OpenWetPoor
460692,Solanum dulcamara,OpenWetPoor
462956,Solanum dulcamara,OpenWetPoor
462967,Solanum dulcamara,OpenWetPoor
462968,Solanum dulcamara,OpenWetPoor
462992,Solanum dulcamara,OpenWetPoor
465256,Solanum dulcamara,OpenWetPoor
467591,Solanum dulcamara,OpenWetPoor
469869,Solanum dulcamara,OpenWetPoor
469891,Solanum dulcamara,OpenWetPoor
472169,Solanum dulcamara,OpenWetPoor
474460,Solanum dulcamara,OpenWetPoor
474469,Solanum dulcamara,OpenWetPoor
502050,Solanum dulcamara,OpenWetPoor
504349,Solanum dulcamara,OpenWetPoor
504350,Solanum dulcamara,OpenWetPoor
508949,Solanum dulcamara,OpenWetPoor
508950,Solanum dulcamara,OpenWetPoor
511248,Solanum dulcamara,OpenWetPoor
511249,Solanum dulcamara,OpenWetPoor
513549,Solanum dulcamara,OpenWetPoor
513550,Solanum dulcamara,OpenWetPoor
515848,Solanum dulcamara,OpenWetPoor
515849,Solanum dulcamara,OpenWetPoor
515850,Solanum dulcamara,OpenWetPoor
518149,Solanum dulcamara,OpenWetPoor
518150,Solanum dulcamara,OpenWetPoor
536562,Solanum dulcamara,OpenWetPoor
538861,Solanum dulcamara,OpenWetPoor
541143,Solanum dulcamara,OpenWetPoor
541144,Solanum dulcamara,OpenWetPoor
541161,Solanum dulcamara,OpenWetPoor
543441,Solanum dulcamara,OpenWetPoor
543442,Solanum dulcamara,OpenWetPoor
543443,Solanum dulcamara,OpenWetPoor
543444,Solanum dulcamara,OpenWetPoor
545742,Solanum dulcamara,OpenWetPoor
545743,Solanum dulcamara,OpenWetPoor
545744,Solanum dulcamara,OpenWetPoor
548042,Solanum dulcamara,OpenWetPoor
548043,Solanum dulcamara,OpenWetPoor
548044,Solanum dulcamara,OpenWetPoor
548045,Solanum dulcamara,OpenWetPoor
550342,Solanum dulcamara,OpenWetPoor
550343,Solanum dulcamara,OpenWetPoor
550344,Solanum dulcamara,OpenWetPoor
552553,Solanum dulcamara,OpenWetPoor
552554,Solanum dulcamara,OpenWetPoor
580151,Solanum dulcamara,OpenWetPoor
580152,Solanum dulcamara,OpenWetPoor
596479,Solanum dulcamara,OpenWetPoor
601282,Solanum dulcamara,OpenWetPoor
601283,Solanum dulcamara,OpenWetPoor
601284,Solanum dulcamara,OpenWetPoor
603583,Solanum dulcamara,OpenWetPoor
603584,Solanum dulcamara,OpenWetPoor
603585,Solanum dulcamara,OpenWetPoor
605440,Solanum dulcamara,OpenWetPoor
617022,Solanum dulcamara,OpenWetPoor
617023,Solanum dulcamara,OpenWetPoor
617024,Solanum dulcamara,OpenWetPoor
619321,Solanum dulcamara,OpenWetPoor
619322,Solanum dulcamara,OpenWetPoor
619323,Solanum dulcamara,OpenWetPoor
621622,Solanum dulcamara,OpenWetPoor
623916,Solanum dulcamara,OpenWetPoor
623917,Solanum dulcamara,OpenWetPoor
626217,Solanum dulcamara,OpenWetPoor
626218,Solanum dulcamara,OpenWetPoor
626549,Solanum dulcamara,OpenWetPoor
626550,Solanum dulcamara,OpenWetPoor
628517,Solanum dulcamara,OpenWetPoor
628847,Solanum dulcamara,OpenWetPoor
628848,Solanum dulcamara,OpenWetPoor
630784,Solanum dulcamara,OpenWetPoor
630817,Solanum dulcamara,OpenWetPoor
630818,Solanum dulcamara,OpenWetPoor
631129,Solanum dulcamara,OpenWetPoor
631130,Solanum dulcamara,OpenWetPoor
631147,Solanum dulcamara,OpenWetPoor
631149,Solanum dulcamara,OpenWetPoor
631150,Solanum dulcamara,OpenWetPoor
631171,Solanum dulcamara,OpenWetPoor
633084,Solanum dulcamara,OpenWetPoor
633086,Solanum dulcamara,OpenWetPoor
633117,Solanum dulcamara,OpenWetPoor
633427,Solanum dulcamara,OpenWetPoor
633428,Solanum dulcamara,OpenWetPoor
633429,Solanum dulcamara,OpenWetPoor
633430,Solanum dulcamara,OpenWetPoor
633448,Solanum dulcamara,OpenWetPoor
642280,Solanum dulcamara,OpenWetPoor
642281,Solanum dulcamara,OpenWetPoor
642282,Solanum dulcamara,OpenWetPoor
642283,Solanum dulcamara,OpenWetPoor
644581,Solanum dulcamara,OpenWetPoor
644582,Solanum dulcamara,OpenWetPoor
644583,Solanum dulcamara,OpenWetPoor
646881,Solanum dulcamara,OpenWetPoor
646882,Solanum dulcamara,OpenWetPoor
646883,Solanum dulcamara,OpenWetPoor
649388,Solanum dulcamara,OpenWetPoor
651515,Solanum dulcamara,OpenWetPoor
651516,Solanum dulcamara,OpenWetPoor
651535,Solanum dulcamara,OpenWetPoor
653820,Solanum dulcamara,OpenWetPoor
653834,Solanum dulcamara,OpenWetPoor
653987,Solanum dulcamara,OpenWetPoor
656028,Solanum dulcamara,OpenWetPoor
656029,Solanum dulcamara,OpenWetPoor
656108,Solanum dulcamara,OpenWetPoor
656119,Solanum dulcamara,OpenWetPoor
656121,Solanum dulcamara,OpenWetPoor
656123,Solanum dulcamara,OpenWetPoor
656128,Solanum dulcamara,OpenWetPoor
658329,Solanum dulcamara,OpenWetPoor
658330,Solanum dulcamara,OpenWetPoor
658408,Solanum dulcamara,OpenWetPoor
658422,Solanum dulcamara,OpenWetPoor
658427,Solanum dulcamara,OpenWetPoor
658428,Solanum dulcamara,OpenWetPoor
658520,Solanum dulcamara,OpenWetPoor
658587,Solanum dulcamara,OpenWetPoor
660629,Solanum dulcamara,OpenWetPoor
660708,Solanum dulcamara,OpenWetPoor
660709,Solanum dulcamara,OpenWetPoor
660710,Solanum dulcamara,OpenWetPoor
663009,Solanum dulcamara,OpenWetPoor
663010,Solanum dulcamara,OpenWetPoor
663040,Solanum dulcamara,OpenWetPoor
663121,Solanum dulcamara,OpenWetPoor
663122,Solanum dulcamara,OpenWetPoor
665308,Solanum dulcamara,OpenWetPoor
665310,Solanum dulcamara,OpenWetPoor
667608,Solanum dulcamara,OpenWetPoor
669907,Solanum dulcamara,OpenWetPoor
669908,Solanum dulcamara,OpenWetPoor
672207,Solanum dulcamara,OpenWetPoor
672208,Solanum dulcamara,OpenWetPoor
674505,Solanum dulcamara,OpenWetPoor
674506,Solanum dulcamara,OpenWetPoor
674508,Solanum dulcamara,OpenWetPoor
676806,Solanum dulcamara,OpenWetPoor
676807,Solanum dulcamara,OpenWetPoor
676808,Solanum dulcamara,OpenWetPoor
676812,Solanum dulcamara,OpenWetPoor
676837,Solanum dulcamara,OpenWetPoor
679104,Solanum dulcamara,OpenWetPoor
679105,Solanum dulcamara,OpenWetPoor
679106,Solanum dulcamara,OpenWetPoor
679108,Solanum dulcamara,OpenWetPoor
679111,Solanum dulcamara,OpenWetPoor
679296,Solanum dulcamara,OpenWetPoor
681404,Solanum dulcamara,OpenWetPoor
681406,Solanum dulcamara,OpenWetPoor
681408,Solanum dulcamara,OpenWetPoor
681596,Solanum dulcamara,OpenWetPoor
683705,Solanum dulcamara,OpenWetPoor
683706,Solanum dulcamara,OpenWetPoor
683707,Solanum dulcamara,OpenWetPoor
686197,Solanum dulcamara,OpenWetPoor
688314,Solanum dulcamara,OpenWetPoor
693252,Solanum dulcamara,OpenWetPoor
693253,Solanum dulcamara,OpenWetPoor
693254,Solanum dulcamara,OpenWetPoor
695553,Solanum dulcamara,OpenWetPoor
702118,Solanum dulcamara,OpenWetPoor
704428,Solanum dulcamara,OpenWetPoor
704519,Solanum dulcamara,OpenWetPoor
706718,Solanum dulcamara,OpenWetPoor
706728,Solanum dulcamara,OpenWetPoor
706820,Solanum dulcamara,OpenWetPoor
706822,Solanum dulcamara,OpenWetPoor
706823,Solanum dulcamara,OpenWetPoor
706892,Solanum dulcamara,OpenWetPoor
706893,Solanum dulcamara,OpenWetPoor
709029,Solanum dulcamara,OpenWetPoor
709340,Solanum dulcamara,OpenWetPoor
711419,Solanum dulcamara,OpenWetPoor
711492,Solanum dulcamara,OpenWetPoor
711638,Solanum dulcamara,OpenWetPoor
711639,Solanum dulcamara,OpenWetPoor
711640,Solanum dulcamara,OpenWetPoor
711641,Solanum dulcamara,OpenWetPoor
711642,Solanum dulcamara,OpenWetPoor
713627,Solanum dulcamara,OpenWetPoor
713678,Solanum dulcamara,OpenWetPoor
713679,Solanum dulcamara,OpenWetPoor
713792,Solanum dulcamara,OpenWetPoor
713938,Solanum dulcamara,OpenWetPoor
713939,Solanum dulcamara,OpenWetPoor
713940,Solanum dulcamara,OpenWetPoor
713942,Solanum dulcamara,OpenWetPoor
715915,Solanum dulcamara,OpenWetPoor
715916,Solanum dulcamara,OpenWetPoor
715917,Solanum dulcamara,OpenWetPoor
715979,Solanum dulcamara,OpenWetPoor
715980,Solanum dulcamara,OpenWetPoor
715981,Solanum dulcamara,OpenWetPoor
715982,Solanum dulcamara,OpenWetPoor
716238,Solanum dulcamara,OpenWetPoor
716239,Solanum dulcamara,OpenWetPoor
716240,Solanum dulcamara,OpenWetPoor
716241,Solanum dulcamara,OpenWetPoor
718214,Solanum dulcamara,OpenWetPoor
718215,Solanum dulcamara,OpenWetPoor
718216,Solanum dulcamara,OpenWetPoor
718217,Solanum dulcamara,OpenWetPoor
718218,Solanum dulcamara,OpenWetPoor
718280,Solanum dulcamara,OpenWetPoor
718281,Solanum dulcamara,OpenWetPoor
718283,Solanum dulcamara,OpenWetPoor
718539,Solanum dulcamara,OpenWetPoor
718540,Solanum dulcamara,OpenWetPoor
720514,Solanum dulcamara,OpenWetPoor
720517,Solanum dulcamara,OpenWetPoor
720518,Solanum dulcamara,OpenWetPoor
720580,Solanum dulcamara,OpenWetPoor
720581,Solanum dulcamara,OpenWetPoor
720582,Solanum dulcamara,OpenWetPoor
720583,Solanum dulcamara,OpenWetPoor
722814,Solanum dulcamara,OpenWetPoor
722816,Solanum dulcamara,OpenWetPoor
722817,Solanum dulcamara,OpenWetPoor
722818,Solanum dulcamara,OpenWetPoor
722881,Solanum dulcamara,OpenWetPoor
722882,Solanum dulcamara,OpenWetPoor
725115,Solanum dulcamara,OpenWetPoor
725116,Solanum dulcamara,OpenWetPoor
725117,Solanum dulcamara,OpenWetPoor
725182,Solanum dulcamara,OpenWetPoor
729769,Solanum dulcamara,OpenWetPoor
731999,Solanum dulcamara,OpenWetPoor
732000,Solanum dulcamara,OpenWetPoor
732001,Solanum dulcamara,OpenWetPoor
734298,Solanum dulcamara,OpenWetPoor
734299,Solanum dulcamara,OpenWetPoor
734301,Solanum dulcamara,OpenWetPoor
736599,Solanum dulcamara,OpenWetPoor
736600,Solanum dulcamara,OpenWetPoor
736601,Solanum dulcamara,OpenWetPoor
736602,Solanum dulcamara,OpenWetPoor
736635,Solanum dulcamara,OpenWetPoor
736636,Solanum dulcamara,OpenWetPoor
736637,Solanum dulcamara,OpenWetPoor
736639,Solanum dulcamara,OpenWetPoor
736731,Solanum dulcamara,OpenWetPoor
736732,Solanum dulcamara,OpenWetPoor
738900,Solanum dulcamara,OpenWetPoor
738901,Solanum dulcamara,OpenWetPoor
738903,Solanum dulcamara,OpenWetPoor
738935,Solanum dulcamara,OpenWetPoor
738936,Solanum dulcamara,OpenWetPoor
738937,Solanum dulcamara,OpenWetPoor
738938,Solanum dulcamara,OpenWetPoor
738939,Solanum dulcamara,OpenWetPoor
739032,Solanum dulcamara,OpenWetPoor
739034,Solanum dulcamara,OpenWetPoor
739035,Solanum dulcamara,OpenWetPoor
741234,Solanum dulcamara,OpenWetPoor
741235,Solanum dulcamara,OpenWetPoor
741236,Solanum dulcamara,OpenWetPoor
741237,Solanum dulcamara,OpenWetPoor
741240,Solanum dulcamara,OpenWetPoor
741333,Solanum dulcamara,OpenWetPoor
741334,Solanum dulcamara,OpenWetPoor
741335,Solanum dulcamara,OpenWetPoor
741361,Solanum dulcamara,OpenWetPoor
743533,Solanum dulcamara,OpenWetPoor
743534,Solanum dulcamara,OpenWetPoor
743536,Solanum dulcamara,OpenWetPoor
743537,Solanum dulcamara,OpenWetPoor
743551,Solanum dulcamara,OpenWetPoor
743633,Solanum dulcamara,OpenWetPoor
743634,Solanum dulcamara,OpenWetPoor
745833,Solanum dulcamara,OpenWetPoor
745834,Solanum dulcamara,OpenWetPoor
745835,Solanum dulcamara,OpenWetPoor
745836,Solanum dulcamara,OpenWetPoor
745837,Solanum dulcamara,OpenWetPoor
745838,Solanum dulcamara,OpenWetPoor
745839,Solanum dulcamara,OpenWetPoor
745840,Solanum dulcamara,OpenWetPoor
745850,Solanum dulcamara,OpenWetPoor
745851,Solanum dulcamara,OpenWetPoor
745875,Solanum dulcamara,OpenWetPoor
745876,Solanum dulcamara,OpenWetPoor
745877,Solanum dulcamara,OpenWetPoor
748134,Solanum dulcamara,OpenWetPoor
748135,Solanum dulcamara,OpenWetPoor
748136,Solanum dulcamara,OpenWetPoor
748137,Solanum dulcamara,OpenWetPoor
748138,Solanum dulcamara,OpenWetPoor
748139,Solanum dulcamara,OpenWetPoor
748140,Solanum dulcamara,OpenWetPoor
748141,Solanum dulcamara,OpenWetPoor
748142,Solanum dulcamara,OpenWetPoor
748143,Solanum dulcamara,OpenWetPoor
748174,Solanum dulcamara,OpenWetPoor
748178,Solanum dulcamara,OpenWetPoor
748245,Solanum dulcamara,OpenWetPoor
750310,Solanum dulcamara,OpenWetPoor
750311,Solanum dulcamara,OpenWetPoor
750438,Solanum dulcamara,OpenWetPoor
750440,Solanum dulcamara,OpenWetPoor
750441,Solanum dulcamara,OpenWetPoor
750442,Solanum dulcamara,OpenWetPoor
750443,Solanum dulcamara,OpenWetPoor
750449,Solanum dulcamara,OpenWetPoor
750473,Solanum dulcamara,OpenWetPoor
750478,Solanum dulcamara,OpenWetPoor
750545,Solanum dulcamara,OpenWetPoor
750546,Solanum dulcamara,OpenWetPoor
752612,Solanum dulcamara,OpenWetPoor
752613,Solanum dulcamara,OpenWetPoor
752739,Solanum dulcamara,OpenWetPoor
752740,Solanum dulcamara,OpenWetPoor
752741,Solanum dulcamara,OpenWetPoor
752743,Solanum dulcamara,OpenWetPoor
752744,Solanum dulcamara,OpenWetPoor
752745,Solanum dulcamara,OpenWetPoor
752748,Solanum dulcamara,OpenWetPoor
752774,Solanum dulcamara,OpenWetPoor
752775,Solanum dulcamara,OpenWetPoor
752776,Solanum dulcamara,OpenWetPoor
752777,Solanum dulcamara,OpenWetPoor
752844,Solanum dulcamara,OpenWetPoor
752845,Solanum dulcamara,OpenWetPoor
752846,Solanum dulcamara,OpenWetPoor
754912,Solanum dulcamara,OpenWetPoor
755039,Solanum dulcamara,OpenWetPoor
755040,Solanum dulcamara,OpenWetPoor
755041,Solanum dulcamara,OpenWetPoor
755042,Solanum dulcamara,OpenWetPoor
755043,Solanum dulcamara,OpenWetPoor
755044,Solanum dulcamara,OpenWetPoor
755045,Solanum dulcamara,OpenWetPoor
755046,Solanum dulcamara,OpenWetPoor
755076,Solanum dulcamara,OpenWetPoor
755132,Solanum dulcamara,OpenWetPoor
755133,Solanum dulcamara,OpenWetPoor
755134,Solanum dulcamara,OpenWetPoor
755135,Solanum dulcamara,OpenWetPoor
755145,Solanum dulcamara,OpenWetPoor
755146,Solanum dulcamara,OpenWetPoor
757209,Solanum dulcamara,OpenWetPoor
757210,Solanum dulcamara,OpenWetPoor
757211,Solanum dulcamara,OpenWetPoor
757212,Solanum dulcamara,OpenWetPoor
757213,Solanum dulcamara,OpenWetPoor
757341,Solanum dulcamara,OpenWetPoor
757344,Solanum dulcamara,OpenWetPoor
757345,Solanum dulcamara,OpenWetPoor
757346,Solanum dulcamara,OpenWetPoor
757347,Solanum dulcamara,OpenWetPoor
757348,Solanum dulcamara,OpenWetPoor
757349,Solanum dulcamara,OpenWetPoor
757376,Solanum dulcamara,OpenWetPoor
757390,Solanum dulcamara,OpenWetPoor
757432,Solanum dulcamara,OpenWetPoor
757433,Solanum dulcamara,OpenWetPoor
757434,Solanum dulcamara,OpenWetPoor
757436,Solanum dulcamara,OpenWetPoor
757446,Solanum dulcamara,OpenWetPoor
759510,Solanum dulcamara,OpenWetPoor
759511,Solanum dulcamara,OpenWetPoor
759645,Solanum dulcamara,OpenWetPoor
759646,Solanum dulcamara,OpenWetPoor
759647,Solanum dulcamara,OpenWetPoor
759648,Solanum dulcamara,OpenWetPoor
759649,Solanum dulcamara,OpenWetPoor
759650,Solanum dulcamara,OpenWetPoor
759690,Solanum dulcamara,OpenWetPoor
759733,Solanum dulcamara,OpenWetPoor
759734,Solanum dulcamara,OpenWetPoor
759735,Solanum dulcamara,OpenWetPoor
759736,Solanum dulcamara,OpenWetPoor
759737,Solanum dulcamara,OpenWetPoor
761946,Solanum dulcamara,OpenWetPoor
761949,Solanum dulcamara,OpenWetPoor
762032,Solanum dulcamara,OpenWetPoor
762034,Solanum dulcamara,OpenWetPoor
762035,Solanum dulcamara,OpenWetPoor
762036,Solanum dulcamara,OpenWetPoor
762037,Solanum dulcamara,OpenWetPoor
764248,Solanum dulcamara,OpenWetPoor
764249,Solanum dulcamara,OpenWetPoor
764334,Solanum dulcamara,OpenWetPoor
764335,Solanum dulcamara,OpenWetPoor
764336,Solanum dulcamara,OpenWetPoor
764337,Solanum dulcamara,OpenWetPoor
766515,Solanum dulcamara,OpenWetPoor
766516,Solanum dulcamara,OpenWetPoor
766517,Solanum dulcamara,OpenWetPoor
766634,Solanum dulcamara,OpenWetPoor
766635,Solanum dulcamara,OpenWetPoor
766636,Solanum dulcamara,OpenWetPoor
766637,Solanum dulcamara,OpenWetPoor
766644,Solanum dulcamara,OpenWetPoor
766645,Solanum dulcamara,OpenWetPoor
768814,Solanum dulcamara,OpenWetPoor
768818,Solanum dulcamara,OpenWetPoor
768945,Solanum dulcamara,OpenWetPoor
771116,Solanum dulcamara,OpenWetPoor
771236,Solanum dulcamara,OpenWetPoor
771244,Solanum dulcamara,OpenWetPoor
773421,Solanum dulcamara,OpenWetPoor
773422,Solanum dulcamara,OpenWetPoor
773537,Solanum dulcamara,OpenWetPoor
775722,Solanum dulcamara,OpenWetPoor
775729,Solanum dulcamara,OpenWetPoor
778020,Solanum dulcamara,OpenWetPoor
778021,Solanum dulcamara,OpenWetPoor
778026,Solanum dulcamara,OpenWetPoor
780327,Solanum dulcamara,OpenWetPoor
780328,Solanum dulcamara,OpenWetPoor
782614,Solanum dulcamara,OpenWetPoor
782628,Solanum dulcamara,OpenWetPoor
782629,Solanum dulcamara,OpenWetPoor
782638,Solanum dulcamara,OpenWetPoor
784914,Solanum dulcamara,OpenWetPoor
784915,Solanum dulcamara,OpenWetPoor
784917,Solanum dulcamara,OpenWetPoor
784930,Solanum dulcamara,OpenWetPoor
784931,Solanum dulcamara,OpenWetPoor
784932,Solanum dulcamara,OpenWetPoor
784933,Solanum dulcamara,OpenWetPoor
784936,Solanum dulcamara,OpenWetPoor
784937,Solanum dulcamara,OpenWetPoor
787214,Solanum dulcamara,OpenWetPoor
787231,Solanum dulcamara,OpenWetPoor
787232,Solanum dulcamara,OpenWetPoor
787233,Solanum dulcamara,OpenWetPoor
787234,Solanum dulcamara,OpenWetPoor
787235,Solanum dulcamara,OpenWetPoor
787237,Solanum dulcamara,OpenWetPoor
787238,Solanum dulcamara,OpenWetPoor
789516,Solanum dulcamara,OpenWetPoor
789530,Solanum dulcamara,OpenWetPoor
789535,Solanum dulcamara,OpenWetPoor
789536,Solanum dulcamara,OpenWetPoor
789538,Solanum dulcamara,OpenWetPoor
789539,Solanum dulcamara,OpenWetPoor
791843,Solanum dulcamara,OpenWetPoor
791844,Solanum dulcamara,OpenWetPoor
794130,Solanum dulcamara,OpenWetPoor
794142,Solanum dulcamara,OpenWetPoor
794143,Solanum dulcamara,OpenWetPoor
794144,Solanum dulcamara,OpenWetPoor
794145,Solanum dulcamara,OpenWetPoor
794146,Solanum dulcamara,OpenWetPoor
796437,Solanum dulcamara,OpenWetPoor
796442,Solanum dulcamara,OpenWetPoor
796443,Solanum dulcamara,OpenWetPoor
796444,Solanum dulcamara,OpenWetPoor
796446,Solanum dulcamara,OpenWetPoor
796448,Solanum dulcamara,OpenWetPoor
796475,Solanum dulcamara,OpenWetPoor
796476,Solanum dulcamara,OpenWetPoor
796477,Solanum dulcamara,OpenWetPoor
798746,Solanum dulcamara,OpenWetPoor
798747,Solanum dulcamara,OpenWetPoor
798748,Solanum dulcamara,OpenWetPoor
798776,Solanum dulcamara,OpenWetPoor
798777,Solanum dulcamara,OpenWetPoor
801044,Solanum dulcamara,OpenWetPoor
801045,Solanum dulcamara,OpenWetPoor
801047,Solanum dulcamara,OpenWetPoor
801048,Solanum dulcamara,OpenWetPoor
801055,Solanum dulcamara,OpenWetPoor
801056,Solanum dulcamara,OpenWetPoor
801057,Solanum dulcamara,OpenWetPoor
801076,Solanum dulcamara,OpenWetPoor
803344,Solanum dulcamara,OpenWetPoor
803345,Solanum dulcamara,OpenWetPoor
803347,Solanum dulcamara,OpenWetPoor
803348,Solanum dulcamara,OpenWetPoor
803357,Solanum dulcamara,OpenWetPoor
803358,Solanum dulcamara,OpenWetPoor
803375,Solanum dulcamara,OpenWetPoor
803376,Solanum dulcamara,OpenWetPoor
805644,Solanum dulcamara,OpenWetPoor
805645,Solanum dulcamara,OpenWetPoor
805647,Solanum dulcamara,OpenWetPoor
805655,Solanum dulcamara,OpenWetPoor
805657,Solanum dulcamara,OpenWetPoor
807945,Solanum dulcamara,OpenWetPoor
807955,Solanum dulcamara,OpenWetPoor
807956,Solanum dulcamara,OpenWetPoor
807976,Solanum dulcamara,OpenWetPoor
810247,Solanum dulcamara,OpenWetPoor
810256,Solanum dulcamara,OpenWetPoor
810277,Solanum dulcamara,OpenWetPoor
810278,Solanum dulcamara,OpenWetPoor
810279,Solanum dulcamara,OpenWetPoor
810368,Solanum dulcamara,OpenWetPoor
812519,Solanum dulcamara,OpenWetPoor
812520,Solanum dulcamara,OpenWetPoor
812546,Solanum dulcamara,OpenWetPoor
812547,Solanum dulcamara,OpenWetPoor
812548,Solanum dulcamara,OpenWetPoor
812549,Solanum dulcamara,OpenWetPoor
812551,Solanum dulcamara,OpenWetPoor
812667,Solanum dulcamara,OpenWetPoor
812668,Solanum dulcamara,OpenWetPoor
814693,Solanum dulcamara,OpenWetPoor
814694,Solanum dulcamara,OpenWetPoor
814846,Solanum dulcamara,OpenWetPoor
814847,Solanum dulcamara,OpenWetPoor
814849,Solanum dulcamara,OpenWetPoor
814850,Solanum dulcamara,OpenWetPoor
814851,Solanum dulcamara,OpenWetPoor
814852,Solanum dulcamara,OpenWetPoor
814853,Solanum dulcamara,OpenWetPoor
814966,Solanum dulcamara,OpenWetPoor
814967,Solanum dulcamara,OpenWetPoor
816993,Solanum dulcamara,OpenWetPoor
816994,Solanum dulcamara,OpenWetPoor
817123,Solanum dulcamara,OpenWetPoor
817124,Solanum dulcamara,OpenWetPoor
817126,Solanum dulcamara,OpenWetPoor
817146,Solanum dulcamara,OpenWetPoor
817147,Solanum dulcamara,OpenWetPoor
817148,Solanum dulcamara,OpenWetPoor
817149,Solanum dulcamara,OpenWetPoor
817150,Solanum dulcamara,OpenWetPoor
817152,Solanum dulcamara,OpenWetPoor
817155,Solanum dulcamara,OpenWetPoor
817265,Solanum dulcamara,OpenWetPoor
817266,Solanum dulcamara,OpenWetPoor
817267,Solanum dulcamara,OpenWetPoor
819294,Solanum dulcamara,OpenWetPoor
819296,Solanum dulcamara,OpenWetPoor
819297,Solanum dulcamara,OpenWetPoor
819305,Solanum dulcamara,OpenWetPoor
819423,Solanum dulcamara,OpenWetPoor
819425,Solanum dulcamara,OpenWetPoor
819426,Solanum dulcamara,OpenWetPoor
819427,Solanum dulcamara,OpenWetPoor
819447,Solanum dulcamara,OpenWetPoor
819448,Solanum dulcamara,OpenWetPoor
819449,Solanum dulcamara,OpenWetPoor
819450,Solanum dulcamara,OpenWetPoor
819451,Solanum dulcamara,OpenWetPoor
819453,Solanum dulcamara,OpenWetPoor
819454,Solanum dulcamara,OpenWetPoor
819455,Solanum dulcamara,OpenWetPoor
819564,Solanum dulcamara,OpenWetPoor
819565,Solanum dulcamara,OpenWetPoor
819566,Solanum dulcamara,OpenWetPoor
819567,Solanum dulcamara,OpenWetPoor
821594,Solanum dulcamara,OpenWetPoor
821595,Solanum dulcamara,OpenWetPoor
821596,Solanum dulcamara,OpenWetPoor
821727,Solanum dulcamara,OpenWetPoor
821728,Solanum dulcamara,OpenWetPoor
821750,Solanum dulcamara,OpenWetPoor
821753,Solanum dulcamara,OpenWetPoor
821754,Solanum dulcamara,OpenWetPoor
821755,Solanum dulcamara,OpenWetPoor
821866,Solanum dulcamara,OpenWetPoor
823975,Solanum dulcamara,OpenWetPoor
823976,Solanum dulcamara,OpenWetPoor
823977,Solanum dulcamara,OpenWetPoor
823978,Solanum dulcamara,OpenWetPoor
823979,Solanum dulcamara,OpenWetPoor
824027,Solanum dulcamara,OpenWetPoor
824028,Solanum dulcamara,OpenWetPoor
824052,Solanum dulcamara,OpenWetPoor
824053,Solanum dulcamara,OpenWetPoor
824065,Solanum dulcamara,OpenWetPoor
824066,Solanum dulcamara,OpenWetPoor
824067,Solanum dulcamara,OpenWetPoor
824135,Solanum dulcamara,OpenWetPoor
826275,Solanum dulcamara,OpenWetPoor
826276,Solanum dulcamara,OpenWetPoor
826277,Solanum dulcamara,OpenWetPoor
826279,Solanum dulcamara,OpenWetPoor
826364,Solanum dulcamara,OpenWetPoor
826365,Solanum dulcamara,OpenWetPoor
826366,Solanum dulcamara,OpenWetPoor
826367,Solanum dulcamara,OpenWetPoor
826368,Solanum dulcamara,OpenWetPoor
826436,Solanum dulcamara,OpenWetPoor
826437,Solanum dulcamara,OpenWetPoor
826438,Solanum dulcamara,OpenWetPoor
828575,Solanum dulcamara,OpenWetPoor
828576,Solanum dulcamara,OpenWetPoor
828577,Solanum dulcamara,OpenWetPoor
828664,Solanum dulcamara,OpenWetPoor
828665,Solanum dulcamara,OpenWetPoor
828666,Solanum dulcamara,OpenWetPoor
828667,Solanum dulcamara,OpenWetPoor
828668,Solanum dulcamara,OpenWetPoor
828737,Solanum dulcamara,OpenWetPoor
828738,Solanum dulcamara,OpenWetPoor
830757,Solanum dulcamara,OpenWetPoor
830875,Solanum dulcamara,OpenWetPoor
830876,Solanum dulcamara,OpenWetPoor
830935,Solanum dulcamara,OpenWetPoor
830936,Solanum dulcamara,OpenWetPoor
830964,Solanum dulcamara,OpenWetPoor
830965,Solanum dulcamara,OpenWetPoor
830966,Solanum dulcamara,OpenWetPoor
830967,Solanum dulcamara,OpenWetPoor
831035,Solanum dulcamara,OpenWetPoor
831037,Solanum dulcamara,OpenWetPoor
831045,Solanum dulcamara,OpenWetPoor
833056,Solanum dulcamara,OpenWetPoor
833057,Solanum dulcamara,OpenWetPoor
833058,Solanum dulcamara,OpenWetPoor
833235,Solanum dulcamara,OpenWetPoor
833236,Solanum dulcamara,OpenWetPoor
833237,Solanum dulcamara,OpenWetPoor
833238,Solanum dulcamara,OpenWetPoor
833266,Solanum dulcamara,OpenWetPoor
833267,Solanum dulcamara,OpenWetPoor
833335,Solanum dulcamara,OpenWetPoor
833336,Solanum dulcamara,OpenWetPoor
833337,Solanum dulcamara,OpenWetPoor
833341,Solanum dulcamara,OpenWetPoor
835354,Solanum dulcamara,OpenWetPoor
835355,Solanum dulcamara,OpenWetPoor
835356,Solanum dulcamara,OpenWetPoor
835357,Solanum dulcamara,OpenWetPoor
835358,Solanum dulcamara,OpenWetPoor
835535,Solanum dulcamara,OpenWetPoor
835536,Solanum dulcamara,OpenWetPoor
835537,Solanum dulcamara,OpenWetPoor
835538,Solanum dulcamara,OpenWetPoor
835616,Solanum dulcamara,OpenWetPoor
835641,Solanum dulcamara,OpenWetPoor
835642,Solanum dulcamara,OpenWetPoor
835643,Solanum dulcamara,OpenWetPoor
837655,Solanum dulcamara,OpenWetPoor
837656,Solanum dulcamara,OpenWetPoor
837657,Solanum dulcamara,OpenWetPoor
837658,Solanum dulcamara,OpenWetPoor
837659,Solanum dulcamara,OpenWetPoor
837666,Solanum dulcamara,OpenWetPoor
837667,Solanum dulcamara,OpenWetPoor
837668,Solanum dulcamara,OpenWetPoor
837669,Solanum dulcamara,OpenWetPoor
837870,Solanum dulcamara,OpenWetPoor
837871,Solanum dulcamara,OpenWetPoor
837872,Solanum dulcamara,OpenWetPoor
837873,Solanum dulcamara,OpenWetPoor
837916,Solanum dulcamara,OpenWetPoor
837928,Solanum dulcamara,OpenWetPoor
837929,Solanum dulcamara,OpenWetPoor
837942,Solanum dulcamara,OpenWetPoor
837943,Solanum dulcamara,OpenWetPoor
837944,Solanum dulcamara,OpenWetPoor
837945,Solanum dulcamara,OpenWetPoor
839955,Solanum dulcamara,OpenWetPoor
839956,Solanum dulcamara,OpenWetPoor
839957,Solanum dulcamara,OpenWetPoor
839958,Solanum dulcamara,OpenWetPoor
839967,Solanum dulcamara,OpenWetPoor
839968,Solanum dulcamara,OpenWetPoor
839969,Solanum dulcamara,OpenWetPoor
840172,Solanum dulcamara,OpenWetPoor
840173,Solanum dulcamara,OpenWetPoor
840177,Solanum dulcamara,OpenWetPoor
840178,Solanum dulcamara,OpenWetPoor
840219,Solanum dulcamara,OpenWetPoor
840229,Solanum dulcamara,OpenWetPoor
840230,Solanum dulcamara,OpenWetPoor
840231,Solanum dulcamara,OpenWetPoor
842239,Solanum dulcamara,OpenWetPoor
842240,Solanum dulcamara,OpenWetPoor
842241,Solanum dulcamara,OpenWetPoor
842242,Solanum dulcamara,OpenWetPoor
842243,Solanum dulcamara,OpenWetPoor
842251,Solanum dulcamara,OpenWetPoor
842256,Solanum dulcamara,OpenWetPoor
842257,Solanum dulcamara,OpenWetPoor
842268,Solanum dulcamara,OpenWetPoor
842269,Solanum dulcamara,OpenWetPoor
842472,Solanum dulcamara,OpenWetPoor
842473,Solanum dulcamara,OpenWetPoor
842474,Solanum dulcamara,OpenWetPoor
842475,Solanum dulcamara,OpenWetPoor
842478,Solanum dulcamara,OpenWetPoor
842530,Solanum dulcamara,OpenWetPoor
842531,Solanum dulcamara,OpenWetPoor
844531,Solanum dulcamara,OpenWetPoor
844532,Solanum dulcamara,OpenWetPoor
844538,Solanum dulcamara,OpenWetPoor
844539,Solanum dulcamara,OpenWetPoor
844540,Solanum dulcamara,OpenWetPoor
844568,Solanum dulcamara,OpenWetPoor
844774,Solanum dulcamara,OpenWetPoor
844775,Solanum dulcamara,OpenWetPoor
844777,Solanum dulcamara,OpenWetPoor
844778,Solanum dulcamara,OpenWetPoor
844831,Solanum dulcamara,OpenWetPoor
844832,Solanum dulcamara,OpenWetPoor
844834,Solanum dulcamara,OpenWetPoor
846750,Solanum dulcamara,OpenWetPoor
846751,Solanum dulcamara,OpenWetPoor
846838,Solanum dulcamara,OpenWetPoor
847056,Solanum dulcamara,OpenWetPoor
847071,Solanum dulcamara,OpenWetPoor
847072,Solanum dulcamara,OpenWetPoor
847073,Solanum dulcamara,OpenWetPoor
847077,Solanum dulcamara,OpenWetPoor
847082,Solanum dulcamara,OpenWetPoor
847084,Solanum dulcamara,OpenWetPoor
847085,Solanum dulcamara,OpenWetPoor
847130,Solanum dulcamara,OpenWetPoor
847131,Solanum dulcamara,OpenWetPoor
847133,Solanum dulcamara,OpenWetPoor
847134,Solanum dulcamara,OpenWetPoor
849021,Solanum dulcamara,OpenWetPoor
849037,Solanum dulcamara,OpenWetPoor
849050,Solanum dulcamara,OpenWetPoor
849051,Solanum dulcamara,OpenWetPoor
849052,Solanum dulcamara,OpenWetPoor
849053,Solanum dulcamara,OpenWetPoor
849054,Solanum dulcamara,OpenWetPoor
849124,Solanum dulcamara,OpenWetPoor
849138,Solanum dulcamara,OpenWetPoor
849354,Solanum dulcamara,OpenWetPoor
849355,Solanum dulcamara,OpenWetPoor
849356,Solanum dulcamara,OpenWetPoor
849368,Solanum dulcamara,OpenWetPoor
849374,Solanum dulcamara,OpenWetPoor
849375,Solanum dulcamara,OpenWetPoor
849376,Solanum dulcamara,OpenWetPoor
849377,Solanum dulcamara,OpenWetPoor
849378,Solanum dulcamara,OpenWetPoor
849381,Solanum dulcamara,OpenWetPoor
849383,Solanum dulcamara,OpenWetPoor
849385,Solanum dulcamara,OpenWetPoor
849386,Solanum dulcamara,OpenWetPoor
849387,Solanum dulcamara,OpenWetPoor
849429,Solanum dulcamara,OpenWetPoor
849430,Solanum dulcamara,OpenWetPoor
849431,Solanum dulcamara,OpenWetPoor
849432,Solanum dulcamara,OpenWetPoor
849433,Solanum dulcamara,OpenWetPoor
851422,Solanum dulcamara,OpenWetPoor
851423,Solanum dulcamara,OpenWetPoor
851445,Solanum dulcamara,OpenWetPoor
851446,Solanum dulcamara,OpenWetPoor
851621,Solanum dulcamara,OpenWetPoor
851655,Solanum dulcamara,OpenWetPoor
851656,Solanum dulcamara,OpenWetPoor
851657,Solanum dulcamara,OpenWetPoor
851658,Solanum dulcamara,OpenWetPoor
851667,Solanum dulcamara,OpenWetPoor
851668,Solanum dulcamara,OpenWetPoor
851669,Solanum dulcamara,OpenWetPoor
851675,Solanum dulcamara,OpenWetPoor
851677,Solanum dulcamara,OpenWetPoor
851680,Solanum dulcamara,OpenWetPoor
851681,Solanum dulcamara,OpenWetPoor
851682,Solanum dulcamara,OpenWetPoor
851683,Solanum dulcamara,OpenWetPoor
851684,Solanum dulcamara,OpenWetPoor
851685,Solanum dulcamara,OpenWetPoor
851686,Solanum dulcamara,OpenWetPoor
851687,Solanum dulcamara,OpenWetPoor
851730,Solanum dulcamara,OpenWetPoor
851731,Solanum dulcamara,OpenWetPoor
851732,Solanum dulcamara,OpenWetPoor
853721,Solanum dulcamara,OpenWetPoor
853722,Solanum dulcamara,OpenWetPoor
853745,Solanum dulcamara,OpenWetPoor
853746,Solanum dulcamara,OpenWetPoor
853921,Solanum dulcamara,OpenWetPoor
853955,Solanum dulcamara,OpenWetPoor
853956,Solanum dulcamara,OpenWetPoor
853957,Solanum dulcamara,OpenWetPoor
853958,Solanum dulcamara,OpenWetPoor
853965,Solanum dulcamara,OpenWetPoor
853966,Solanum dulcamara,OpenWetPoor
853968,Solanum dulcamara,OpenWetPoor
853969,Solanum dulcamara,OpenWetPoor
853970,Solanum dulcamara,OpenWetPoor
853975,Solanum dulcamara,OpenWetPoor
853976,Solanum dulcamara,OpenWetPoor
853978,Solanum dulcamara,OpenWetPoor
853979,Solanum dulcamara,OpenWetPoor
853980,Solanum dulcamara,OpenWetPoor
853981,Solanum dulcamara,OpenWetPoor
853983,Solanum dulcamara,OpenWetPoor
853984,Solanum dulcamara,OpenWetPoor
853985,Solanum dulcamara,OpenWetPoor
853986,Solanum dulcamara,OpenWetPoor
853987,Solanum dulcamara,OpenWetPoor
853988,Solanum dulcamara,OpenWetPoor
856021,Solanum dulcamara,OpenWetPoor
856022,Solanum dulcamara,OpenWetPoor
856046,Solanum dulcamara,OpenWetPoor
856221,Solanum dulcamara,OpenWetPoor
856255,Solanum dulcamara,OpenWetPoor
856256,Solanum dulcamara,OpenWetPoor
856257,Solanum dulcamara,OpenWetPoor
856265,Solanum dulcamara,OpenWetPoor
856267,Solanum dulcamara,OpenWetPoor
856268,Solanum dulcamara,OpenWetPoor
856270,Solanum dulcamara,OpenWetPoor
856275,Solanum dulcamara,OpenWetPoor
856276,Solanum dulcamara,OpenWetPoor
856278,Solanum dulcamara,OpenWetPoor
856283,Solanum dulcamara,OpenWetPoor
856284,Solanum dulcamara,OpenWetPoor
856285,Solanum dulcamara,OpenWetPoor
856286,Solanum dulcamara,OpenWetPoor
856287,Solanum dulcamara,OpenWetPoor
858564,Solanum dulcamara,OpenWetPoor
858565,Solanum dulcamara,OpenWetPoor
858576,Solanum dulcamara,OpenWetPoor
858577,Solanum dulcamara,OpenWetPoor
858578,Solanum dulcamara,OpenWetPoor
858579,Solanum dulcamara,OpenWetPoor
858585,Solanum dulcamara,OpenWetPoor
858586,Solanum dulcamara,OpenWetPoor
858633,Solanum dulcamara,OpenWetPoor
858634,Solanum dulcamara,OpenWetPoor
858637,Solanum dulcamara,OpenWetPoor
858640,Solanum dulcamara,OpenWetPoor
858641,Solanum dulcamara,OpenWetPoor
858645,Solanum dulcamara,OpenWetPoor
858646,Solanum dulcamara,OpenWetPoor
860864,Solanum dulcamara,OpenWetPoor
860865,Solanum dulcamara,OpenWetPoor
860877,Solanum dulcamara,OpenWetPoor
860879,Solanum dulcamara,OpenWetPoor
860880,Solanum dulcamara,OpenWetPoor
860881,Solanum dulcamara,OpenWetPoor
860882,Solanum dulcamara,OpenWetPoor
860931,Solanum dulcamara,OpenWetPoor
860934,Solanum dulcamara,OpenWetPoor
860935,Solanum dulcamara,OpenWetPoor
860936,Solanum dulcamara,OpenWetPoor
860937,Solanum dulcamara,OpenWetPoor
860938,Solanum dulcamara,OpenWetPoor
860939,Solanum dulcamara,OpenWetPoor
860940,Solanum dulcamara,OpenWetPoor
860941,Solanum dulcamara,OpenWetPoor
860942,Solanum dulcamara,OpenWetPoor
860945,Solanum dulcamara,OpenWetPoor
860946,Solanum dulcamara,OpenWetPoor
860947,Solanum dulcamara,OpenWetPoor
860948,Solanum dulcamara,OpenWetPoor
862958,Solanum dulcamara,OpenWetPoor
862959,Solanum dulcamara,OpenWetPoor
863165,Solanum dulcamara,OpenWetPoor
863166,Solanum dulcamara,OpenWetPoor
863176,Solanum dulcamara,OpenWetPoor
863179,Solanum dulcamara,OpenWetPoor
863181,Solanum dulcamara,OpenWetPoor
863182,Solanum dulcamara,OpenWetPoor
863184,Solanum dulcamara,OpenWetPoor
863231,Solanum dulcamara,OpenWetPoor
863232,Solanum dulcamara,OpenWetPoor
863233,Solanum dulcamara,OpenWetPoor
863234,Solanum dulcamara,OpenWetPoor
863235,Solanum dulcamara,OpenWetPoor
863237,Solanum dulcamara,OpenWetPoor
863238,Solanum dulcamara,OpenWetPoor
863240,Solanum dulcamara,OpenWetPoor
863241,Solanum dulcamara,OpenWetPoor
863242,Solanum dulcamara,OpenWetPoor
863243,Solanum dulcamara,OpenWetPoor
863246,Solanum dulcamara,OpenWetPoor
863249,Solanum dulcamara,OpenWetPoor
865138,Solanum dulcamara,OpenWetPoor
865139,Solanum dulcamara,OpenWetPoor
865194,Solanum dulcamara,OpenWetPoor
865195,Solanum dulcamara,OpenWetPoor
865260,Solanum dulcamara,OpenWetPoor
865261,Solanum dulcamara,OpenWetPoor
865477,Solanum dulcamara,OpenWetPoor
865478,Solanum dulcamara,OpenWetPoor
865479,Solanum dulcamara,OpenWetPoor
865483,Solanum dulcamara,OpenWetPoor
865487,Solanum dulcamara,OpenWetPoor
865488,Solanum dulcamara,OpenWetPoor
865531,Solanum dulcamara,OpenWetPoor
865532,Solanum dulcamara,OpenWetPoor
865533,Solanum dulcamara,OpenWetPoor
865534,Solanum dulcamara,OpenWetPoor
865535,Solanum dulcamara,OpenWetPoor
865536,Solanum dulcamara,OpenWetPoor
865537,Solanum dulcamara,OpenWetPoor
865541,Solanum dulcamara,OpenWetPoor
865542,Solanum dulcamara,OpenWetPoor
865543,Solanum dulcamara,OpenWetPoor
865544,Solanum dulcamara,OpenWetPoor
865545,Solanum dulcamara,OpenWetPoor
865546,Solanum dulcamara,OpenWetPoor
865547,Solanum dulcamara,OpenWetPoor
865548,Solanum dulcamara,OpenWetPoor
867433,Solanum dulcamara,OpenWetPoor
867494,Solanum dulcamara,OpenWetPoor
867495,Solanum dulcamara,OpenWetPoor
867496,Solanum dulcamara,OpenWetPoor
867497,Solanum dulcamara,OpenWetPoor
867514,Solanum dulcamara,OpenWetPoor
867769,Solanum dulcamara,OpenWetPoor
867770,Solanum dulcamara,OpenWetPoor
867771,Solanum dulcamara,OpenWetPoor
867772,Solanum dulcamara,OpenWetPoor
867773,Solanum dulcamara,OpenWetPoor
867779,Solanum dulcamara,OpenWetPoor
867780,Solanum dulcamara,OpenWetPoor
867783,Solanum dulcamara,OpenWetPoor
867784,Solanum dulcamara,OpenWetPoor
867785,Solanum dulcamara,OpenWetPoor
867786,Solanum dulcamara,OpenWetPoor
867787,Solanum dulcamara,OpenWetPoor
867790,Solanum dulcamara,OpenWetPoor
867835,Solanum dulcamara,OpenWetPoor
867836,Solanum dulcamara,OpenWetPoor
867838,Solanum dulcamara,OpenWetPoor
867839,Solanum dulcamara,OpenWetPoor
867841,Solanum dulcamara,OpenWetPoor
867842,Solanum dulcamara,OpenWetPoor
867843,Solanum dulcamara,OpenWetPoor
867844,Solanum dulcamara,OpenWetPoor
867845,Solanum dulcamara,OpenWetPoor
867846,Solanum dulcamara,OpenWetPoor
867848,Solanum dulcamara,OpenWetPoor
867850,Solanum dulcamara,OpenWetPoor
869733,Solanum dulcamara,OpenWetPoor
869739,Solanum dulcamara,OpenWetPoor
869740,Solanum dulcamara,OpenWetPoor
869741,Solanum dulcamara,OpenWetPoor
869793,Solanum dulcamara,OpenWetPoor
869794,Solanum dulcamara,OpenWetPoor
869796,Solanum dulcamara,OpenWetPoor
869875,Solanum dulcamara,OpenWetPoor
870069,Solanum dulcamara,OpenWetPoor
870070,Solanum dulcamara,OpenWetPoor
870072,Solanum dulcamara,OpenWetPoor
870073,Solanum dulcamara,OpenWetPoor
870074,Solanum dulcamara,OpenWetPoor
870080,Solanum dulcamara,OpenWetPoor
870081,Solanum dulcamara,OpenWetPoor
870084,Solanum dulcamara,OpenWetPoor
870086,Solanum dulcamara,OpenWetPoor
870087,Solanum dulcamara,OpenWetPoor
870088,Solanum dulcamara,OpenWetPoor
870089,Solanum dulcamara,OpenWetPoor
870090,Solanum dulcamara,OpenWetPoor
870139,Solanum dulcamara,OpenWetPoor
870142,Solanum dulcamara,OpenWetPoor
870143,Solanum dulcamara,OpenWetPoor
870145,Solanum dulcamara,OpenWetPoor
870146,Solanum dulcamara,OpenWetPoor
870147,Solanum dulcamara,OpenWetPoor
870149,Solanum dulcamara,OpenWetPoor
870150,Solanum dulcamara,OpenWetPoor
872033,Solanum dulcamara,OpenWetPoor
872034,Solanum dulcamara,OpenWetPoor
872042,Solanum dulcamara,OpenWetPoor
872043,Solanum dulcamara,OpenWetPoor
872094,Solanum dulcamara,OpenWetPoor
872111,Solanum dulcamara,OpenWetPoor
872370,Solanum dulcamara,OpenWetPoor
872371,Solanum dulcamara,OpenWetPoor
872372,Solanum dulcamara,OpenWetPoor
872373,Solanum dulcamara,OpenWetPoor
872381,Solanum dulcamara,OpenWetPoor
872382,Solanum dulcamara,OpenWetPoor
872384,Solanum dulcamara,OpenWetPoor
872385,Solanum dulcamara,OpenWetPoor
872386,Solanum dulcamara,OpenWetPoor
872387,Solanum dulcamara,OpenWetPoor
872388,Solanum dulcamara,OpenWetPoor
872390,Solanum dulcamara,OpenWetPoor
872391,Solanum dulcamara,OpenWetPoor
872423,Solanum dulcamara,OpenWetPoor
872425,Solanum dulcamara,OpenWetPoor
872426,Solanum dulcamara,OpenWetPoor
872447,Solanum dulcamara,OpenWetPoor
872448,Solanum dulcamara,OpenWetPoor
872449,Solanum dulcamara,OpenWetPoor
874332,Solanum dulcamara,OpenWetPoor
874334,Solanum dulcamara,OpenWetPoor
874337,Solanum dulcamara,OpenWetPoor
874411,Solanum dulcamara,OpenWetPoor
874412,Solanum dulcamara,OpenWetPoor
874672,Solanum dulcamara,OpenWetPoor
874673,Solanum dulcamara,OpenWetPoor
874682,Solanum dulcamara,OpenWetPoor
874683,Solanum dulcamara,OpenWetPoor
874684,Solanum dulcamara,OpenWetPoor
874685,Solanum dulcamara,OpenWetPoor
874686,Solanum dulcamara,OpenWetPoor
874688,Solanum dulcamara,OpenWetPoor
874689,Solanum dulcamara,OpenWetPoor
874690,Solanum dulcamara,OpenWetPoor
874726,Solanum dulcamara,OpenWetPoor
874738,Solanum dulcamara,OpenWetPoor
874739,Solanum dulcamara,OpenWetPoor
874746,Solanum dulcamara,OpenWetPoor
874752,Solanum dulcamara,OpenWetPoor
876635,Solanum dulcamara,OpenWetPoor
876639,Solanum dulcamara,OpenWetPoor
876640,Solanum dulcamara,OpenWetPoor
876712,Solanum dulcamara,OpenWetPoor
876925,Solanum dulcamara,OpenWetPoor
876926,Solanum dulcamara,OpenWetPoor
876982,Solanum dulcamara,OpenWetPoor
876983,Solanum dulcamara,OpenWetPoor
876989,Solanum dulcamara,OpenWetPoor
876990,Solanum dulcamara,OpenWetPoor
877024,Solanum dulcamara,OpenWetPoor
877039,Solanum dulcamara,OpenWetPoor
877040,Solanum dulcamara,OpenWetPoor
877041,Solanum dulcamara,OpenWetPoor
877042,Solanum dulcamara,OpenWetPoor
877043,Solanum dulcamara,OpenWetPoor
877049,Solanum dulcamara,OpenWetPoor
877052,Solanum dulcamara,OpenWetPoor
877053,Solanum dulcamara,OpenWetPoor
878930,Solanum dulcamara,OpenWetPoor
878934,Solanum dulcamara,OpenWetPoor
878945,Solanum dulcamara,OpenWetPoor
879013,Solanum dulcamara,OpenWetPoor
879226,Solanum dulcamara,OpenWetPoor
879258,Solanum dulcamara,OpenWetPoor
879264,Solanum dulcamara,OpenWetPoor
879282,Solanum dulcamara,OpenWetPoor
879283,Solanum dulcamara,OpenWetPoor
879284,Solanum dulcamara,OpenWetPoor
879285,Solanum dulcamara,OpenWetPoor
879339,Solanum dulcamara,OpenWetPoor
879340,Solanum dulcamara,OpenWetPoor
879342,Solanum dulcamara,OpenWetPoor
879343,Solanum dulcamara,OpenWetPoor
879344,Solanum dulcamara,OpenWetPoor
879350,Solanum dulcamara,OpenWetPoor
879351,Solanum dulcamara,OpenWetPoor
881230,Solanum dulcamara,OpenWetPoor
881244,Solanum dulcamara,OpenWetPoor
881245,Solanum dulcamara,OpenWetPoor
881526,Solanum dulcamara,OpenWetPoor
881528,Solanum dulcamara,OpenWetPoor
881529,Solanum dulcamara,OpenWetPoor
881530,Solanum dulcamara,OpenWetPoor
881557,Solanum dulcamara,OpenWetPoor
881558,Solanum dulcamara,OpenWetPoor
881559,Solanum dulcamara,OpenWetPoor
881561,Solanum dulcamara,OpenWetPoor
881563,Solanum dulcamara,OpenWetPoor
881564,Solanum dulcamara,OpenWetPoor
881584,Solanum dulcamara,OpenWetPoor
881585,Solanum dulcamara,OpenWetPoor
881586,Solanum dulcamara,OpenWetPoor
881587,Solanum dulcamara,OpenWetPoor
881603,Solanum dulcamara,OpenWetPoor
881604,Solanum dulcamara,OpenWetPoor
881639,Solanum dulcamara,OpenWetPoor
881641,Solanum dulcamara,OpenWetPoor
881642,Solanum dulcamara,OpenWetPoor
881643,Solanum dulcamara,OpenWetPoor
881644,Solanum dulcamara,OpenWetPoor
881645,Solanum dulcamara,OpenWetPoor
883530,Solanum dulcamara,OpenWetPoor
883532,Solanum dulcamara,OpenWetPoor
883538,Solanum dulcamara,OpenWetPoor
883539,Solanum dulcamara,OpenWetPoor
883540,Solanum dulcamara,OpenWetPoor
883541,Solanum dulcamara,OpenWetPoor
883829,Solanum dulcamara,OpenWetPoor
883857,Solanum dulcamara,OpenWetPoor
883858,Solanum dulcamara,OpenWetPoor
883859,Solanum dulcamara,OpenWetPoor
883861,Solanum dulcamara,OpenWetPoor
883862,Solanum dulcamara,OpenWetPoor
883863,Solanum dulcamara,OpenWetPoor
883871,Solanum dulcamara,OpenWetPoor
883883,Solanum dulcamara,OpenWetPoor
883884,Solanum dulcamara,OpenWetPoor
883886,Solanum dulcamara,OpenWetPoor
883887,Solanum dulcamara,OpenWetPoor
883888,Solanum dulcamara,OpenWetPoor
883902,Solanum dulcamara,OpenWetPoor
883903,Solanum dulcamara,OpenWetPoor
883904,Solanum dulcamara,OpenWetPoor
883905,Solanum dulcamara,OpenWetPoor
883939,Solanum dulcamara,OpenWetPoor
883940,Solanum dulcamara,OpenWetPoor
883942,Solanum dulcamara,OpenWetPoor
883943,Solanum dulcamara,OpenWetPoor
883950,Solanum dulcamara,OpenWetPoor
885831,Solanum dulcamara,OpenWetPoor
885832,Solanum dulcamara,OpenWetPoor
885833,Solanum dulcamara,OpenWetPoor
885839,Solanum dulcamara,OpenWetPoor
885840,Solanum dulcamara,OpenWetPoor
885911,Solanum dulcamara,OpenWetPoor
886068,Solanum dulcamara,OpenWetPoor
886069,Solanum dulcamara,OpenWetPoor
886070,Solanum dulcamara,OpenWetPoor
886130,Solanum dulcamara,OpenWetPoor
886158,Solanum dulcamara,OpenWetPoor
886159,Solanum dulcamara,OpenWetPoor
886160,Solanum dulcamara,OpenWetPoor
886161,Solanum dulcamara,OpenWetPoor
886162,Solanum dulcamara,OpenWetPoor
886174,Solanum dulcamara,OpenWetPoor
886175,Solanum dulcamara,OpenWetPoor
886184,Solanum dulcamara,OpenWetPoor
886186,Solanum dulcamara,OpenWetPoor
886187,Solanum dulcamara,OpenWetPoor
886188,Solanum dulcamara,OpenWetPoor
886195,Solanum dulcamara,OpenWetPoor
886202,Solanum dulcamara,OpenWetPoor
886204,Solanum dulcamara,OpenWetPoor
886239,Solanum dulcamara,OpenWetPoor
886240,Solanum dulcamara,OpenWetPoor
886241,Solanum dulcamara,OpenWetPoor
886242,Solanum dulcamara,OpenWetPoor
886243,Solanum dulcamara,OpenWetPoor
888130,Solanum dulcamara,OpenWetPoor
888211,Solanum dulcamara,OpenWetPoor
888212,Solanum dulcamara,OpenWetPoor
888368,Solanum dulcamara,OpenWetPoor
888369,Solanum dulcamara,OpenWetPoor
888370,Solanum dulcamara,OpenWetPoor
888371,Solanum dulcamara,OpenWetPoor
888430,Solanum dulcamara,OpenWetPoor
888431,Solanum dulcamara,OpenWetPoor
888434,Solanum dulcamara,OpenWetPoor
888435,Solanum dulcamara,OpenWetPoor
888459,Solanum dulcamara,OpenWetPoor
888460,Solanum dulcamara,OpenWetPoor
888475,Solanum dulcamara,OpenWetPoor
888476,Solanum dulcamara,OpenWetPoor
888487,Solanum dulcamara,OpenWetPoor
888502,Solanum dulcamara,OpenWetPoor
888503,Solanum dulcamara,OpenWetPoor
888504,Solanum dulcamara,OpenWetPoor
888505,Solanum dulcamara,OpenWetPoor
888506,Solanum dulcamara,OpenWetPoor
888542,Solanum dulcamara,OpenWetPoor
888543,Solanum dulcamara,OpenWetPoor
888547,Solanum dulcamara,OpenWetPoor
888549,Solanum dulcamara,OpenWetPoor
890432,Solanum dulcamara,OpenWetPoor
890667,Solanum dulcamara,OpenWetPoor
890668,Solanum dulcamara,OpenWetPoor
890669,Solanum dulcamara,OpenWetPoor
890670,Solanum dulcamara,OpenWetPoor
890671,Solanum dulcamara,OpenWetPoor
890733,Solanum dulcamara,OpenWetPoor
890735,Solanum dulcamara,OpenWetPoor
890758,Solanum dulcamara,OpenWetPoor
890759,Solanum dulcamara,OpenWetPoor
890760,Solanum dulcamara,OpenWetPoor
890787,Solanum dulcamara,OpenWetPoor
890788,Solanum dulcamara,OpenWetPoor
890795,Solanum dulcamara,OpenWetPoor
890796,Solanum dulcamara,OpenWetPoor
890797,Solanum dulcamara,OpenWetPoor
890798,Solanum dulcamara,OpenWetPoor
890799,Solanum dulcamara,OpenWetPoor
890803,Solanum dulcamara,OpenWetPoor
890804,Solanum dulcamara,OpenWetPoor
890805,Solanum dulcamara,OpenWetPoor
890846,Solanum dulcamara,OpenWetPoor
890849,Solanum dulcamara,OpenWetPoor
892732,Solanum dulcamara,OpenWetPoor
892968,Solanum dulcamara,OpenWetPoor
892970,Solanum dulcamara,OpenWetPoor
893032,Solanum dulcamara,OpenWetPoor
893033,Solanum dulcamara,OpenWetPoor
893038,Solanum dulcamara,OpenWetPoor
893058,Solanum dulcamara,OpenWetPoor
893060,Solanum dulcamara,OpenWetPoor
893095,Solanum dulcamara,OpenWetPoor
893096,Solanum dulcamara,OpenWetPoor
893097,Solanum dulcamara,OpenWetPoor
893098,Solanum dulcamara,OpenWetPoor
893104,Solanum dulcamara,OpenWetPoor
893148,Solanum dulcamara,OpenWetPoor
893149,Solanum dulcamara,OpenWetPoor
895039,Solanum dulcamara,OpenWetPoor
895270,Solanum dulcamara,OpenWetPoor
895333,Solanum dulcamara,OpenWetPoor
895334,Solanum dulcamara,OpenWetPoor
895359,Solanum dulcamara,OpenWetPoor
895360,Solanum dulcamara,OpenWetPoor
895381,Solanum dulcamara,OpenWetPoor
897339,Solanum dulcamara,OpenWetPoor
897340,Solanum dulcamara,OpenWetPoor
897572,Solanum dulcamara,OpenWetPoor
897574,Solanum dulcamara,OpenWetPoor
897634,Solanum dulcamara,OpenWetPoor
897636,Solanum dulcamara,OpenWetPoor
897637,Solanum dulcamara,OpenWetPoor
897658,Solanum dulcamara,OpenWetPoor
897659,Solanum dulcamara,OpenWetPoor
897660,Solanum dulcamara,OpenWetPoor
897678,Solanum dulcamara,OpenWetPoor
897683,Solanum dulcamara,OpenWetPoor
899640,Solanum dulcamara,OpenWetPoor
899641,Solanum dulcamara,OpenWetPoor
899934,Solanum dulcamara,OpenWetPoor
899936,Solanum dulcamara,OpenWetPoor
899937,Solanum dulcamara,OpenWetPoor
899959,Solanum dulcamara,OpenWetPoor
899979,Solanum dulcamara,OpenWetPoor
899980,Solanum dulcamara,OpenWetPoor
899981,Solanum dulcamara,OpenWetPoor
899984,Solanum dulcamara,OpenWetPoor
899985,Solanum dulcamara,OpenWetPoor
899987,Solanum dulcamara,OpenWetPoor
899988,Solanum dulcamara,OpenWetPoor
899989,Solanum dulcamara,OpenWetPoor
901885,Solanum dulcamara,OpenWetPoor
901941,Solanum dulcamara,OpenWetPoor
902241,Solanum dulcamara,OpenWetPoor
902242,Solanum dulcamara,OpenWetPoor
902258,Solanum dulcamara,OpenWetPoor
902259,Solanum dulcamara,OpenWetPoor
902260,Solanum dulcamara,OpenWetPoor
902261,Solanum dulcamara,OpenWetPoor
902277,Solanum dulcamara,OpenWetPoor
902281,Solanum dulcamara,OpenWetPoor
902282,Solanum dulcamara,OpenWetPoor
902283,Solanum dulcamara,OpenWetPoor
902284,Solanum dulcamara,OpenWetPoor
902285,Solanum dulcamara,OpenWetPoor
902286,Solanum dulcamara,OpenWetPoor
902288,Solanum dulcamara,OpenWetPoor
902289,Solanum dulcamara,OpenWetPoor
904185,Solanum dulcamara,OpenWetPoor
904186,Solanum dulcamara,OpenWetPoor
904187,Solanum dulcamara,OpenWetPoor
904297,Solanum dulcamara,OpenWetPoor
904298,Solanum dulcamara,OpenWetPoor
904541,Solanum dulcamara,OpenWetPoor
904545,Solanum dulcamara,OpenWetPoor
904560,Solanum dulcamara,OpenWetPoor
904576,Solanum dulcamara,OpenWetPoor
904578,Solanum dulcamara,OpenWetPoor
904581,Solanum dulcamara,OpenWetPoor
904582,Solanum dulcamara,OpenWetPoor
904584,Solanum dulcamara,OpenWetPoor
904585,Solanum dulcamara,OpenWetPoor
904586,Solanum dulcamara,OpenWetPoor
904587,Solanum dulcamara,OpenWetPoor
904588,Solanum dulcamara,OpenWetPoor
904589,Solanum dulcamara,OpenWetPoor
904590,Solanum dulcamara,OpenWetPoor
906485,Solanum dulcamara,OpenWetPoor
906486,Solanum dulcamara,OpenWetPoor
906487,Solanum dulcamara,OpenWetPoor
906488,Solanum dulcamara,OpenWetPoor
906508,Solanum dulcamara,OpenWetPoor
906509,Solanum dulcamara,OpenWetPoor
906597,Solanum dulcamara,OpenWetPoor
906598,Solanum dulcamara,OpenWetPoor
906599,Solanum dulcamara,OpenWetPoor
906600,Solanum dulcamara,OpenWetPoor
906601,Solanum dulcamara,OpenWetPoor
906611,Solanum dulcamara,OpenWetPoor
906844,Solanum dulcamara,OpenWetPoor
906845,Solanum dulcamara,OpenWetPoor
906867,Solanum dulcamara,OpenWetPoor
906874,Solanum dulcamara,OpenWetPoor
906875,Solanum dulcamara,OpenWetPoor
906879,Solanum dulcamara,OpenWetPoor
906882,Solanum dulcamara,OpenWetPoor
906883,Solanum dulcamara,OpenWetPoor
906889,Solanum dulcamara,OpenWetPoor
908787,Solanum dulcamara,OpenWetPoor
908788,Solanum dulcamara,OpenWetPoor
908807,Solanum dulcamara,OpenWetPoor
908808,Solanum dulcamara,OpenWetPoor
908853,Solanum dulcamara,OpenWetPoor
908854,Solanum dulcamara,OpenWetPoor
908897,Solanum dulcamara,OpenWetPoor
908899,Solanum dulcamara,OpenWetPoor
908900,Solanum dulcamara,OpenWetPoor
908901,Solanum dulcamara,OpenWetPoor
908909,Solanum dulcamara,OpenWetPoor
908910,Solanum dulcamara,OpenWetPoor
908911,Solanum dulcamara,OpenWetPoor
908912,Solanum dulcamara,OpenWetPoor
909165,Solanum dulcamara,OpenWetPoor
909166,Solanum dulcamara,OpenWetPoor
909167,Solanum dulcamara,OpenWetPoor
909174,Solanum dulcamara,OpenWetPoor
909177,Solanum dulcamara,OpenWetPoor
909179,Solanum dulcamara,OpenWetPoor
909180,Solanum dulcamara,OpenWetPoor
909181,Solanum dulcamara,OpenWetPoor
911021,Solanum dulcamara,OpenWetPoor
911022,Solanum dulcamara,OpenWetPoor
911087,Solanum dulcamara,OpenWetPoor
911088,Solanum dulcamara,OpenWetPoor
911152,Solanum dulcamara,OpenWetPoor
911154,Solanum dulcamara,OpenWetPoor
911156,Solanum dulcamara,OpenWetPoor
911197,Solanum dulcamara,OpenWetPoor
911198,Solanum dulcamara,OpenWetPoor
911199,Solanum dulcamara,OpenWetPoor
911200,Solanum dulcamara,OpenWetPoor
911465,Solanum dulcamara,OpenWetPoor
911466,Solanum dulcamara,OpenWetPoor
911467,Solanum dulcamara,OpenWetPoor
911468,Solanum dulcamara,OpenWetPoor
911469,Solanum dulcamara,OpenWetPoor
911470,Solanum dulcamara,OpenWetPoor
911471,Solanum dulcamara,OpenWetPoor
911473,Solanum dulcamara,OpenWetPoor
911476,Solanum dulcamara,OpenWetPoor
911477,Solanum dulcamara,OpenWetPoor
911481,Solanum dulcamara,OpenWetPoor
913322,Solanum dulcamara,OpenWetPoor
913323,Solanum dulcamara,OpenWetPoor
913324,Solanum dulcamara,OpenWetPoor
913387,Solanum dulcamara,OpenWetPoor
913406,Solanum dulcamara,OpenWetPoor
913441,Solanum dulcamara,OpenWetPoor
913453,Solanum dulcamara,OpenWetPoor
913455,Solanum dulcamara,OpenWetPoor
913456,Solanum dulcamara,OpenWetPoor
913508,Solanum dulcamara,OpenWetPoor
913510,Solanum dulcamara,OpenWetPoor
913765,Solanum dulcamara,OpenWetPoor
913766,Solanum dulcamara,OpenWetPoor
913768,Solanum dulcamara,OpenWetPoor
913769,Solanum dulcamara,OpenWetPoor
913770,Solanum dulcamara,OpenWetPoor
913771,Solanum dulcamara,OpenWetPoor
913774,Solanum dulcamara,OpenWetPoor
913776,Solanum dulcamara,OpenWetPoor
915623,Solanum dulcamara,OpenWetPoor
915625,Solanum dulcamara,OpenWetPoor
915675,Solanum dulcamara,OpenWetPoor
915676,Solanum dulcamara,OpenWetPoor
915677,Solanum dulcamara,OpenWetPoor
915678,Solanum dulcamara,OpenWetPoor
915679,Solanum dulcamara,OpenWetPoor
915741,Solanum dulcamara,OpenWetPoor
915742,Solanum dulcamara,OpenWetPoor
915753,Solanum dulcamara,OpenWetPoor
915754,Solanum dulcamara,OpenWetPoor
915755,Solanum dulcamara,OpenWetPoor
915756,Solanum dulcamara,OpenWetPoor
915809,Solanum dulcamara,OpenWetPoor
916066,Solanum dulcamara,OpenWetPoor
916067,Solanum dulcamara,OpenWetPoor
916068,Solanum dulcamara,OpenWetPoor
916069,Solanum dulcamara,OpenWetPoor
916070,Solanum dulcamara,OpenWetPoor
916071,Solanum dulcamara,OpenWetPoor
917925,Solanum dulcamara,OpenWetPoor
917926,Solanum dulcamara,OpenWetPoor
917927,Solanum dulcamara,OpenWetPoor
917975,Solanum dulcamara,OpenWetPoor
917976,Solanum dulcamara,OpenWetPoor
918040,Solanum dulcamara,OpenWetPoor
918041,Solanum dulcamara,OpenWetPoor
918042,Solanum dulcamara,OpenWetPoor
918054,Solanum dulcamara,OpenWetPoor
918366,Solanum dulcamara,OpenWetPoor
918367,Solanum dulcamara,OpenWetPoor
918369,Solanum dulcamara,OpenWetPoor
918370,Solanum dulcamara,OpenWetPoor
920228,Solanum dulcamara,OpenWetPoor
920251,Solanum dulcamara,OpenWetPoor
920252,Solanum dulcamara,OpenWetPoor
920275,Solanum dulcamara,OpenWetPoor
920303,Solanum dulcamara,OpenWetPoor
920304,Solanum dulcamara,OpenWetPoor
920305,Solanum dulcamara,OpenWetPoor
920339,Solanum dulcamara,OpenWetPoor
920340,Solanum dulcamara,OpenWetPoor
920341,Solanum dulcamara,OpenWetPoor
920342,Solanum dulcamara,OpenWetPoor
920354,Solanum dulcamara,OpenWetPoor
920665,Solanum dulcamara,OpenWetPoor
920666,Solanum dulcamara,OpenWetPoor
920667,Solanum dulcamara,OpenWetPoor
920669,Solanum dulcamara,OpenWetPoor
922552,Solanum dulcamara,OpenWetPoor
922605,Solanum dulcamara,OpenWetPoor
922606,Solanum dulcamara,OpenWetPoor
922610,Solanum dulcamara,OpenWetPoor
922612,Solanum dulcamara,OpenWetPoor
922614,Solanum dulcamara,OpenWetPoor
922639,Solanum dulcamara,OpenWetPoor
922640,Solanum dulcamara,OpenWetPoor
922641,Solanum dulcamara,OpenWetPoor
922965,Solanum dulcamara,OpenWetPoor
922966,Solanum dulcamara,OpenWetPoor
922969,Solanum dulcamara,OpenWetPoor
924853,Solanum dulcamara,OpenWetPoor
924902,Solanum dulcamara,OpenWetPoor
924906,Solanum dulcamara,OpenWetPoor
924907,Solanum dulcamara,OpenWetPoor
924908,Solanum dulcamara,OpenWetPoor
924910,Solanum dulcamara,OpenWetPoor
924911,Solanum dulcamara,OpenWetPoor
924942,Solanum dulcamara,OpenWetPoor
924943,Solanum dulcamara,OpenWetPoor
925266,Solanum dulcamara,OpenWetPoor
925267,Solanum dulcamara,OpenWetPoor
925268,Solanum dulcamara,OpenWetPoor
925269,Solanum dulcamara,OpenWetPoor
927153,Solanum dulcamara,OpenWetPoor
927211,Solanum dulcamara,OpenWetPoor
927214,Solanum dulcamara,OpenWetPoor
927241,Solanum dulcamara,OpenWetPoor
927242,Solanum dulcamara,OpenWetPoor
927243,Solanum dulcamara,OpenWetPoor
927244,Solanum dulcamara,OpenWetPoor
927245,Solanum dulcamara,OpenWetPoor
927246,Solanum dulcamara,OpenWetPoor
927567,Solanum dulcamara,OpenWetPoor
927568,Solanum dulcamara,OpenWetPoor
927569,Solanum dulcamara,OpenWetPoor
929508,Solanum dulcamara,OpenWetPoor
929540,Solanum dulcamara,OpenWetPoor
929541,Solanum dulcamara,OpenWetPoor
929544,Solanum dulcamara,OpenWetPoor
929545,Solanum dulcamara,OpenWetPoor
929546,Solanum dulcamara,OpenWetPoor
929802,Solanum dulcamara,OpenWetPoor
929804,Solanum dulcamara,OpenWetPoor
929808,Solanum dulcamara,OpenWetPoor
929951,Solanum dulcamara,OpenWetPoor
931773,Solanum dulcamara,OpenWetPoor
931774,Solanum dulcamara,OpenWetPoor
931841,Solanum dulcamara,OpenWetPoor
931846,Solanum dulcamara,OpenWetPoor
932101,Solanum dulcamara,OpenWetPoor
932102,Solanum dulcamara,OpenWetPoor
932104,Solanum dulcamara,OpenWetPoor
932106,Solanum dulcamara,OpenWetPoor
934074,Solanum dulcamara,OpenWetPoor
934076,Solanum dulcamara,OpenWetPoor
934107,Solanum dulcamara,OpenWetPoor
934141,Solanum dulcamara,OpenWetPoor
934142,Solanum dulcamara,OpenWetPoor
934401,Solanum dulcamara,OpenWetPoor
934550,Solanum dulcamara,OpenWetPoor
934551,Solanum dulcamara,OpenWetPoor
936367,Solanum dulcamara,OpenWetPoor
936373,Solanum dulcamara,OpenWetPoor
936374,Solanum dulcamara,OpenWetPoor
936375,Solanum dulcamara,OpenWetPoor
936405,Solanum dulcamara,OpenWetPoor
936406,Solanum dulcamara,OpenWetPoor
936407,Solanum dulcamara,OpenWetPoor
936634,Solanum dulcamara,OpenWetPoor
936635,Solanum dulcamara,OpenWetPoor
936636,Solanum dulcamara,OpenWetPoor
936702,Solanum dulcamara,OpenWetPoor
936703,Solanum dulcamara,OpenWetPoor
936707,Solanum dulcamara,OpenWetPoor
936736,Solanum dulcamara,OpenWetPoor
936740,Solanum dulcamara,OpenWetPoor
936850,Solanum dulcamara,OpenWetPoor
936851,Solanum dulcamara,OpenWetPoor
936852,Solanum dulcamara,OpenWetPoor
938673,Solanum dulcamara,OpenWetPoor
938674,Solanum dulcamara,OpenWetPoor
938675,Solanum dulcamara,OpenWetPoor
938676,Solanum dulcamara,OpenWetPoor
938716,Solanum dulcamara,OpenWetPoor
938717,Solanum dulcamara,OpenWetPoor
938932,Solanum dulcamara,OpenWetPoor
938935,Solanum dulcamara,OpenWetPoor
938998,Solanum dulcamara,OpenWetPoor
938999,Solanum dulcamara,OpenWetPoor
939037,Solanum dulcamara,OpenWetPoor
939038,Solanum dulcamara,OpenWetPoor
939040,Solanum dulcamara,OpenWetPoor
939151,Solanum dulcamara,OpenWetPoor
939152,Solanum dulcamara,OpenWetPoor
940975,Solanum dulcamara,OpenWetPoor
941017,Solanum dulcamara,OpenWetPoor
941233,Solanum dulcamara,OpenWetPoor
941236,Solanum dulcamara,OpenWetPoor
941298,Solanum dulcamara,OpenWetPoor
941299,Solanum dulcamara,OpenWetPoor
941300,Solanum dulcamara,OpenWetPoor
941338,Solanum dulcamara,OpenWetPoor
941339,Solanum dulcamara,OpenWetPoor
943264,Solanum dulcamara,OpenWetPoor
943281,Solanum dulcamara,OpenWetPoor
943285,Solanum dulcamara,OpenWetPoor
943315,Solanum dulcamara,OpenWetPoor
943318,Solanum dulcamara,OpenWetPoor
943319,Solanum dulcamara,OpenWetPoor
943599,Solanum dulcamara,OpenWetPoor
945614,Solanum dulcamara,OpenWetPoor
945618,Solanum dulcamara,OpenWetPoor
945619,Solanum dulcamara,OpenWetPoor
945900,Solanum dulcamara,OpenWetPoor
945901,Solanum dulcamara,OpenWetPoor
945902,Solanum dulcamara,OpenWetPoor
947912,Solanum dulcamara,OpenWetPoor
947913,Solanum dulcamara,OpenWetPoor
947918,Solanum dulcamara,OpenWetPoor
948200,Solanum dulcamara,OpenWetPoor
948201,Solanum dulcamara,OpenWetPoor
948202,Solanum dulcamara,OpenWetPoor
948241,Solanum dulcamara,OpenWetPoor
950205,Solanum dulcamara,OpenWetPoor
952425,Solanum dulcamara,OpenWetPoor
952462,Solanum dulcamara,OpenWetPoor
952504,Solanum dulcamara,OpenWetPoor
952505,Solanum dulcamara,OpenWetPoor
952506,Solanum dulcamara,OpenWetPoor
952524,Solanum dulcamara,OpenWetPoor
952525,Solanum dulcamara,OpenWetPoor
952840,Solanum dulcamara,OpenWetPoor
954725,Solanum dulcamara,OpenWetPoor
954726,Solanum dulcamara,OpenWetPoor
954823,Solanum dulcamara,OpenWetPoor
954824,Solanum dulcamara,OpenWetPoor
957063,Solanum dulcamara,OpenWetPoor
957163,Solanum dulcamara,OpenWetPoor
959363,Solanum dulcamara,OpenWetPoor
959364,Solanum dulcamara,OpenWetPoor
959407,Solanum dulcamara,OpenWetPoor
959462,Solanum dulcamara,OpenWetPoor
959464,Solanum dulcamara,OpenWetPoor
959465,Solanum dulcamara,OpenWetPoor
961763,Solanum dulcamara,OpenWetPoor
961764,Solanum dulcamara,OpenWetPoor
961765,Solanum dulcamara,OpenWetPoor
964064,Solanum dulcamara,OpenWetPoor
964065,Solanum dulcamara,OpenWetPoor
966362,Solanum dulcamara,OpenWetPoor
966363,Solanum dulcamara,OpenWetPoor
966364,Solanum dulcamara,OpenWetPoor
966365,Solanum dulcamara,OpenWetPoor
966733,Solanum dulcamara,OpenWetPoor
968663,Solanum dulcamara,OpenWetPoor
969033,Solanum dulcamara,OpenWetPoor
969034,Solanum dulcamara,OpenWetPoor
969035,Solanum dulcamara,OpenWetPoor
970884,Solanum dulcamara,OpenWetPoor
970886,Solanum dulcamara,OpenWetPoor
970887,Solanum dulcamara,OpenWetPoor
973641,Solanum dulcamara,OpenWetPoor
975485,Solanum dulcamara,OpenWetPoor
975486,Solanum dulcamara,OpenWetPoor
975533,Solanum dulcamara,OpenWetPoor
975535,Solanum dulcamara,OpenWetPoor
975541,Solanum dulcamara,OpenWetPoor
975542,Solanum dulcamara,OpenWetPoor
975933,Solanum dulcamara,OpenWetPoor
975935,Solanum dulcamara,OpenWetPoor
975936,Solanum dulcamara,OpenWetPoor
977832,Solanum dulcamara,OpenWetPoor
977841,Solanum dulcamara,OpenWetPoor
977842,Solanum dulcamara,OpenWetPoor
978236,Solanum dulcamara,OpenWetPoor
980533,Solanum dulcamara,OpenWetPoor
980534,Solanum dulcamara,OpenWetPoor
980536,Solanum dulcamara,OpenWetPoor
982384,Solanum dulcamara,OpenWetPoor
982385,Solanum dulcamara,OpenWetPoor
982386,Solanum dulcamara,OpenWetPoor
982441,Solanum dulcamara,OpenWetPoor
982693,Solanum dulcamara,OpenWetPoor
982832,Solanum dulcamara,OpenWetPoor
984586,Solanum dulcamara,OpenWetPoor
984588,Solanum dulcamara,OpenWetPoor
984634,Solanum dulcamara,OpenWetPoor
984686,Solanum dulcamara,OpenWetPoor
984741,Solanum dulcamara,OpenWetPoor
984742,Solanum dulcamara,OpenWetPoor
984783,Solanum dulcamara,OpenWetPoor
984993,Solanum dulcamara,OpenWetPoor
985132,Solanum dulcamara,OpenWetPoor
985133,Solanum dulcamara,OpenWetPoor
986886,Solanum dulcamara,OpenWetPoor
986890,Solanum dulcamara,OpenWetPoor
986986,Solanum dulcamara,OpenWetPoor
987081,Solanum dulcamara,OpenWetPoor
987082,Solanum dulcamara,OpenWetPoor
987083,Solanum dulcamara,OpenWetPoor
987084,Solanum dulcamara,OpenWetPoor
989184,Solanum dulcamara,OpenWetPoor
989381,Solanum dulcamara,OpenWetPoor
989383,Solanum dulcamara,OpenWetPoor
989385,Solanum dulcamara,OpenWetPoor
991681,Solanum dulcamara,OpenWetPoor
991682,Solanum dulcamara,OpenWetPoor
991683,Solanum dulcamara,OpenWetPoor
991685,Solanum dulcamara,OpenWetPoor
991841,Solanum dulcamara,OpenWetPoor
991842,Solanum dulcamara,OpenWetPoor
992037,Solanum dulcamara,OpenWetPoor
993788,Solanum dulcamara,OpenWetPoor
993789,Solanum dulcamara,OpenWetPoor
993790,Solanum dulcamara,OpenWetPoor
993902,Solanum dulcamara,OpenWetPoor
993910,Solanum dulcamara,OpenWetPoor
993981,Solanum dulcamara,OpenWetPoor
993982,Solanum dulcamara,OpenWetPoor
993983,Solanum dulcamara,OpenWetPoor
993984,Solanum dulcamara,OpenWetPoor
993988,Solanum dulcamara,OpenWetPoor
994141,Solanum dulcamara,OpenWetPoor
994142,Solanum dulcamara,OpenWetPoor
994337,Solanum dulcamara,OpenWetPoor
996089,Solanum dulcamara,OpenWetPoor
996093,Solanum dulcamara,OpenWetPoor
996199,Solanum dulcamara,OpenWetPoor
996201,Solanum dulcamara,OpenWetPoor
996202,Solanum dulcamara,OpenWetPoor
996203,Solanum dulcamara,OpenWetPoor
996204,Solanum dulcamara,OpenWetPoor
996205,Solanum dulcamara,OpenWetPoor
996207,Solanum dulcamara,OpenWetPoor
996208,Solanum dulcamara,OpenWetPoor
996209,Solanum dulcamara,OpenWetPoor
996210,Solanum dulcamara,OpenWetPoor
996211,Solanum dulcamara,OpenWetPoor
996286,Solanum dulcamara,OpenWetPoor
996287,Solanum dulcamara,OpenWetPoor
996289,Solanum dulcamara,OpenWetPoor
996440,Solanum dulcamara,OpenWetPoor
996441,Solanum dulcamara,OpenWetPoor
996442,Solanum dulcamara,OpenWetPoor
998390,Solanum dulcamara,OpenWetPoor
998500,Solanum dulcamara,OpenWetPoor
998501,Solanum dulcamara,OpenWetPoor
998502,Solanum dulcamara,OpenWetPoor
998504,Solanum dulcamara,OpenWetPoor
998507,Solanum dulcamara,OpenWetPoor
998510,Solanum dulcamara,OpenWetPoor
998511,Solanum dulcamara,OpenWetPoor
998586,Solanum dulcamara,OpenWetPoor
998587,Solanum dulcamara,OpenWetPoor
998588,Solanum dulcamara,OpenWetPoor
998589,Solanum dulcamara,OpenWetPoor
998739,Solanum dulcamara,OpenWetPoor
998740,Solanum dulcamara,OpenWetPoor
998741,Solanum dulcamara,OpenWetPoor
1000690,Solanum dulcamara,OpenWetPoor
1000691,Solanum dulcamara,OpenWetPoor
1000795,Solanum dulcamara,OpenWetPoor
1000802,Solanum dulcamara,OpenWetPoor
1000803,Solanum dulcamara,OpenWetPoor
1000807,Solanum dulcamara,OpenWetPoor
1000808,Solanum dulcamara,OpenWetPoor
1000809,Solanum dulcamara,OpenWetPoor
1000810,Solanum dulcamara,OpenWetPoor
1000811,Solanum dulcamara,OpenWetPoor
1000819,Solanum dulcamara,OpenWetPoor
1000820,Solanum dulcamara,OpenWetPoor
1000821,Solanum dulcamara,OpenWetPoor
1000886,Solanum dulcamara,OpenWetPoor
1000887,Solanum dulcamara,OpenWetPoor
1000888,Solanum dulcamara,OpenWetPoor
1000889,Solanum dulcamara,OpenWetPoor
1002992,Solanum dulcamara,OpenWetPoor
1002995,Solanum dulcamara,OpenWetPoor
1002996,Solanum dulcamara,OpenWetPoor
1002997,Solanum dulcamara,OpenWetPoor
1003095,Solanum dulcamara,OpenWetPoor
1003096,Solanum dulcamara,OpenWetPoor
1003108,Solanum dulcamara,OpenWetPoor
1003109,Solanum dulcamara,OpenWetPoor
1003110,Solanum dulcamara,OpenWetPoor
1003118,Solanum dulcamara,OpenWetPoor
1003119,Solanum dulcamara,OpenWetPoor
1003120,Solanum dulcamara,OpenWetPoor
1003121,Solanum dulcamara,OpenWetPoor
1003186,Solanum dulcamara,OpenWetPoor
1003187,Solanum dulcamara,OpenWetPoor
1003188,Solanum dulcamara,OpenWetPoor
1003189,Solanum dulcamara,OpenWetPoor
1005291,Solanum dulcamara,OpenWetPoor
1005292,Solanum dulcamara,OpenWetPoor
1005293,Solanum dulcamara,OpenWetPoor
1005395,Solanum dulcamara,OpenWetPoor
1005396,Solanum dulcamara,OpenWetPoor
1005418,Solanum dulcamara,OpenWetPoor
1005419,Solanum dulcamara,OpenWetPoor
1005420,Solanum dulcamara,OpenWetPoor
1005489,Solanum dulcamara,OpenWetPoor
1005490,Solanum dulcamara,OpenWetPoor
1005491,Solanum dulcamara,OpenWetPoor
1005713,Solanum dulcamara,OpenWetPoor
1007718,Solanum dulcamara,OpenWetPoor
1007719,Solanum dulcamara,OpenWetPoor
1007787,Solanum dulcamara,OpenWetPoor
1007788,Solanum dulcamara,OpenWetPoor
1007789,Solanum dulcamara,OpenWetPoor
1007790,Solanum dulcamara,OpenWetPoor
1007791,Solanum dulcamara,OpenWetPoor
1010087,Solanum dulcamara,OpenWetPoor
1010088,Solanum dulcamara,OpenWetPoor
1010089,Solanum dulcamara,OpenWetPoor
1010090,Solanum dulcamara,OpenWetPoor
1010091,Solanum dulcamara,OpenWetPoor
1012315,Solanum dulcamara,OpenWetPoor
1012316,Solanum dulcamara,OpenWetPoor
1012388,Solanum dulcamara,OpenWetPoor
1012389,Solanum dulcamara,OpenWetPoor
1012390,Solanum dulcamara,OpenWetPoor
1014614,Solanum dulcamara,OpenWetPoor
1014615,Solanum dulcamara,OpenWetPoor
1014616,Solanum dulcamara,OpenWetPoor
1014617,Solanum dulcamara,OpenWetPoor
1016914,Solanum dulcamara,OpenWetPoor
1016915,Solanum dulcamara,OpenWetPoor
1019491,Solanum dulcamara,OpenWetPoor
1019492,Solanum dulcamara,OpenWetPoor
1019493,Solanum dulcamara,OpenWetPoor
1019494,Solanum dulcamara,OpenWetPoor
1021792,Solanum dulcamara,OpenWetPoor
1021793,Solanum dulcamara,OpenWetPoor
1021794,Solanum dulcamara,OpenWetPoor
1021795,Solanum dulcamara,OpenWetPoor
1021900,Solanum dulcamara,OpenWetPoor
1021902,Solanum dulcamara,OpenWetPoor
1023789,Solanum dulcamara,OpenWetPoor
1023984,Solanum dulcamara,OpenWetPoor
1023985,Solanum dulcamara,OpenWetPoor
1024094,Solanum dulcamara,OpenWetPoor
1024095,Solanum dulcamara,OpenWetPoor
1024199,Solanum dulcamara,OpenWetPoor
1024201,Solanum dulcamara,OpenWetPoor
1024203,Solanum dulcamara,OpenWetPoor
1025967,Solanum dulcamara,OpenWetPoor
1026088,Solanum dulcamara,OpenWetPoor
1026282,Solanum dulcamara,OpenWetPoor
1026283,Solanum dulcamara,OpenWetPoor
1026284,Solanum dulcamara,OpenWetPoor
1026285,Solanum dulcamara,OpenWetPoor
1026286,Solanum dulcamara,OpenWetPoor
1026394,Solanum dulcamara,OpenWetPoor
1026408,Solanum dulcamara,OpenWetPoor
1026409,Solanum dulcamara,OpenWetPoor
1026410,Solanum dulcamara,OpenWetPoor
1026499,Solanum dulcamara,OpenWetPoor
1026501,Solanum dulcamara,OpenWetPoor
1026503,Solanum dulcamara,OpenWetPoor
1028292,Solanum dulcamara,OpenWetPoor
1028293,Solanum dulcamara,OpenWetPoor
1028387,Solanum dulcamara,OpenWetPoor
1028388,Solanum dulcamara,OpenWetPoor
1028498,Solanum dulcamara,OpenWetPoor
1028499,Solanum dulcamara,OpenWetPoor
1028582,Solanum dulcamara,OpenWetPoor
1028583,Solanum dulcamara,OpenWetPoor
1028584,Solanum dulcamara,OpenWetPoor
1028585,Solanum dulcamara,OpenWetPoor
1028586,Solanum dulcamara,OpenWetPoor
1028637,Solanum dulcamara,OpenWetPoor
1028709,Solanum dulcamara,OpenWetPoor
1028710,Solanum dulcamara,OpenWetPoor
1028800,Solanum dulcamara,OpenWetPoor
1028801,Solanum dulcamara,OpenWetPoor
1028802,Solanum dulcamara,OpenWetPoor
1030687,Solanum dulcamara,OpenWetPoor
1030688,Solanum dulcamara,OpenWetPoor
1030798,Solanum dulcamara,OpenWetPoor
1030800,Solanum dulcamara,OpenWetPoor
1030801,Solanum dulcamara,OpenWetPoor
1030884,Solanum dulcamara,OpenWetPoor
1030936,Solanum dulcamara,OpenWetPoor
1030937,Solanum dulcamara,OpenWetPoor
1030938,Solanum dulcamara,OpenWetPoor
1030939,Solanum dulcamara,OpenWetPoor
1031006,Solanum dulcamara,OpenWetPoor
1031008,Solanum dulcamara,OpenWetPoor
1031009,Solanum dulcamara,OpenWetPoor
1032896,Solanum dulcamara,OpenWetPoor
1032897,Solanum dulcamara,OpenWetPoor
1032987,Solanum dulcamara,OpenWetPoor
1032988,Solanum dulcamara,OpenWetPoor
1032989,Solanum dulcamara,OpenWetPoor
1033097,Solanum dulcamara,OpenWetPoor
1033099,Solanum dulcamara,OpenWetPoor
1033100,Solanum dulcamara,OpenWetPoor
1033235,Solanum dulcamara,OpenWetPoor
1033236,Solanum dulcamara,OpenWetPoor
1033237,Solanum dulcamara,OpenWetPoor
1033238,Solanum dulcamara,OpenWetPoor
1033239,Solanum dulcamara,OpenWetPoor
1033307,Solanum dulcamara,OpenWetPoor
1033308,Solanum dulcamara,OpenWetPoor
1033309,Solanum dulcamara,OpenWetPoor
1033323,Solanum dulcamara,OpenWetPoor
1035196,Solanum dulcamara,OpenWetPoor
1035397,Solanum dulcamara,OpenWetPoor
1035399,Solanum dulcamara,OpenWetPoor
1035400,Solanum dulcamara,OpenWetPoor
1035401,Solanum dulcamara,OpenWetPoor
1035535,Solanum dulcamara,OpenWetPoor
1035536,Solanum dulcamara,OpenWetPoor
1035537,Solanum dulcamara,OpenWetPoor
1035538,Solanum dulcamara,OpenWetPoor
1035621,Solanum dulcamara,OpenWetPoor
1035622,Solanum dulcamara,OpenWetPoor
1037599,Solanum dulcamara,OpenWetPoor
1037700,Solanum dulcamara,OpenWetPoor
1037837,Solanum dulcamara,OpenWetPoor
1037902,Solanum dulcamara,OpenWetPoor
1037903,Solanum dulcamara,OpenWetPoor
1039900,Solanum dulcamara,OpenWetPoor
1039901,Solanum dulcamara,OpenWetPoor
1040139,Solanum dulcamara,OpenWetPoor
1040140,Solanum dulcamara,OpenWetPoor
1040203,Solanum dulcamara,OpenWetPoor
1042200,Solanum dulcamara,OpenWetPoor
1042201,Solanum dulcamara,OpenWetPoor
1042439,Solanum dulcamara,OpenWetPoor
1042501,Solanum dulcamara,OpenWetPoor
1044500,Solanum dulcamara,OpenWetPoor
1044501,Solanum dulcamara,OpenWetPoor
1044738,Solanum dulcamara,OpenWetPoor
1044739,Solanum dulcamara,OpenWetPoor
1044740,Solanum dulcamara,OpenWetPoor
1044799,Solanum dulcamara,OpenWetPoor
1046800,Solanum dulcamara,OpenWetPoor
1046801,Solanum dulcamara,OpenWetPoor
1047039,Solanum dulcamara,OpenWetPoor
1047040,Solanum dulcamara,OpenWetPoor
1047097,Solanum dulcamara,OpenWetPoor
1047098,Solanum dulcamara,OpenWetPoor
1047099,Solanum dulcamara,OpenWetPoor
1049397,Solanum dulcamara,OpenWetPoor
1049398,Solanum dulcamara,OpenWetPoor
1051697,Solanum dulcamara,OpenWetPoor
1051699,Solanum dulcamara,OpenWetPoor
1053998,Solanum dulcamara,OpenWetPoor
1053999,Solanum dulcamara,OpenWetPoor
1054000,Solanum dulcamara,OpenWetPoor
1065364,Solanum dulcamara,OpenWetPoor
1067661,Solanum dulcamara,OpenWetPoor
1067663,Solanum dulcamara,OpenWetPoor
1069961,Solanum dulcamara,OpenWetPoor
1069962,Solanum dulcamara,OpenWetPoor
1069964,Solanum dulcamara,OpenWetPoor
1072261,Solanum dulcamara,OpenWetPoor
1072262,Solanum dulcamara,OpenWetPoor
1072264,Solanum dulcamara,OpenWetPoor
1072271,Solanum dulcamara,OpenWetPoor
1074569,Solanum dulcamara,OpenWetPoor
1074570,Solanum dulcamara,OpenWetPoor
1074571,Solanum dulcamara,OpenWetPoor
1074572,Solanum dulcamara,OpenWetPoor
1074582,Solanum dulcamara,OpenWetPoor
1074583,Solanum dulcamara,OpenWetPoor
1076869,Solanum dulcamara,OpenWetPoor
1076871,Solanum dulcamara,OpenWetPoor
1076872,Solanum dulcamara,OpenWetPoor
1076873,Solanum dulcamara,OpenWetPoor
1076880,Solanum dulcamara,OpenWetPoor
1076881,Solanum dulcamara,OpenWetPoor
1076882,Solanum dulcamara,OpenWetPoor
1076883,Solanum dulcamara,OpenWetPoor
1076884,Solanum dulcamara,OpenWetPoor
1077071,Solanum dulcamara,OpenWetPoor
1077072,Solanum dulcamara,OpenWetPoor
1079169,Solanum dulcamara,OpenWetPoor
1079170,Solanum dulcamara,OpenWetPoor
1079171,Solanum dulcamara,OpenWetPoor
1079173,Solanum dulcamara,OpenWetPoor
1079180,Solanum dulcamara,OpenWetPoor
1079182,Solanum dulcamara,OpenWetPoor
1079183,Solanum dulcamara,OpenWetPoor
1079184,Solanum dulcamara,OpenWetPoor
1079185,Solanum dulcamara,OpenWetPoor
1079372,Solanum dulcamara,OpenWetPoor
1079373,Solanum dulcamara,OpenWetPoor
1081469,Solanum dulcamara,OpenWetPoor
1081470,Solanum dulcamara,OpenWetPoor
1081471,Solanum dulcamara,OpenWetPoor
1081481,Solanum dulcamara,OpenWetPoor
1081482,Solanum dulcamara,OpenWetPoor
1081484,Solanum dulcamara,OpenWetPoor
1081485,Solanum dulcamara,OpenWetPoor
1081669,Solanum dulcamara,OpenWetPoor
1081670,Solanum dulcamara,OpenWetPoor
1081671,Solanum dulcamara,OpenWetPoor
1081672,Solanum dulcamara,OpenWetPoor
1081673,Solanum dulcamara,OpenWetPoor
1083769,Solanum dulcamara,OpenWetPoor
1083770,Solanum dulcamara,OpenWetPoor
1083771,Solanum dulcamara,OpenWetPoor
1083969,Solanum dulcamara,OpenWetPoor
1083970,Solanum dulcamara,OpenWetPoor
1083971,Solanum dulcamara,OpenWetPoor
1083973,Solanum dulcamara,OpenWetPoor
1086062,Solanum dulcamara,OpenWetPoor
1086063,Solanum dulcamara,OpenWetPoor
1086064,Solanum dulcamara,OpenWetPoor
1086069,Solanum dulcamara,OpenWetPoor
1086070,Solanum dulcamara,OpenWetPoor
1086071,Solanum dulcamara,OpenWetPoor
1086270,Solanum dulcamara,OpenWetPoor
1086271,Solanum dulcamara,OpenWetPoor
1086272,Solanum dulcamara,OpenWetPoor
1086273,Solanum dulcamara,OpenWetPoor
1088357,Solanum dulcamara,OpenWetPoor
1088359,Solanum dulcamara,OpenWetPoor
1088362,Solanum dulcamara,OpenWetPoor
1088363,Solanum dulcamara,OpenWetPoor
1088364,Solanum dulcamara,OpenWetPoor
1088365,Solanum dulcamara,OpenWetPoor
1088368,Solanum dulcamara,OpenWetPoor
1088370,Solanum dulcamara,OpenWetPoor
1088371,Solanum dulcamara,OpenWetPoor
1090655,Solanum dulcamara,OpenWetPoor
1090656,Solanum dulcamara,OpenWetPoor
1090657,Solanum dulcamara,OpenWetPoor
1090658,Solanum dulcamara,OpenWetPoor
1090662,Solanum dulcamara,OpenWetPoor
1090663,Solanum dulcamara,OpenWetPoor
1090664,Solanum dulcamara,OpenWetPoor
1090665,Solanum dulcamara,OpenWetPoor
1090666,Solanum dulcamara,OpenWetPoor
1090667,Solanum dulcamara,OpenWetPoor
1090668,Solanum dulcamara,OpenWetPoor
1090669,Solanum dulcamara,OpenWetPoor
1090670,Solanum dulcamara,OpenWetPoor
1090671,Solanum dulcamara,OpenWetPoor
1092955,Solanum dulcamara,OpenWetPoor
1092956,Solanum dulcamara,OpenWetPoor
1092957,Solanum dulcamara,OpenWetPoor
1092958,Solanum dulcamara,OpenWetPoor
1092959,Solanum dulcamara,OpenWetPoor
1092960,Solanum dulcamara,OpenWetPoor
1092963,Solanum dulcamara,OpenWetPoor
1092965,Solanum dulcamara,OpenWetPoor
1092967,Solanum dulcamara,OpenWetPoor
1092969,Solanum dulcamara,OpenWetPoor
1093009,Solanum dulcamara,OpenWetPoor
1093012,Solanum dulcamara,OpenWetPoor
1093099,Solanum dulcamara,OpenWetPoor
1093102,Solanum dulcamara,OpenWetPoor
1095255,Solanum dulcamara,OpenWetPoor
1095256,Solanum dulcamara,OpenWetPoor
1095259,Solanum dulcamara,OpenWetPoor
1095260,Solanum dulcamara,OpenWetPoor
1095262,Solanum dulcamara,OpenWetPoor
1095263,Solanum dulcamara,OpenWetPoor
1095264,Solanum dulcamara,OpenWetPoor
1095265,Solanum dulcamara,OpenWetPoor
1095267,Solanum dulcamara,OpenWetPoor
1095268,Solanum dulcamara,OpenWetPoor
1095269,Solanum dulcamara,OpenWetPoor
1095270,Solanum dulcamara,OpenWetPoor
1095311,Solanum dulcamara,OpenWetPoor
1095399,Solanum dulcamara,OpenWetPoor
1095401,Solanum dulcamara,OpenWetPoor
1095402,Solanum dulcamara,OpenWetPoor
1095403,Solanum dulcamara,OpenWetPoor
1097555,Solanum dulcamara,OpenWetPoor
1097556,Solanum dulcamara,OpenWetPoor
1097557,Solanum dulcamara,OpenWetPoor
1097559,Solanum dulcamara,OpenWetPoor
1097560,Solanum dulcamara,OpenWetPoor
1097561,Solanum dulcamara,OpenWetPoor
1097562,Solanum dulcamara,OpenWetPoor
1097564,Solanum dulcamara,OpenWetPoor
1097567,Solanum dulcamara,OpenWetPoor
1097568,Solanum dulcamara,OpenWetPoor
1097569,Solanum dulcamara,OpenWetPoor
1097610,Solanum dulcamara,OpenWetPoor
1097700,Solanum dulcamara,OpenWetPoor
1097702,Solanum dulcamara,OpenWetPoor
1099574,Solanum dulcamara,OpenWetPoor
1099855,Solanum dulcamara,OpenWetPoor
1099857,Solanum dulcamara,OpenWetPoor
1099858,Solanum dulcamara,OpenWetPoor
1099859,Solanum dulcamara,OpenWetPoor
1099860,Solanum dulcamara,OpenWetPoor
1100001,Solanum dulcamara,OpenWetPoor
1100002,Solanum dulcamara,OpenWetPoor
1100003,Solanum dulcamara,OpenWetPoor
1100004,Solanum dulcamara,OpenWetPoor
1100005,Solanum dulcamara,OpenWetPoor
1100084,Solanum dulcamara,OpenWetPoor
1102156,Solanum dulcamara,OpenWetPoor
1102157,Solanum dulcamara,OpenWetPoor
1102159,Solanum dulcamara,OpenWetPoor
1102301,Solanum dulcamara,OpenWetPoor
1102302,Solanum dulcamara,OpenWetPoor
1102303,Solanum dulcamara,OpenWetPoor
1104174,Solanum dulcamara,OpenWetPoor
1104175,Solanum dulcamara,OpenWetPoor
1104456,Solanum dulcamara,OpenWetPoor
1104457,Solanum dulcamara,OpenWetPoor
1104459,Solanum dulcamara,OpenWetPoor
1104602,Solanum dulcamara,OpenWetPoor
1104603,Solanum dulcamara,OpenWetPoor
1104604,Solanum dulcamara,OpenWetPoor
1104605,Solanum dulcamara,OpenWetPoor
1104669,Solanum dulcamara,OpenWetPoor
1104670,Solanum dulcamara,OpenWetPoor
1104671,Solanum dulcamara,OpenWetPoor
1104672,Solanum dulcamara,OpenWetPoor
1106473,Solanum dulcamara,OpenWetPoor
1106474,Solanum dulcamara,OpenWetPoor
1106475,Solanum dulcamara,OpenWetPoor
1106756,Solanum dulcamara,OpenWetPoor
1106757,Solanum dulcamara,OpenWetPoor
1106758,Solanum dulcamara,OpenWetPoor
1106759,Solanum dulcamara,OpenWetPoor
1106903,Solanum dulcamara,OpenWetPoor
1106904,Solanum dulcamara,OpenWetPoor
1106968,Solanum dulcamara,OpenWetPoor
1106969,Solanum dulcamara,OpenWetPoor
1106970,Solanum dulcamara,OpenWetPoor
1106971,Solanum dulcamara,OpenWetPoor
1106972,Solanum dulcamara,OpenWetPoor
1106983,Solanum dulcamara,OpenWetPoor
1108772,Solanum dulcamara,OpenWetPoor
1108773,Solanum dulcamara,OpenWetPoor
1108774,Solanum dulcamara,OpenWetPoor
1109056,Solanum dulcamara,OpenWetPoor
1109057,Solanum dulcamara,OpenWetPoor
1109058,Solanum dulcamara,OpenWetPoor
1109059,Solanum dulcamara,OpenWetPoor
1109202,Solanum dulcamara,OpenWetPoor
1109203,Solanum dulcamara,OpenWetPoor
1109204,Solanum dulcamara,OpenWetPoor
1109268,Solanum dulcamara,OpenWetPoor
1109283,Solanum dulcamara,OpenWetPoor
1111063,Solanum dulcamara,OpenWetPoor
1111064,Solanum dulcamara,OpenWetPoor
1111072,Solanum dulcamara,OpenWetPoor
1111073,Solanum dulcamara,OpenWetPoor
1111202,Solanum dulcamara,OpenWetPoor
1111203,Solanum dulcamara,OpenWetPoor
1111356,Solanum dulcamara,OpenWetPoor
1111357,Solanum dulcamara,OpenWetPoor
1111359,Solanum dulcamara,OpenWetPoor
1111503,Solanum dulcamara,OpenWetPoor
1111504,Solanum dulcamara,OpenWetPoor
1111569,Solanum dulcamara,OpenWetPoor
1111594,Solanum dulcamara,OpenWetPoor
1113502,Solanum dulcamara,OpenWetPoor
1113503,Solanum dulcamara,OpenWetPoor
1113656,Solanum dulcamara,OpenWetPoor
1113657,Solanum dulcamara,OpenWetPoor
1113659,Solanum dulcamara,OpenWetPoor
1113664,Solanum dulcamara,OpenWetPoor
1113665,Solanum dulcamara,OpenWetPoor
1113709,Solanum dulcamara,OpenWetPoor
1113801,Solanum dulcamara,OpenWetPoor
1113802,Solanum dulcamara,OpenWetPoor
1113803,Solanum dulcamara,OpenWetPoor
1113804,Solanum dulcamara,OpenWetPoor
1113895,Solanum dulcamara,OpenWetPoor
1115802,Solanum dulcamara,OpenWetPoor
1115956,Solanum dulcamara,OpenWetPoor
1115957,Solanum dulcamara,OpenWetPoor
1115958,Solanum dulcamara,OpenWetPoor
1115959,Solanum dulcamara,OpenWetPoor
1115960,Solanum dulcamara,OpenWetPoor
1115962,Solanum dulcamara,OpenWetPoor
1115963,Solanum dulcamara,OpenWetPoor
1115964,Solanum dulcamara,OpenWetPoor
1115965,Solanum dulcamara,OpenWetPoor
1116102,Solanum dulcamara,OpenWetPoor
1116103,Solanum dulcamara,OpenWetPoor
1116105,Solanum dulcamara,OpenWetPoor
1118257,Solanum dulcamara,OpenWetPoor
1118258,Solanum dulcamara,OpenWetPoor
1118259,Solanum dulcamara,OpenWetPoor
1118260,Solanum dulcamara,OpenWetPoor
1118262,Solanum dulcamara,OpenWetPoor
1118263,Solanum dulcamara,OpenWetPoor
1118264,Solanum dulcamara,OpenWetPoor
1118265,Solanum dulcamara,OpenWetPoor
1118267,Solanum dulcamara,OpenWetPoor
1118309,Solanum dulcamara,OpenWetPoor
1120556,Solanum dulcamara,OpenWetPoor
1120557,Solanum dulcamara,OpenWetPoor
1120558,Solanum dulcamara,OpenWetPoor
1120559,Solanum dulcamara,OpenWetPoor
1120792,Solanum dulcamara,OpenWetPoor
1122539,Solanum dulcamara,OpenWetPoor
1122858,Solanum dulcamara,OpenWetPoor
1122863,Solanum dulcamara,OpenWetPoor
1122864,Solanum dulcamara,OpenWetPoor
1124842,Solanum dulcamara,OpenWetPoor
1125163,Solanum dulcamara,OpenWetPoor
1125164,Solanum dulcamara,OpenWetPoor
1125187,Solanum dulcamara,OpenWetPoor
1125188,Solanum dulcamara,OpenWetPoor
1125189,Solanum dulcamara,OpenWetPoor
1125190,Solanum dulcamara,OpenWetPoor
1127462,Solanum dulcamara,OpenWetPoor
1127487,Solanum dulcamara,OpenWetPoor
1127488,Solanum dulcamara,OpenWetPoor
1127489,Solanum dulcamara,OpenWetPoor
1127660,Solanum dulcamara,OpenWetPoor
1127661,Solanum dulcamara,OpenWetPoor
1127662,Solanum dulcamara,OpenWetPoor
1127663,Solanum dulcamara,OpenWetPoor
1129454,Solanum dulcamara,OpenWetPoor
1129762,Solanum dulcamara,OpenWetPoor
1129764,Solanum dulcamara,OpenWetPoor
1129801,Solanum dulcamara,OpenWetPoor
1129809,Solanum dulcamara,OpenWetPoor
1129959,Solanum dulcamara,OpenWetPoor
1129960,Solanum dulcamara,OpenWetPoor
1129961,Solanum dulcamara,OpenWetPoor
1129962,Solanum dulcamara,OpenWetPoor
1132062,Solanum dulcamara,OpenWetPoor
1132065,Solanum dulcamara,OpenWetPoor
1132108,Solanum dulcamara,OpenWetPoor
1132109,Solanum dulcamara,OpenWetPoor
1132258,Solanum dulcamara,OpenWetPoor
1132259,Solanum dulcamara,OpenWetPoor
1132260,Solanum dulcamara,OpenWetPoor
1132261,Solanum dulcamara,OpenWetPoor
1132262,Solanum dulcamara,OpenWetPoor
1132290,Solanum dulcamara,OpenWetPoor
1132291,Solanum dulcamara,OpenWetPoor
1134362,Solanum dulcamara,OpenWetPoor
1134363,Solanum dulcamara,OpenWetPoor
1134366,Solanum dulcamara,OpenWetPoor
1134367,Solanum dulcamara,OpenWetPoor
1134408,Solanum dulcamara,OpenWetPoor
1134557,Solanum dulcamara,OpenWetPoor
1134558,Solanum dulcamara,OpenWetPoor
1134559,Solanum dulcamara,OpenWetPoor
1134561,Solanum dulcamara,OpenWetPoor
1134562,Solanum dulcamara,OpenWetPoor
1136661,Solanum dulcamara,OpenWetPoor
1136662,Solanum dulcamara,OpenWetPoor
1136664,Solanum dulcamara,OpenWetPoor
1136665,Solanum dulcamara,OpenWetPoor
1136666,Solanum dulcamara,OpenWetPoor
1136667,Solanum dulcamara,OpenWetPoor
1136668,Solanum dulcamara,OpenWetPoor
1136707,Solanum dulcamara,OpenWetPoor
1136709,Solanum dulcamara,OpenWetPoor
1136857,Solanum dulcamara,OpenWetPoor
1136858,Solanum dulcamara,OpenWetPoor
1136859,Solanum dulcamara,OpenWetPoor
1136860,Solanum dulcamara,OpenWetPoor
1136888,Solanum dulcamara,OpenWetPoor
1138960,Solanum dulcamara,OpenWetPoor
1138961,Solanum dulcamara,OpenWetPoor
1138962,Solanum dulcamara,OpenWetPoor
1138963,Solanum dulcamara,OpenWetPoor
1138964,Solanum dulcamara,OpenWetPoor
1138965,Solanum dulcamara,OpenWetPoor
1138966,Solanum dulcamara,OpenWetPoor
1138967,Solanum dulcamara,OpenWetPoor
1138968,Solanum dulcamara,OpenWetPoor
1138969,Solanum dulcamara,OpenWetPoor
1138970,Solanum dulcamara,OpenWetPoor
1139007,Solanum dulcamara,OpenWetPoor
1139008,Solanum dulcamara,OpenWetPoor
1139009,Solanum dulcamara,OpenWetPoor
1139010,Solanum dulcamara,OpenWetPoor
1139156,Solanum dulcamara,OpenWetPoor
1139157,Solanum dulcamara,OpenWetPoor
1139158,Solanum dulcamara,OpenWetPoor
1139159,Solanum dulcamara,OpenWetPoor
1139160,Solanum dulcamara,OpenWetPoor
1139188,Solanum dulcamara,OpenWetPoor
1140970,Solanum dulcamara,OpenWetPoor
1141260,Solanum dulcamara,OpenWetPoor
1141261,Solanum dulcamara,OpenWetPoor
1141262,Solanum dulcamara,OpenWetPoor
1141269,Solanum dulcamara,OpenWetPoor
1141270,Solanum dulcamara,OpenWetPoor
1141307,Solanum dulcamara,OpenWetPoor
1141308,Solanum dulcamara,OpenWetPoor
1141309,Solanum dulcamara,OpenWetPoor
1141310,Solanum dulcamara,OpenWetPoor
1141453,Solanum dulcamara,OpenWetPoor
1141454,Solanum dulcamara,OpenWetPoor
1141455,Solanum dulcamara,OpenWetPoor
1141456,Solanum dulcamara,OpenWetPoor
1141457,Solanum dulcamara,OpenWetPoor
1141458,Solanum dulcamara,OpenWetPoor
1141459,Solanum dulcamara,OpenWetPoor
1141460,Solanum dulcamara,OpenWetPoor
1141490,Solanum dulcamara,OpenWetPoor
1141491,Solanum dulcamara,OpenWetPoor
1141492,Solanum dulcamara,OpenWetPoor
1143271,Solanum dulcamara,OpenWetPoor
1143565,Solanum dulcamara,OpenWetPoor
1143567,Solanum dulcamara,OpenWetPoor
1143568,Solanum dulcamara,OpenWetPoor
1143569,Solanum dulcamara,OpenWetPoor
1143570,Solanum dulcamara,OpenWetPoor
1143608,Solanum dulcamara,OpenWetPoor
1143753,Solanum dulcamara,OpenWetPoor
1143754,Solanum dulcamara,OpenWetPoor
1143755,Solanum dulcamara,OpenWetPoor
1143757,Solanum dulcamara,OpenWetPoor
1143790,Solanum dulcamara,OpenWetPoor
1143791,Solanum dulcamara,OpenWetPoor
1143792,Solanum dulcamara,OpenWetPoor
1145572,Solanum dulcamara,OpenWetPoor
1145869,Solanum dulcamara,OpenWetPoor
1145870,Solanum dulcamara,OpenWetPoor
1146054,Solanum dulcamara,OpenWetPoor
1146055,Solanum dulcamara,OpenWetPoor
1146056,Solanum dulcamara,OpenWetPoor
1146057,Solanum dulcamara,OpenWetPoor
1146091,Solanum dulcamara,OpenWetPoor
1146092,Solanum dulcamara,OpenWetPoor
1147869,Solanum dulcamara,OpenWetPoor
1147870,Solanum dulcamara,OpenWetPoor
1148167,Solanum dulcamara,OpenWetPoor
1148210,Solanum dulcamara,OpenWetPoor
1148354,Solanum dulcamara,OpenWetPoor
1148355,Solanum dulcamara,OpenWetPoor
1148356,Solanum dulcamara,OpenWetPoor
1148357,Solanum dulcamara,OpenWetPoor
1148358,Solanum dulcamara,OpenWetPoor
1148359,Solanum dulcamara,OpenWetPoor
1148392,Solanum dulcamara,OpenWetPoor
1150169,Solanum dulcamara,OpenWetPoor
1150170,Solanum dulcamara,OpenWetPoor
1150172,Solanum dulcamara,OpenWetPoor
1150509,Solanum dulcamara,OpenWetPoor
1150624,Solanum dulcamara,OpenWetPoor
1150625,Solanum dulcamara,OpenWetPoor
1150655,Solanum dulcamara,OpenWetPoor
1150658,Solanum dulcamara,OpenWetPoor
1150659,Solanum dulcamara,OpenWetPoor
1150692,Solanum dulcamara,OpenWetPoor
1152485,Solanum dulcamara,OpenWetPoor
1152804,Solanum dulcamara,OpenWetPoor
1152808,Solanum dulcamara,OpenWetPoor
1152923,Solanum dulcamara,OpenWetPoor
1152927,Solanum dulcamara,OpenWetPoor
1152929,Solanum dulcamara,OpenWetPoor
1152930,Solanum dulcamara,OpenWetPoor
1152938,Solanum dulcamara,OpenWetPoor
1152939,Solanum dulcamara,OpenWetPoor
1152956,Solanum dulcamara,OpenWetPoor
1152957,Solanum dulcamara,OpenWetPoor
1152958,Solanum dulcamara,OpenWetPoor
1152959,Solanum dulcamara,OpenWetPoor
1154782,Solanum dulcamara,OpenWetPoor
1154784,Solanum dulcamara,OpenWetPoor
1154884,Solanum dulcamara,OpenWetPoor
1155104,Solanum dulcamara,OpenWetPoor
1155109,Solanum dulcamara,OpenWetPoor
1155110,Solanum dulcamara,OpenWetPoor
1155222,Solanum dulcamara,OpenWetPoor
1155228,Solanum dulcamara,OpenWetPoor
1155229,Solanum dulcamara,OpenWetPoor
1155230,Solanum dulcamara,OpenWetPoor
1155257,Solanum dulcamara,OpenWetPoor
1155258,Solanum dulcamara,OpenWetPoor
1155259,Solanum dulcamara,OpenWetPoor
1155260,Solanum dulcamara,OpenWetPoor
1157084,Solanum dulcamara,OpenWetPoor
1157085,Solanum dulcamara,OpenWetPoor
1157185,Solanum dulcamara,OpenWetPoor
1157340,Solanum dulcamara,OpenWetPoor
1157341,Solanum dulcamara,OpenWetPoor
1157342,Solanum dulcamara,OpenWetPoor
1157404,Solanum dulcamara,OpenWetPoor
1157408,Solanum dulcamara,OpenWetPoor
1157410,Solanum dulcamara,OpenWetPoor
1157522,Solanum dulcamara,OpenWetPoor
1157523,Solanum dulcamara,OpenWetPoor
1157525,Solanum dulcamara,OpenWetPoor
1157526,Solanum dulcamara,OpenWetPoor
1157538,Solanum dulcamara,OpenWetPoor
1157539,Solanum dulcamara,OpenWetPoor
1157541,Solanum dulcamara,OpenWetPoor
1157542,Solanum dulcamara,OpenWetPoor
1157557,Solanum dulcamara,OpenWetPoor
1157558,Solanum dulcamara,OpenWetPoor
1157559,Solanum dulcamara,OpenWetPoor
1157560,Solanum dulcamara,OpenWetPoor
1157561,Solanum dulcamara,OpenWetPoor
1157562,Solanum dulcamara,OpenWetPoor
1157591,Solanum dulcamara,OpenWetPoor
1159383,Solanum dulcamara,OpenWetPoor
1159384,Solanum dulcamara,OpenWetPoor
1159627,Solanum dulcamara,OpenWetPoor
1159639,Solanum dulcamara,OpenWetPoor
1159640,Solanum dulcamara,OpenWetPoor
1159641,Solanum dulcamara,OpenWetPoor
1159642,Solanum dulcamara,OpenWetPoor
1159643,Solanum dulcamara,OpenWetPoor
1159681,Solanum dulcamara,OpenWetPoor
1159703,Solanum dulcamara,OpenWetPoor
1159704,Solanum dulcamara,OpenWetPoor
1159705,Solanum dulcamara,OpenWetPoor
1159708,Solanum dulcamara,OpenWetPoor
1159709,Solanum dulcamara,OpenWetPoor
1159710,Solanum dulcamara,OpenWetPoor
1159823,Solanum dulcamara,OpenWetPoor
1159824,Solanum dulcamara,OpenWetPoor
1159838,Solanum dulcamara,OpenWetPoor
1159839,Solanum dulcamara,OpenWetPoor
1159840,Solanum dulcamara,OpenWetPoor
1159859,Solanum dulcamara,OpenWetPoor
1159860,Solanum dulcamara,OpenWetPoor
1159861,Solanum dulcamara,OpenWetPoor
1159862,Solanum dulcamara,OpenWetPoor
1159863,Solanum dulcamara,OpenWetPoor
1159891,Solanum dulcamara,OpenWetPoor
1161926,Solanum dulcamara,OpenWetPoor
1161927,Solanum dulcamara,OpenWetPoor
1161928,Solanum dulcamara,OpenWetPoor
1161936,Solanum dulcamara,OpenWetPoor
1161937,Solanum dulcamara,OpenWetPoor
1161938,Solanum dulcamara,OpenWetPoor
1161939,Solanum dulcamara,OpenWetPoor
1161941,Solanum dulcamara,OpenWetPoor
1161942,Solanum dulcamara,OpenWetPoor
1161943,Solanum dulcamara,OpenWetPoor
1162003,Solanum dulcamara,OpenWetPoor
1162008,Solanum dulcamara,OpenWetPoor
1162118,Solanum dulcamara,OpenWetPoor
1162119,Solanum dulcamara,OpenWetPoor
1162120,Solanum dulcamara,OpenWetPoor
1162140,Solanum dulcamara,OpenWetPoor
1162159,Solanum dulcamara,OpenWetPoor
1162160,Solanum dulcamara,OpenWetPoor
1162162,Solanum dulcamara,OpenWetPoor
1162163,Solanum dulcamara,OpenWetPoor
1164204,Solanum dulcamara,OpenWetPoor
1164205,Solanum dulcamara,OpenWetPoor
1164206,Solanum dulcamara,OpenWetPoor
1164227,Solanum dulcamara,OpenWetPoor
1164228,Solanum dulcamara,OpenWetPoor
1164229,Solanum dulcamara,OpenWetPoor
1164235,Solanum dulcamara,OpenWetPoor
1164236,Solanum dulcamara,OpenWetPoor
1164237,Solanum dulcamara,OpenWetPoor
1164238,Solanum dulcamara,OpenWetPoor
1164239,Solanum dulcamara,OpenWetPoor
1164240,Solanum dulcamara,OpenWetPoor
1164241,Solanum dulcamara,OpenWetPoor
1164242,Solanum dulcamara,OpenWetPoor
1164303,Solanum dulcamara,OpenWetPoor
1164304,Solanum dulcamara,OpenWetPoor
1164308,Solanum dulcamara,OpenWetPoor
1164416,Solanum dulcamara,OpenWetPoor
1164417,Solanum dulcamara,OpenWetPoor
1164418,Solanum dulcamara,OpenWetPoor
1164420,Solanum dulcamara,OpenWetPoor
1164459,Solanum dulcamara,OpenWetPoor
1164460,Solanum dulcamara,OpenWetPoor
1164489,Solanum dulcamara,OpenWetPoor
1164490,Solanum dulcamara,OpenWetPoor
1166251,Solanum dulcamara,OpenWetPoor
1166506,Solanum dulcamara,OpenWetPoor
1166507,Solanum dulcamara,OpenWetPoor
1166515,Solanum dulcamara,OpenWetPoor
1166516,Solanum dulcamara,OpenWetPoor
1166517,Solanum dulcamara,OpenWetPoor
1166527,Solanum dulcamara,OpenWetPoor
1166528,Solanum dulcamara,OpenWetPoor
1166535,Solanum dulcamara,OpenWetPoor
1166536,Solanum dulcamara,OpenWetPoor
1166538,Solanum dulcamara,OpenWetPoor
1166541,Solanum dulcamara,OpenWetPoor
1166542,Solanum dulcamara,OpenWetPoor
1166718,Solanum dulcamara,OpenWetPoor
1166719,Solanum dulcamara,OpenWetPoor
1166789,Solanum dulcamara,OpenWetPoor
1166791,Solanum dulcamara,OpenWetPoor
1168548,Solanum dulcamara,OpenWetPoor
1168549,Solanum dulcamara,OpenWetPoor
1168761,Solanum dulcamara,OpenWetPoor
1168807,Solanum dulcamara,OpenWetPoor
1168815,Solanum dulcamara,OpenWetPoor
1168816,Solanum dulcamara,OpenWetPoor
1168817,Solanum dulcamara,OpenWetPoor
1168827,Solanum dulcamara,OpenWetPoor
1168828,Solanum dulcamara,OpenWetPoor
1168831,Solanum dulcamara,OpenWetPoor
1168904,Solanum dulcamara,OpenWetPoor
1168905,Solanum dulcamara,OpenWetPoor
1168999,Solanum dulcamara,OpenWetPoor
1169000,Solanum dulcamara,OpenWetPoor
1169001,Solanum dulcamara,OpenWetPoor
1169002,Solanum dulcamara,OpenWetPoor
1169003,Solanum dulcamara,OpenWetPoor
1169090,Solanum dulcamara,OpenWetPoor
1170845,Solanum dulcamara,OpenWetPoor
1170848,Solanum dulcamara,OpenWetPoor
1170849,Solanum dulcamara,OpenWetPoor
1171113,Solanum dulcamara,OpenWetPoor
1171115,Solanum dulcamara,OpenWetPoor
1171116,Solanum dulcamara,OpenWetPoor
1171131,Solanum dulcamara,OpenWetPoor
1171209,Solanum dulcamara,OpenWetPoor
1171295,Solanum dulcamara,OpenWetPoor
1171296,Solanum dulcamara,OpenWetPoor
1171297,Solanum dulcamara,OpenWetPoor
1171298,Solanum dulcamara,OpenWetPoor
1171303,Solanum dulcamara,OpenWetPoor
1171388,Solanum dulcamara,OpenWetPoor
1171389,Solanum dulcamara,OpenWetPoor
1171396,Solanum dulcamara,OpenWetPoor
1171397,Solanum dulcamara,OpenWetPoor
1171398,Solanum dulcamara,OpenWetPoor
1171399,Solanum dulcamara,OpenWetPoor
1171400,Solanum dulcamara,OpenWetPoor
1173145,Solanum dulcamara,OpenWetPoor
1173146,Solanum dulcamara,OpenWetPoor
1173148,Solanum dulcamara,OpenWetPoor
1173149,Solanum dulcamara,OpenWetPoor
1173154,Solanum dulcamara,OpenWetPoor
1173158,Solanum dulcamara,OpenWetPoor
1173169,Solanum dulcamara,OpenWetPoor
1173170,Solanum dulcamara,OpenWetPoor
1173362,Solanum dulcamara,OpenWetPoor
1173413,Solanum dulcamara,OpenWetPoor
1173429,Solanum dulcamara,OpenWetPoor
1173431,Solanum dulcamara,OpenWetPoor
1173433,Solanum dulcamara,OpenWetPoor
1173508,Solanum dulcamara,OpenWetPoor
1173509,Solanum dulcamara,OpenWetPoor
1173595,Solanum dulcamara,OpenWetPoor
1173597,Solanum dulcamara,OpenWetPoor
1173599,Solanum dulcamara,OpenWetPoor
1173601,Solanum dulcamara,OpenWetPoor
1173603,Solanum dulcamara,OpenWetPoor
1173610,Solanum dulcamara,OpenWetPoor
1173611,Solanum dulcamara,OpenWetPoor
1173688,Solanum dulcamara,OpenWetPoor
1173689,Solanum dulcamara,OpenWetPoor
1173696,Solanum dulcamara,OpenWetPoor
1173697,Solanum dulcamara,OpenWetPoor
1173698,Solanum dulcamara,OpenWetPoor
1173699,Solanum dulcamara,OpenWetPoor
1173700,Solanum dulcamara,OpenWetPoor
1175445,Solanum dulcamara,OpenWetPoor
1175446,Solanum dulcamara,OpenWetPoor
1175448,Solanum dulcamara,OpenWetPoor
1175449,Solanum dulcamara,OpenWetPoor
1175454,Solanum dulcamara,OpenWetPoor
1175457,Solanum dulcamara,OpenWetPoor
1175458,Solanum dulcamara,OpenWetPoor
1175467,Solanum dulcamara,OpenWetPoor
1175470,Solanum dulcamara,OpenWetPoor
1175729,Solanum dulcamara,OpenWetPoor
1175730,Solanum dulcamara,OpenWetPoor
1175732,Solanum dulcamara,OpenWetPoor
1175807,Solanum dulcamara,OpenWetPoor
1175808,Solanum dulcamara,OpenWetPoor
1175809,Solanum dulcamara,OpenWetPoor
1175810,Solanum dulcamara,OpenWetPoor
1175896,Solanum dulcamara,OpenWetPoor
1175897,Solanum dulcamara,OpenWetPoor
1175898,Solanum dulcamara,OpenWetPoor
1175899,Solanum dulcamara,OpenWetPoor
1175900,Solanum dulcamara,OpenWetPoor
1175901,Solanum dulcamara,OpenWetPoor
1175903,Solanum dulcamara,OpenWetPoor
1175910,Solanum dulcamara,OpenWetPoor
1175911,Solanum dulcamara,OpenWetPoor
1175988,Solanum dulcamara,OpenWetPoor
1176000,Solanum dulcamara,OpenWetPoor
1176001,Solanum dulcamara,OpenWetPoor
1177744,Solanum dulcamara,OpenWetPoor
1177745,Solanum dulcamara,OpenWetPoor
1177746,Solanum dulcamara,OpenWetPoor
1177756,Solanum dulcamara,OpenWetPoor
1177767,Solanum dulcamara,OpenWetPoor
1177768,Solanum dulcamara,OpenWetPoor
1177769,Solanum dulcamara,OpenWetPoor
1177770,Solanum dulcamara,OpenWetPoor
1178030,Solanum dulcamara,OpenWetPoor
1178031,Solanum dulcamara,OpenWetPoor
1178073,Solanum dulcamara,OpenWetPoor
1178074,Solanum dulcamara,OpenWetPoor
1178075,Solanum dulcamara,OpenWetPoor
1178107,Solanum dulcamara,OpenWetPoor
1178108,Solanum dulcamara,OpenWetPoor
1178109,Solanum dulcamara,OpenWetPoor
1178197,Solanum dulcamara,OpenWetPoor
1178198,Solanum dulcamara,OpenWetPoor
1178199,Solanum dulcamara,OpenWetPoor
1178200,Solanum dulcamara,OpenWetPoor
1178201,Solanum dulcamara,OpenWetPoor
1178210,Solanum dulcamara,OpenWetPoor
1178289,Solanum dulcamara,OpenWetPoor
1178290,Solanum dulcamara,OpenWetPoor
1178291,Solanum dulcamara,OpenWetPoor
1178292,Solanum dulcamara,OpenWetPoor
1178300,Solanum dulcamara,OpenWetPoor
1178301,Solanum dulcamara,OpenWetPoor
1180044,Solanum dulcamara,OpenWetPoor
1180045,Solanum dulcamara,OpenWetPoor
1180046,Solanum dulcamara,OpenWetPoor
1180047,Solanum dulcamara,OpenWetPoor
1180067,Solanum dulcamara,OpenWetPoor
1180068,Solanum dulcamara,OpenWetPoor
1180069,Solanum dulcamara,OpenWetPoor
1180070,Solanum dulcamara,OpenWetPoor
1180372,Solanum dulcamara,OpenWetPoor
1180375,Solanum dulcamara,OpenWetPoor
1180409,Solanum dulcamara,OpenWetPoor
1180410,Solanum dulcamara,OpenWetPoor
1180411,Solanum dulcamara,OpenWetPoor
1180498,Solanum dulcamara,OpenWetPoor
1180499,Solanum dulcamara,OpenWetPoor
1180500,Solanum dulcamara,OpenWetPoor
1180503,Solanum dulcamara,OpenWetPoor
1180504,Solanum dulcamara,OpenWetPoor
1180505,Solanum dulcamara,OpenWetPoor
1180584,Solanum dulcamara,OpenWetPoor
1180585,Solanum dulcamara,OpenWetPoor
1180586,Solanum dulcamara,OpenWetPoor
1180589,Solanum dulcamara,OpenWetPoor
1180590,Solanum dulcamara,OpenWetPoor
1180592,Solanum dulcamara,OpenWetPoor
1180597,Solanum dulcamara,OpenWetPoor
1180598,Solanum dulcamara,OpenWetPoor
1180599,Solanum dulcamara,OpenWetPoor
1180600,Solanum dulcamara,OpenWetPoor
1180601,Solanum dulcamara,OpenWetPoor
1182345,Solanum dulcamara,OpenWetPoor
1182347,Solanum dulcamara,OpenWetPoor
1182348,Solanum dulcamara,OpenWetPoor
1182672,Solanum dulcamara,OpenWetPoor
1182674,Solanum dulcamara,OpenWetPoor
1182676,Solanum dulcamara,OpenWetPoor
1182799,Solanum dulcamara,OpenWetPoor
1182800,Solanum dulcamara,OpenWetPoor
1182804,Solanum dulcamara,OpenWetPoor
1182882,Solanum dulcamara,OpenWetPoor
1182883,Solanum dulcamara,OpenWetPoor
1182884,Solanum dulcamara,OpenWetPoor
1182885,Solanum dulcamara,OpenWetPoor
1182890,Solanum dulcamara,OpenWetPoor
1182891,Solanum dulcamara,OpenWetPoor
1182898,Solanum dulcamara,OpenWetPoor
1182899,Solanum dulcamara,OpenWetPoor
1182900,Solanum dulcamara,OpenWetPoor
1182917,Solanum dulcamara,OpenWetPoor
1182918,Solanum dulcamara,OpenWetPoor
1184646,Solanum dulcamara,OpenWetPoor
1184647,Solanum dulcamara,OpenWetPoor
1184889,Solanum dulcamara,OpenWetPoor
1184890,Solanum dulcamara,OpenWetPoor
1184972,Solanum dulcamara,OpenWetPoor
1184973,Solanum dulcamara,OpenWetPoor
1184974,Solanum dulcamara,OpenWetPoor
1184975,Solanum dulcamara,OpenWetPoor
1184992,Solanum dulcamara,OpenWetPoor
1184993,Solanum dulcamara,OpenWetPoor
1184994,Solanum dulcamara,OpenWetPoor
1184995,Solanum dulcamara,OpenWetPoor
1185182,Solanum dulcamara,OpenWetPoor
1185183,Solanum dulcamara,OpenWetPoor
1185185,Solanum dulcamara,OpenWetPoor
1185190,Solanum dulcamara,OpenWetPoor
1185199,Solanum dulcamara,OpenWetPoor
1185200,Solanum dulcamara,OpenWetPoor
1185216,Solanum dulcamara,OpenWetPoor
1185218,Solanum dulcamara,OpenWetPoor
1186946,Solanum dulcamara,OpenWetPoor
1186947,Solanum dulcamara,OpenWetPoor
1187189,Solanum dulcamara,OpenWetPoor
1187191,Solanum dulcamara,OpenWetPoor
1187273,Solanum dulcamara,OpenWetPoor
1187292,Solanum dulcamara,OpenWetPoor
1187293,Solanum dulcamara,OpenWetPoor
1187294,Solanum dulcamara,OpenWetPoor
1187295,Solanum dulcamara,OpenWetPoor
1187296,Solanum dulcamara,OpenWetPoor
1187314,Solanum dulcamara,OpenWetPoor
1187315,Solanum dulcamara,OpenWetPoor
1187316,Solanum dulcamara,OpenWetPoor
1187317,Solanum dulcamara,OpenWetPoor
1187476,Solanum dulcamara,OpenWetPoor
1187477,Solanum dulcamara,OpenWetPoor
1187478,Solanum dulcamara,OpenWetPoor
1187479,Solanum dulcamara,OpenWetPoor
1187496,Solanum dulcamara,OpenWetPoor
1187497,Solanum dulcamara,OpenWetPoor
1187498,Solanum dulcamara,OpenWetPoor
1187499,Solanum dulcamara,OpenWetPoor
1187500,Solanum dulcamara,OpenWetPoor
1187501,Solanum dulcamara,OpenWetPoor
1187516,Solanum dulcamara,OpenWetPoor
1187517,Solanum dulcamara,OpenWetPoor
1187518,Solanum dulcamara,OpenWetPoor
1189490,Solanum dulcamara,OpenWetPoor
1189572,Solanum dulcamara,OpenWetPoor
1189573,Solanum dulcamara,OpenWetPoor
1189593,Solanum dulcamara,OpenWetPoor
1189594,Solanum dulcamara,OpenWetPoor
1189595,Solanum dulcamara,OpenWetPoor
1189596,Solanum dulcamara,OpenWetPoor
1189616,Solanum dulcamara,OpenWetPoor
1189620,Solanum dulcamara,OpenWetPoor
1189776,Solanum dulcamara,OpenWetPoor
1189778,Solanum dulcamara,OpenWetPoor
1189779,Solanum dulcamara,OpenWetPoor
1189796,Solanum dulcamara,OpenWetPoor
1189797,Solanum dulcamara,OpenWetPoor
1189798,Solanum dulcamara,OpenWetPoor
1189799,Solanum dulcamara,OpenWetPoor
1189800,Solanum dulcamara,OpenWetPoor
1189801,Solanum dulcamara,OpenWetPoor
1189816,Solanum dulcamara,OpenWetPoor
1189817,Solanum dulcamara,OpenWetPoor
1189818,Solanum dulcamara,OpenWetPoor
1191851,Solanum dulcamara,OpenWetPoor
1191852,Solanum dulcamara,OpenWetPoor
1191871,Solanum dulcamara,OpenWetPoor
1191872,Solanum dulcamara,OpenWetPoor
1191873,Solanum dulcamara,OpenWetPoor
1191874,Solanum dulcamara,OpenWetPoor
1191894,Solanum dulcamara,OpenWetPoor
1191920,Solanum dulcamara,OpenWetPoor
1191921,Solanum dulcamara,OpenWetPoor
1191995,Solanum dulcamara,OpenWetPoor
1191996,Solanum dulcamara,OpenWetPoor
1192077,Solanum dulcamara,OpenWetPoor
1192078,Solanum dulcamara,OpenWetPoor
1192079,Solanum dulcamara,OpenWetPoor
1192095,Solanum dulcamara,OpenWetPoor
1192096,Solanum dulcamara,OpenWetPoor
1192097,Solanum dulcamara,OpenWetPoor
1192099,Solanum dulcamara,OpenWetPoor
1192100,Solanum dulcamara,OpenWetPoor
1192115,Solanum dulcamara,OpenWetPoor
1192116,Solanum dulcamara,OpenWetPoor
1192117,Solanum dulcamara,OpenWetPoor
1192118,Solanum dulcamara,OpenWetPoor
1193849,Solanum dulcamara,OpenWetPoor
1194153,Solanum dulcamara,OpenWetPoor
1194155,Solanum dulcamara,OpenWetPoor
1194167,Solanum dulcamara,OpenWetPoor
1194168,Solanum dulcamara,OpenWetPoor
1194169,Solanum dulcamara,OpenWetPoor
1194170,Solanum dulcamara,OpenWetPoor
1194171,Solanum dulcamara,OpenWetPoor
1194172,Solanum dulcamara,OpenWetPoor
1194173,Solanum dulcamara,OpenWetPoor
1194174,Solanum dulcamara,OpenWetPoor
1194295,Solanum dulcamara,OpenWetPoor
1194377,Solanum dulcamara,OpenWetPoor
1194378,Solanum dulcamara,OpenWetPoor
1194379,Solanum dulcamara,OpenWetPoor
1194394,Solanum dulcamara,OpenWetPoor
1194395,Solanum dulcamara,OpenWetPoor
1194396,Solanum dulcamara,OpenWetPoor
1194397,Solanum dulcamara,OpenWetPoor
1194398,Solanum dulcamara,OpenWetPoor
1194415,Solanum dulcamara,OpenWetPoor
1194416,Solanum dulcamara,OpenWetPoor
1194417,Solanum dulcamara,OpenWetPoor
1196456,Solanum dulcamara,OpenWetPoor
1196457,Solanum dulcamara,OpenWetPoor
1196466,Solanum dulcamara,OpenWetPoor
1196467,Solanum dulcamara,OpenWetPoor
1196468,Solanum dulcamara,OpenWetPoor
1196469,Solanum dulcamara,OpenWetPoor
1196470,Solanum dulcamara,OpenWetPoor
1196471,Solanum dulcamara,OpenWetPoor
1196472,Solanum dulcamara,OpenWetPoor
1196473,Solanum dulcamara,OpenWetPoor
1196474,Solanum dulcamara,OpenWetPoor
1196521,Solanum dulcamara,OpenWetPoor
1196522,Solanum dulcamara,OpenWetPoor
1196593,Solanum dulcamara,OpenWetPoor
1196595,Solanum dulcamara,OpenWetPoor
1196596,Solanum dulcamara,OpenWetPoor
1196597,Solanum dulcamara,OpenWetPoor
1196677,Solanum dulcamara,OpenWetPoor
1196692,Solanum dulcamara,OpenWetPoor
1196693,Solanum dulcamara,OpenWetPoor
1196694,Solanum dulcamara,OpenWetPoor
1198756,Solanum dulcamara,OpenWetPoor
1198757,Solanum dulcamara,OpenWetPoor
1198766,Solanum dulcamara,OpenWetPoor
1198771,Solanum dulcamara,OpenWetPoor
1198772,Solanum dulcamara,OpenWetPoor
1198773,Solanum dulcamara,OpenWetPoor
1198774,Solanum dulcamara,OpenWetPoor
1198775,Solanum dulcamara,OpenWetPoor
1198821,Solanum dulcamara,OpenWetPoor
1198894,Solanum dulcamara,OpenWetPoor
1198897,Solanum dulcamara,OpenWetPoor
1198991,Solanum dulcamara,OpenWetPoor
1198992,Solanum dulcamara,OpenWetPoor
1198993,Solanum dulcamara,OpenWetPoor
1200749,Solanum dulcamara,OpenWetPoor
1200750,Solanum dulcamara,OpenWetPoor
1201057,Solanum dulcamara,OpenWetPoor
1201058,Solanum dulcamara,OpenWetPoor
1201072,Solanum dulcamara,OpenWetPoor
1201073,Solanum dulcamara,OpenWetPoor
1201074,Solanum dulcamara,OpenWetPoor
1201194,Solanum dulcamara,OpenWetPoor
1201196,Solanum dulcamara,OpenWetPoor
1201197,Solanum dulcamara,OpenWetPoor
1201291,Solanum dulcamara,OpenWetPoor
1201292,Solanum dulcamara,OpenWetPoor
1203042,Solanum dulcamara,OpenWetPoor
1203356,Solanum dulcamara,OpenWetPoor
1203357,Solanum dulcamara,OpenWetPoor
1205916,Solanum dulcamara,OpenWetPoor
1207649,Solanum dulcamara,OpenWetPoor
1208215,Solanum dulcamara,OpenWetPoor
1208216,Solanum dulcamara,OpenWetPoor
1209949,Solanum dulcamara,OpenWetPoor
1210077,Solanum dulcamara,OpenWetPoor
1210078,Solanum dulcamara,OpenWetPoor
1210079,Solanum dulcamara,OpenWetPoor
1212377,Solanum dulcamara,OpenWetPoor
1212378,Solanum dulcamara,OpenWetPoor
1212380,Solanum dulcamara,OpenWetPoor
1212631,Solanum dulcamara,OpenWetPoor
1214548,Solanum dulcamara,OpenWetPoor
1214674,Solanum dulcamara,OpenWetPoor
1214675,Solanum dulcamara,OpenWetPoor
1214676,Solanum dulcamara,OpenWetPoor
1214677,Solanum dulcamara,OpenWetPoor
1214678,Solanum dulcamara,OpenWetPoor
1214680,Solanum dulcamara,OpenWetPoor
1214825,Solanum dulcamara,OpenWetPoor
1214826,Solanum dulcamara,OpenWetPoor
1214852,Solanum dulcamara,OpenWetPoor
1214930,Solanum dulcamara,OpenWetPoor
1214931,Solanum dulcamara,OpenWetPoor
1216848,Solanum dulcamara,OpenWetPoor
1216892,Solanum dulcamara,OpenWetPoor
1216974,Solanum dulcamara,OpenWetPoor
1216978,Solanum dulcamara,OpenWetPoor
1216979,Solanum dulcamara,OpenWetPoor
1216980,Solanum dulcamara,OpenWetPoor
1217124,Solanum dulcamara,OpenWetPoor
1217125,Solanum dulcamara,OpenWetPoor
1217126,Solanum dulcamara,OpenWetPoor
1217127,Solanum dulcamara,OpenWetPoor
1217151,Solanum dulcamara,OpenWetPoor
1217152,Solanum dulcamara,OpenWetPoor
1217231,Solanum dulcamara,OpenWetPoor
1217232,Solanum dulcamara,OpenWetPoor
1219275,Solanum dulcamara,OpenWetPoor
1219276,Solanum dulcamara,OpenWetPoor
1219277,Solanum dulcamara,OpenWetPoor
1219279,Solanum dulcamara,OpenWetPoor
1219424,Solanum dulcamara,OpenWetPoor
1219425,Solanum dulcamara,OpenWetPoor
1219427,Solanum dulcamara,OpenWetPoor
1219428,Solanum dulcamara,OpenWetPoor
1219452,Solanum dulcamara,OpenWetPoor
1219453,Solanum dulcamara,OpenWetPoor
1219534,Solanum dulcamara,OpenWetPoor
1219535,Solanum dulcamara,OpenWetPoor
1219620,Solanum dulcamara,OpenWetPoor
1219621,Solanum dulcamara,OpenWetPoor
1219622,Solanum dulcamara,OpenWetPoor
1221450,Solanum dulcamara,OpenWetPoor
1221574,Solanum dulcamara,OpenWetPoor
1221575,Solanum dulcamara,OpenWetPoor
1221576,Solanum dulcamara,OpenWetPoor
1221578,Solanum dulcamara,OpenWetPoor
1221725,Solanum dulcamara,OpenWetPoor
1221727,Solanum dulcamara,OpenWetPoor
1221728,Solanum dulcamara,OpenWetPoor
1221751,Solanum dulcamara,OpenWetPoor
1221752,Solanum dulcamara,OpenWetPoor
1221835,Solanum dulcamara,OpenWetPoor
1221920,Solanum dulcamara,OpenWetPoor
1221921,Solanum dulcamara,OpenWetPoor
1221922,Solanum dulcamara,OpenWetPoor
1221923,Solanum dulcamara,OpenWetPoor
1223747,Solanum dulcamara,OpenWetPoor
1223748,Solanum dulcamara,OpenWetPoor
1223749,Solanum dulcamara,OpenWetPoor
1223878,Solanum dulcamara,OpenWetPoor
1224014,Solanum dulcamara,OpenWetPoor
1224099,Solanum dulcamara,OpenWetPoor
1224100,Solanum dulcamara,OpenWetPoor
1224101,Solanum dulcamara,OpenWetPoor
1224220,Solanum dulcamara,OpenWetPoor
1224222,Solanum dulcamara,OpenWetPoor
1226036,Solanum dulcamara,OpenWetPoor
1226047,Solanum dulcamara,OpenWetPoor
1226048,Solanum dulcamara,OpenWetPoor
1226049,Solanum dulcamara,OpenWetPoor
1226050,Solanum dulcamara,OpenWetPoor
1226051,Solanum dulcamara,OpenWetPoor
1226313,Solanum dulcamara,OpenWetPoor
1226401,Solanum dulcamara,OpenWetPoor
1226402,Solanum dulcamara,OpenWetPoor
1226488,Solanum dulcamara,OpenWetPoor
1226489,Solanum dulcamara,OpenWetPoor
1226490,Solanum dulcamara,OpenWetPoor
1226491,Solanum dulcamara,OpenWetPoor
1226520,Solanum dulcamara,OpenWetPoor
1228348,Solanum dulcamara,OpenWetPoor
1228349,Solanum dulcamara,OpenWetPoor
1228350,Solanum dulcamara,OpenWetPoor
1228351,Solanum dulcamara,OpenWetPoor
1228352,Solanum dulcamara,OpenWetPoor
1228613,Solanum dulcamara,OpenWetPoor
1228614,Solanum dulcamara,OpenWetPoor
1228699,Solanum dulcamara,OpenWetPoor
1228701,Solanum dulcamara,OpenWetPoor
1228702,Solanum dulcamara,OpenWetPoor
1228788,Solanum dulcamara,OpenWetPoor
1228789,Solanum dulcamara,OpenWetPoor
1228790,Solanum dulcamara,OpenWetPoor
1230646,Solanum dulcamara,OpenWetPoor
1230648,Solanum dulcamara,OpenWetPoor
1230649,Solanum dulcamara,OpenWetPoor
1230650,Solanum dulcamara,OpenWetPoor
1230651,Solanum dulcamara,OpenWetPoor
1230653,Solanum dulcamara,OpenWetPoor
1230909,Solanum dulcamara,OpenWetPoor
1230913,Solanum dulcamara,OpenWetPoor
1230914,Solanum dulcamara,OpenWetPoor
1230915,Solanum dulcamara,OpenWetPoor
1230953,Solanum dulcamara,OpenWetPoor
1230955,Solanum dulcamara,OpenWetPoor
1230956,Solanum dulcamara,OpenWetPoor
1230998,Solanum dulcamara,OpenWetPoor
1230999,Solanum dulcamara,OpenWetPoor
1231000,Solanum dulcamara,OpenWetPoor
1231001,Solanum dulcamara,OpenWetPoor
1231002,Solanum dulcamara,OpenWetPoor
1231089,Solanum dulcamara,OpenWetPoor
1231212,Solanum dulcamara,OpenWetPoor
1232949,Solanum dulcamara,OpenWetPoor
1232950,Solanum dulcamara,OpenWetPoor
1233208,Solanum dulcamara,OpenWetPoor
1233209,Solanum dulcamara,OpenWetPoor
1233252,Solanum dulcamara,OpenWetPoor
1233253,Solanum dulcamara,OpenWetPoor
1233254,Solanum dulcamara,OpenWetPoor
1233255,Solanum dulcamara,OpenWetPoor
1233256,Solanum dulcamara,OpenWetPoor
1233298,Solanum dulcamara,OpenWetPoor
1233299,Solanum dulcamara,OpenWetPoor
1233300,Solanum dulcamara,OpenWetPoor
1233301,Solanum dulcamara,OpenWetPoor
1233302,Solanum dulcamara,OpenWetPoor
1233513,Solanum dulcamara,OpenWetPoor
1233514,Solanum dulcamara,OpenWetPoor
1235246,Solanum dulcamara,OpenWetPoor
1235249,Solanum dulcamara,OpenWetPoor
1235508,Solanum dulcamara,OpenWetPoor
1235509,Solanum dulcamara,OpenWetPoor
1235552,Solanum dulcamara,OpenWetPoor
1235553,Solanum dulcamara,OpenWetPoor
1235555,Solanum dulcamara,OpenWetPoor
1235556,Solanum dulcamara,OpenWetPoor
1235599,Solanum dulcamara,OpenWetPoor
1235600,Solanum dulcamara,OpenWetPoor
1237544,Solanum dulcamara,OpenWetPoor
1237545,Solanum dulcamara,OpenWetPoor
1237546,Solanum dulcamara,OpenWetPoor
1237808,Solanum dulcamara,OpenWetPoor
1237820,Solanum dulcamara,OpenWetPoor
1237821,Solanum dulcamara,OpenWetPoor
1237853,Solanum dulcamara,OpenWetPoor
1237854,Solanum dulcamara,OpenWetPoor
1237855,Solanum dulcamara,OpenWetPoor
1237856,Solanum dulcamara,OpenWetPoor
1239844,Solanum dulcamara,OpenWetPoor
1240119,Solanum dulcamara,OpenWetPoor
1240120,Solanum dulcamara,OpenWetPoor
1240121,Solanum dulcamara,OpenWetPoor
1240122,Solanum dulcamara,OpenWetPoor
1240153,Solanum dulcamara,OpenWetPoor
1240154,Solanum dulcamara,OpenWetPoor
1240155,Solanum dulcamara,OpenWetPoor
1240156,Solanum dulcamara,OpenWetPoor
1240157,Solanum dulcamara,OpenWetPoor
1240203,Solanum dulcamara,OpenWetPoor
1240204,Solanum dulcamara,OpenWetPoor
1240349,Solanum dulcamara,OpenWetPoor
1240352,Solanum dulcamara,OpenWetPoor
1242414,Solanum dulcamara,OpenWetPoor
1242418,Solanum dulcamara,OpenWetPoor
1242419,Solanum dulcamara,OpenWetPoor
1242420,Solanum dulcamara,OpenWetPoor
1242422,Solanum dulcamara,OpenWetPoor
1242423,Solanum dulcamara,OpenWetPoor
1242453,Solanum dulcamara,OpenWetPoor
1242454,Solanum dulcamara,OpenWetPoor
1242456,Solanum dulcamara,OpenWetPoor
1242457,Solanum dulcamara,OpenWetPoor
1242502,Solanum dulcamara,OpenWetPoor
1242503,Solanum dulcamara,OpenWetPoor
1242504,Solanum dulcamara,OpenWetPoor
1242505,Solanum dulcamara,OpenWetPoor
1242650,Solanum dulcamara,OpenWetPoor
1242651,Solanum dulcamara,OpenWetPoor
1242652,Solanum dulcamara,OpenWetPoor
1242716,Solanum dulcamara,OpenWetPoor
1244713,Solanum dulcamara,OpenWetPoor
1244714,Solanum dulcamara,OpenWetPoor
1244715,Solanum dulcamara,OpenWetPoor
1244716,Solanum dulcamara,OpenWetPoor
1244717,Solanum dulcamara,OpenWetPoor
1244718,Solanum dulcamara,OpenWetPoor
1244719,Solanum dulcamara,OpenWetPoor
1244720,Solanum dulcamara,OpenWetPoor
1244721,Solanum dulcamara,OpenWetPoor
1244722,Solanum dulcamara,OpenWetPoor
1244723,Solanum dulcamara,OpenWetPoor
1244754,Solanum dulcamara,OpenWetPoor
1244755,Solanum dulcamara,OpenWetPoor
1244756,Solanum dulcamara,OpenWetPoor
1244804,Solanum dulcamara,OpenWetPoor
1244949,Solanum dulcamara,OpenWetPoor
1244950,Solanum dulcamara,OpenWetPoor
1245016,Solanum dulcamara,OpenWetPoor
1245017,Solanum dulcamara,OpenWetPoor
1245018,Solanum dulcamara,OpenWetPoor
1246743,Solanum dulcamara,OpenWetPoor
1246927,Solanum dulcamara,OpenWetPoor
1246997,Solanum dulcamara,OpenWetPoor
1246999,Solanum dulcamara,OpenWetPoor
1247011,Solanum dulcamara,OpenWetPoor
1247012,Solanum dulcamara,OpenWetPoor
1247013,Solanum dulcamara,OpenWetPoor
1247014,Solanum dulcamara,OpenWetPoor
1247015,Solanum dulcamara,OpenWetPoor
1247016,Solanum dulcamara,OpenWetPoor
1247018,Solanum dulcamara,OpenWetPoor
1247019,Solanum dulcamara,OpenWetPoor
1247020,Solanum dulcamara,OpenWetPoor
1247021,Solanum dulcamara,OpenWetPoor
1247022,Solanum dulcamara,OpenWetPoor
1247055,Solanum dulcamara,OpenWetPoor
1247102,Solanum dulcamara,OpenWetPoor
1247103,Solanum dulcamara,OpenWetPoor
1247104,Solanum dulcamara,OpenWetPoor
1247251,Solanum dulcamara,OpenWetPoor
1247317,Solanum dulcamara,OpenWetPoor
1247318,Solanum dulcamara,OpenWetPoor
1249227,Solanum dulcamara,OpenWetPoor
1249299,Solanum dulcamara,OpenWetPoor
1249302,Solanum dulcamara,OpenWetPoor
1249311,Solanum dulcamara,OpenWetPoor
1249312,Solanum dulcamara,OpenWetPoor
1249313,Solanum dulcamara,OpenWetPoor
1249314,Solanum dulcamara,OpenWetPoor
1249315,Solanum dulcamara,OpenWetPoor
1249316,Solanum dulcamara,OpenWetPoor
1249317,Solanum dulcamara,OpenWetPoor
1249318,Solanum dulcamara,OpenWetPoor
1249319,Solanum dulcamara,OpenWetPoor
1249402,Solanum dulcamara,OpenWetPoor
1249403,Solanum dulcamara,OpenWetPoor
1249404,Solanum dulcamara,OpenWetPoor
1249550,Solanum dulcamara,OpenWetPoor
1249551,Solanum dulcamara,OpenWetPoor
1249617,Solanum dulcamara,OpenWetPoor
1249618,Solanum dulcamara,OpenWetPoor
1249619,Solanum dulcamara,OpenWetPoor
1251342,Solanum dulcamara,OpenWetPoor
1251600,Solanum dulcamara,OpenWetPoor
1251601,Solanum dulcamara,OpenWetPoor
1251602,Solanum dulcamara,OpenWetPoor
1251603,Solanum dulcamara,OpenWetPoor
1251612,Solanum dulcamara,OpenWetPoor
1251613,Solanum dulcamara,OpenWetPoor
1251614,Solanum dulcamara,OpenWetPoor
1251615,Solanum dulcamara,OpenWetPoor
1251616,Solanum dulcamara,OpenWetPoor
1251617,Solanum dulcamara,OpenWetPoor
1251618,Solanum dulcamara,OpenWetPoor
1251847,Solanum dulcamara,OpenWetPoor
1251850,Solanum dulcamara,OpenWetPoor
1251851,Solanum dulcamara,OpenWetPoor
1251918,Solanum dulcamara,OpenWetPoor
1251919,Solanum dulcamara,OpenWetPoor
1253900,Solanum dulcamara,OpenWetPoor
1253901,Solanum dulcamara,OpenWetPoor
1253903,Solanum dulcamara,OpenWetPoor
1253904,Solanum dulcamara,OpenWetPoor
1253910,Solanum dulcamara,OpenWetPoor
1253911,Solanum dulcamara,OpenWetPoor
1253913,Solanum dulcamara,OpenWetPoor
1253914,Solanum dulcamara,OpenWetPoor
1253915,Solanum dulcamara,OpenWetPoor
1253957,Solanum dulcamara,OpenWetPoor
1253958,Solanum dulcamara,OpenWetPoor
1254219,Solanum dulcamara,OpenWetPoor
1256201,Solanum dulcamara,OpenWetPoor
1256202,Solanum dulcamara,OpenWetPoor
1256203,Solanum dulcamara,OpenWetPoor
1256204,Solanum dulcamara,OpenWetPoor
1256210,Solanum dulcamara,OpenWetPoor
1256211,Solanum dulcamara,OpenWetPoor
1256212,Solanum dulcamara,OpenWetPoor
1256213,Solanum dulcamara,OpenWetPoor
1256214,Solanum dulcamara,OpenWetPoor
1256256,Solanum dulcamara,OpenWetPoor
1256257,Solanum dulcamara,OpenWetPoor
1256258,Solanum dulcamara,OpenWetPoor
1256259,Solanum dulcamara,OpenWetPoor
1258262,Solanum dulcamara,OpenWetPoor
1258263,Solanum dulcamara,OpenWetPoor
1258502,Solanum dulcamara,OpenWetPoor
1258503,Solanum dulcamara,OpenWetPoor
1258509,Solanum dulcamara,OpenWetPoor
1258510,Solanum dulcamara,OpenWetPoor
1258511,Solanum dulcamara,OpenWetPoor
1258512,Solanum dulcamara,OpenWetPoor
1258513,Solanum dulcamara,OpenWetPoor
1258553,Solanum dulcamara,OpenWetPoor
1258554,Solanum dulcamara,OpenWetPoor
1258555,Solanum dulcamara,OpenWetPoor
1258556,Solanum dulcamara,OpenWetPoor
1258557,Solanum dulcamara,OpenWetPoor
1258777,Solanum dulcamara,OpenWetPoor
1258778,Solanum dulcamara,OpenWetPoor
1260539,Solanum dulcamara,OpenWetPoor
1260540,Solanum dulcamara,OpenWetPoor
1260562,Solanum dulcamara,OpenWetPoor
1260563,Solanum dulcamara,OpenWetPoor
1260564,Solanum dulcamara,OpenWetPoor
1260634,Solanum dulcamara,OpenWetPoor
1260810,Solanum dulcamara,OpenWetPoor
1260811,Solanum dulcamara,OpenWetPoor
1260812,Solanum dulcamara,OpenWetPoor
1260813,Solanum dulcamara,OpenWetPoor
1260853,Solanum dulcamara,OpenWetPoor
1260855,Solanum dulcamara,OpenWetPoor
1260859,Solanum dulcamara,OpenWetPoor
1260860,Solanum dulcamara,OpenWetPoor
1261077,Solanum dulcamara,OpenWetPoor
1261078,Solanum dulcamara,OpenWetPoor
1262826,Solanum dulcamara,OpenWetPoor
1262863,Solanum dulcamara,OpenWetPoor
1262930,Solanum dulcamara,OpenWetPoor
1262931,Solanum dulcamara,OpenWetPoor
1262934,Solanum dulcamara,OpenWetPoor
1263054,Solanum dulcamara,OpenWetPoor
1263110,Solanum dulcamara,OpenWetPoor
1263111,Solanum dulcamara,OpenWetPoor
1263112,Solanum dulcamara,OpenWetPoor
1263153,Solanum dulcamara,OpenWetPoor
1263154,Solanum dulcamara,OpenWetPoor
1263155,Solanum dulcamara,OpenWetPoor
1263156,Solanum dulcamara,OpenWetPoor
1263157,Solanum dulcamara,OpenWetPoor
1263159,Solanum dulcamara,OpenWetPoor
1263375,Solanum dulcamara,OpenWetPoor
1263376,Solanum dulcamara,OpenWetPoor
1265126,Solanum dulcamara,OpenWetPoor
1265173,Solanum dulcamara,OpenWetPoor
1265234,Solanum dulcamara,OpenWetPoor
1265254,Solanum dulcamara,OpenWetPoor
1265255,Solanum dulcamara,OpenWetPoor
1265256,Solanum dulcamara,OpenWetPoor
1265257,Solanum dulcamara,OpenWetPoor
1265417,Solanum dulcamara,OpenWetPoor
1265418,Solanum dulcamara,OpenWetPoor
1265419,Solanum dulcamara,OpenWetPoor
1265420,Solanum dulcamara,OpenWetPoor
1265450,Solanum dulcamara,OpenWetPoor
1265451,Solanum dulcamara,OpenWetPoor
1265452,Solanum dulcamara,OpenWetPoor
1265453,Solanum dulcamara,OpenWetPoor
1265457,Solanum dulcamara,OpenWetPoor
1265458,Solanum dulcamara,OpenWetPoor
1265459,Solanum dulcamara,OpenWetPoor
1265520,Solanum dulcamara,OpenWetPoor
1265521,Solanum dulcamara,OpenWetPoor
1265718,Solanum dulcamara,OpenWetPoor
1267554,Solanum dulcamara,OpenWetPoor
1267555,Solanum dulcamara,OpenWetPoor
1267556,Solanum dulcamara,OpenWetPoor
1267557,Solanum dulcamara,OpenWetPoor
1267716,Solanum dulcamara,OpenWetPoor
1267717,Solanum dulcamara,OpenWetPoor
1267719,Solanum dulcamara,OpenWetPoor
1267721,Solanum dulcamara,OpenWetPoor
1267722,Solanum dulcamara,OpenWetPoor
1267723,Solanum dulcamara,OpenWetPoor
1267750,Solanum dulcamara,OpenWetPoor
1267751,Solanum dulcamara,OpenWetPoor
1267752,Solanum dulcamara,OpenWetPoor
1267753,Solanum dulcamara,OpenWetPoor
1267759,Solanum dulcamara,OpenWetPoor
1267821,Solanum dulcamara,OpenWetPoor
1267823,Solanum dulcamara,OpenWetPoor
1267974,Solanum dulcamara,OpenWetPoor
1269759,Solanum dulcamara,OpenWetPoor
1270016,Solanum dulcamara,OpenWetPoor
1270017,Solanum dulcamara,OpenWetPoor
1270018,Solanum dulcamara,OpenWetPoor
1270021,Solanum dulcamara,OpenWetPoor
1270022,Solanum dulcamara,OpenWetPoor
1270023,Solanum dulcamara,OpenWetPoor
1270051,Solanum dulcamara,OpenWetPoor
1270052,Solanum dulcamara,OpenWetPoor
1270121,Solanum dulcamara,OpenWetPoor
1270123,Solanum dulcamara,OpenWetPoor
1272024,Solanum dulcamara,OpenWetPoor
1272027,Solanum dulcamara,OpenWetPoor
1272317,Solanum dulcamara,OpenWetPoor
1272318,Solanum dulcamara,OpenWetPoor
1272319,Solanum dulcamara,OpenWetPoor
1272320,Solanum dulcamara,OpenWetPoor
1272321,Solanum dulcamara,OpenWetPoor
1272322,Solanum dulcamara,OpenWetPoor
1272335,Solanum dulcamara,OpenWetPoor
1272350,Solanum dulcamara,OpenWetPoor
1272351,Solanum dulcamara,OpenWetPoor
1272352,Solanum dulcamara,OpenWetPoor
1272353,Solanum dulcamara,OpenWetPoor
1272355,Solanum dulcamara,OpenWetPoor
1274314,Solanum dulcamara,OpenWetPoor
1274315,Solanum dulcamara,OpenWetPoor
1274319,Solanum dulcamara,OpenWetPoor
1274618,Solanum dulcamara,OpenWetPoor
1274622,Solanum dulcamara,OpenWetPoor
1274634,Solanum dulcamara,OpenWetPoor
1274635,Solanum dulcamara,OpenWetPoor
1274636,Solanum dulcamara,OpenWetPoor
1274654,Solanum dulcamara,OpenWetPoor
1274849,Solanum dulcamara,OpenWetPoor
1276925,Solanum dulcamara,OpenWetPoor
1276926,Solanum dulcamara,OpenWetPoor
1276933,Solanum dulcamara,OpenWetPoor
1276935,Solanum dulcamara,OpenWetPoor
1278934,Solanum dulcamara,OpenWetPoor
1279223,Solanum dulcamara,OpenWetPoor
1279224,Solanum dulcamara,OpenWetPoor
1279232,Solanum dulcamara,OpenWetPoor
1279235,Solanum dulcamara,OpenWetPoor
1281213,Solanum dulcamara,OpenWetPoor
1281523,Solanum dulcamara,OpenWetPoor
1281524,Solanum dulcamara,OpenWetPoor
1281531,Solanum dulcamara,OpenWetPoor
1281532,Solanum dulcamara,OpenWetPoor
1281533,Solanum dulcamara,OpenWetPoor
1281534,Solanum dulcamara,OpenWetPoor
1281535,Solanum dulcamara,OpenWetPoor
1281536,Solanum dulcamara,OpenWetPoor
1281750,Solanum dulcamara,OpenWetPoor
1283513,Solanum dulcamara,OpenWetPoor
1283533,Solanum dulcamara,OpenWetPoor
1283788,Solanum dulcamara,OpenWetPoor
1283830,Solanum dulcamara,OpenWetPoor
1283831,Solanum dulcamara,OpenWetPoor
1283832,Solanum dulcamara,OpenWetPoor
1283833,Solanum dulcamara,OpenWetPoor
1283834,Solanum dulcamara,OpenWetPoor
1283835,Solanum dulcamara,OpenWetPoor
1283837,Solanum dulcamara,OpenWetPoor
1286088,Solanum dulcamara,OpenWetPoor
1286089,Solanum dulcamara,OpenWetPoor
1286090,Solanum dulcamara,OpenWetPoor
1286130,Solanum dulcamara,OpenWetPoor
1286131,Solanum dulcamara,OpenWetPoor
1286132,Solanum dulcamara,OpenWetPoor
1286133,Solanum dulcamara,OpenWetPoor
1286134,Solanum dulcamara,OpenWetPoor
1286135,Solanum dulcamara,OpenWetPoor
1288388,Solanum dulcamara,OpenWetPoor
1288390,Solanum dulcamara,OpenWetPoor
1288667,Solanum dulcamara,OpenWetPoor
1288668,Solanum dulcamara,OpenWetPoor
1290480,Solanum dulcamara,OpenWetPoor
1290688,Solanum dulcamara,OpenWetPoor
1290689,Solanum dulcamara,OpenWetPoor
1290691,Solanum dulcamara,OpenWetPoor
1290966,Solanum dulcamara,OpenWetPoor
1293266,Solanum dulcamara,OpenWetPoor
1293267,Solanum dulcamara,OpenWetPoor
1295357,Solanum dulcamara,OpenWetPoor
1295358,Solanum dulcamara,OpenWetPoor
1295565,Solanum dulcamara,OpenWetPoor
1295566,Solanum dulcamara,OpenWetPoor
1295567,Solanum dulcamara,OpenWetPoor
1297656,Solanum dulcamara,OpenWetPoor
1297657,Solanum dulcamara,OpenWetPoor
1297810,Solanum dulcamara,OpenWetPoor
1299954,Solanum dulcamara,OpenWetPoor
1299955,Solanum dulcamara,OpenWetPoor
1299956,Solanum dulcamara,OpenWetPoor
1299957,Solanum dulcamara,OpenWetPoor
1300110,Solanum dulcamara,OpenWetPoor
1302128,Solanum dulcamara,OpenWetPoor
1302255,Solanum dulcamara,OpenWetPoor
1302256,Solanum dulcamara,OpenWetPoor
1302257,Solanum dulcamara,OpenWetPoor
1302379,Solanum dulcamara,OpenWetPoor
1302410,Solanum dulcamara,OpenWetPoor
1304427,Solanum dulcamara,OpenWetPoor
1304428,Solanum dulcamara,OpenWetPoor
1304493,Solanum dulcamara,OpenWetPoor
1304710,Solanum dulcamara,OpenWetPoor
1304711,Solanum dulcamara,OpenWetPoor
1304712,Solanum dulcamara,OpenWetPoor
1306501,Solanum dulcamara,OpenWetPoor
1306519,Solanum dulcamara,OpenWetPoor
1306520,Solanum dulcamara,OpenWetPoor
1306522,Solanum dulcamara,OpenWetPoor
1306792,Solanum dulcamara,OpenWetPoor
1306793,Solanum dulcamara,OpenWetPoor
1306794,Solanum dulcamara,OpenWetPoor
1306795,Solanum dulcamara,OpenWetPoor
1307009,Solanum dulcamara,OpenWetPoor
1307013,Solanum dulcamara,OpenWetPoor
1308802,Solanum dulcamara,OpenWetPoor
1308803,Solanum dulcamara,OpenWetPoor
1308804,Solanum dulcamara,OpenWetPoor
1308805,Solanum dulcamara,OpenWetPoor
1308822,Solanum dulcamara,OpenWetPoor
1309014,Solanum dulcamara,OpenWetPoor
1309092,Solanum dulcamara,OpenWetPoor
1309093,Solanum dulcamara,OpenWetPoor
1309095,Solanum dulcamara,OpenWetPoor
1309311,Solanum dulcamara,OpenWetPoor
1309312,Solanum dulcamara,OpenWetPoor
1309313,Solanum dulcamara,OpenWetPoor
1309314,Solanum dulcamara,OpenWetPoor
1311106,Solanum dulcamara,OpenWetPoor
1311393,Solanum dulcamara,OpenWetPoor
1311394,Solanum dulcamara,OpenWetPoor
1311610,Solanum dulcamara,OpenWetPoor
1311611,Solanum dulcamara,OpenWetPoor
1311612,Solanum dulcamara,OpenWetPoor
1311613,Solanum dulcamara,OpenWetPoor
1311614,Solanum dulcamara,OpenWetPoor
1313693,Solanum dulcamara,OpenWetPoor
1313694,Solanum dulcamara,OpenWetPoor
1313695,Solanum dulcamara,OpenWetPoor
1313909,Solanum dulcamara,OpenWetPoor
1313910,Solanum dulcamara,OpenWetPoor
1313911,Solanum dulcamara,OpenWetPoor
1313912,Solanum dulcamara,OpenWetPoor
1313913,Solanum dulcamara,OpenWetPoor
1315993,Solanum dulcamara,OpenWetPoor
1315994,Solanum dulcamara,OpenWetPoor
1315995,Solanum dulcamara,OpenWetPoor
1315996,Solanum dulcamara,OpenWetPoor
1316213,Solanum dulcamara,OpenWetPoor
1316214,Solanum dulcamara,OpenWetPoor
1318293,Solanum dulcamara,OpenWetPoor
1318294,Solanum dulcamara,OpenWetPoor
1318295,Solanum dulcamara,OpenWetPoor
1318296,Solanum dulcamara,OpenWetPoor
1318297,Solanum dulcamara,OpenWetPoor
1320593,Solanum dulcamara,OpenWetPoor
1320594,Solanum dulcamara,OpenWetPoor
1320595,Solanum dulcamara,OpenWetPoor
1320596,Solanum dulcamara,OpenWetPoor
1320704,Solanum dulcamara,OpenWetPoor
1322599,Solanum dulcamara,OpenWetPoor
1322824,Solanum dulcamara,OpenWetPoor
1322825,Solanum dulcamara,OpenWetPoor
1322893,Solanum dulcamara,OpenWetPoor
1322954,Solanum dulcamara,OpenWetPoor
1322955,Solanum dulcamara,OpenWetPoor
1323001,Solanum dulcamara,OpenWetPoor
1323119,Solanum dulcamara,OpenWetPoor
1323120,Solanum dulcamara,OpenWetPoor
1323121,Solanum dulcamara,OpenWetPoor
1324899,Solanum dulcamara,OpenWetPoor
1325123,Solanum dulcamara,OpenWetPoor
1325124,Solanum dulcamara,OpenWetPoor
1325125,Solanum dulcamara,OpenWetPoor
1325194,Solanum dulcamara,OpenWetPoor
1325195,Solanum dulcamara,OpenWetPoor
1325253,Solanum dulcamara,OpenWetPoor
1325254,Solanum dulcamara,OpenWetPoor
1325255,Solanum dulcamara,OpenWetPoor
1325257,Solanum dulcamara,OpenWetPoor
1325302,Solanum dulcamara,OpenWetPoor
1325354,Solanum dulcamara,OpenWetPoor
1325419,Solanum dulcamara,OpenWetPoor
1325420,Solanum dulcamara,OpenWetPoor
1325421,Solanum dulcamara,OpenWetPoor
1325423,Solanum dulcamara,OpenWetPoor
1325424,Solanum dulcamara,OpenWetPoor
1327200,Solanum dulcamara,OpenWetPoor
1327424,Solanum dulcamara,OpenWetPoor
1327425,Solanum dulcamara,OpenWetPoor
1327493,Solanum dulcamara,OpenWetPoor
1327494,Solanum dulcamara,OpenWetPoor
1327495,Solanum dulcamara,OpenWetPoor
1327496,Solanum dulcamara,OpenWetPoor
1327553,Solanum dulcamara,OpenWetPoor
1327554,Solanum dulcamara,OpenWetPoor
1327555,Solanum dulcamara,OpenWetPoor
1327556,Solanum dulcamara,OpenWetPoor
1327557,Solanum dulcamara,OpenWetPoor
1327654,Solanum dulcamara,OpenWetPoor
1327655,Solanum dulcamara,OpenWetPoor
1327715,Solanum dulcamara,OpenWetPoor
1327716,Solanum dulcamara,OpenWetPoor
1327717,Solanum dulcamara,OpenWetPoor
1327719,Solanum dulcamara,OpenWetPoor
1327724,Solanum dulcamara,OpenWetPoor
1327725,Solanum dulcamara,OpenWetPoor
1327726,Solanum dulcamara,OpenWetPoor
1329500,Solanum dulcamara,OpenWetPoor
1329505,Solanum dulcamara,OpenWetPoor
1329725,Solanum dulcamara,OpenWetPoor
1329726,Solanum dulcamara,OpenWetPoor
1329792,Solanum dulcamara,OpenWetPoor
1329793,Solanum dulcamara,OpenWetPoor
1329794,Solanum dulcamara,OpenWetPoor
1329853,Solanum dulcamara,OpenWetPoor
1329854,Solanum dulcamara,OpenWetPoor
1329855,Solanum dulcamara,OpenWetPoor
1329856,Solanum dulcamara,OpenWetPoor
1329955,Solanum dulcamara,OpenWetPoor
1330014,Solanum dulcamara,OpenWetPoor
1330015,Solanum dulcamara,OpenWetPoor
1330018,Solanum dulcamara,OpenWetPoor
1330019,Solanum dulcamara,OpenWetPoor
1330020,Solanum dulcamara,OpenWetPoor
1330026,Solanum dulcamara,OpenWetPoor
1332025,Solanum dulcamara,OpenWetPoor
1332026,Solanum dulcamara,OpenWetPoor
1332092,Solanum dulcamara,OpenWetPoor
1332093,Solanum dulcamara,OpenWetPoor
1332154,Solanum dulcamara,OpenWetPoor
1332155,Solanum dulcamara,OpenWetPoor
1332156,Solanum dulcamara,OpenWetPoor
1332315,Solanum dulcamara,OpenWetPoor
1332326,Solanum dulcamara,OpenWetPoor
1334555,Solanum dulcamara,OpenWetPoor
1334619,Solanum dulcamara,OpenWetPoor
1334626,Solanum dulcamara,OpenWetPoor
1334627,Solanum dulcamara,OpenWetPoor
1336924,Solanum dulcamara,OpenWetPoor
1341305,Solanum dulcamara,OpenWetPoor
1341306,Solanum dulcamara,OpenWetPoor
1341314,Solanum dulcamara,OpenWetPoor
1343611,Solanum dulcamara,OpenWetPoor
1343613,Solanum dulcamara,OpenWetPoor
1343614,Solanum dulcamara,OpenWetPoor
1345911,Solanum dulcamara,OpenWetPoor
1345912,Solanum dulcamara,OpenWetPoor
1348109,Solanum dulcamara,OpenWetPoor
1348211,Solanum dulcamara,OpenWetPoor
1348212,Solanum dulcamara,OpenWetPoor
1350405,Solanum dulcamara,OpenWetPoor
1350406,Solanum dulcamara,OpenWetPoor
1350511,Solanum dulcamara,OpenWetPoor
1350512,Solanum dulcamara,OpenWetPoor
1350513,Solanum dulcamara,OpenWetPoor
1350514,Solanum dulcamara,OpenWetPoor
1350515,Solanum dulcamara,OpenWetPoor
1352704,Solanum dulcamara,OpenWetPoor
1352754,Solanum dulcamara,OpenWetPoor
1352812,Solanum dulcamara,OpenWetPoor
1352813,Solanum dulcamara,OpenWetPoor
1352814,Solanum dulcamara,OpenWetPoor
1352815,Solanum dulcamara,OpenWetPoor
1352816,Solanum dulcamara,OpenWetPoor
1355005,Solanum dulcamara,OpenWetPoor
1355053,Solanum dulcamara,OpenWetPoor
1355054,Solanum dulcamara,OpenWetPoor
1355055,Solanum dulcamara,OpenWetPoor
1355056,Solanum dulcamara,OpenWetPoor
1355113,Solanum dulcamara,OpenWetPoor
1355114,Solanum dulcamara,OpenWetPoor
1355115,Solanum dulcamara,OpenWetPoor
1355116,Solanum dulcamara,OpenWetPoor
1355187,Solanum dulcamara,OpenWetPoor
1355427,Solanum dulcamara,OpenWetPoor
1355428,Solanum dulcamara,OpenWetPoor
1355430,Solanum dulcamara,OpenWetPoor
1357352,Solanum dulcamara,OpenWetPoor
1357353,Solanum dulcamara,OpenWetPoor
1357354,Solanum dulcamara,OpenWetPoor
1357420,Solanum dulcamara,OpenWetPoor
1357486,Solanum dulcamara,OpenWetPoor
1357728,Solanum dulcamara,OpenWetPoor
1357729,Solanum dulcamara,OpenWetPoor
1357730,Solanum dulcamara,OpenWetPoor
1359652,Solanum dulcamara,OpenWetPoor
1359653,Solanum dulcamara,OpenWetPoor
1359720,Solanum dulcamara,OpenWetPoor
1359721,Solanum dulcamara,OpenWetPoor
1359786,Solanum dulcamara,OpenWetPoor
1360026,Solanum dulcamara,OpenWetPoor
1360028,Solanum dulcamara,OpenWetPoor
1360029,Solanum dulcamara,OpenWetPoor
1360030,Solanum dulcamara,OpenWetPoor
1362086,Solanum dulcamara,OpenWetPoor
1362087,Solanum dulcamara,OpenWetPoor
1362327,Solanum dulcamara,OpenWetPoor
1362328,Solanum dulcamara,OpenWetPoor
1362329,Solanum dulcamara,OpenWetPoor
1362330,Solanum dulcamara,OpenWetPoor
1364528,Solanum dulcamara,OpenWetPoor
1364628,Solanum dulcamara,OpenWetPoor
1364629,Solanum dulcamara,OpenWetPoor
1366504,Solanum dulcamara,OpenWetPoor
1371425,Solanum dulcamara,OpenWetPoor
1371428,Solanum dulcamara,OpenWetPoor
1373727,Solanum dulcamara,OpenWetPoor
1375498,Solanum dulcamara,OpenWetPoor
1376030,Solanum dulcamara,OpenWetPoor
1377798,Solanum dulcamara,OpenWetPoor
1377799,Solanum dulcamara,OpenWetPoor
1378142,Solanum dulcamara,OpenWetPoor
1378143,Solanum dulcamara,OpenWetPoor
1378144,Solanum dulcamara,OpenWetPoor
1378390,Solanum dulcamara,OpenWetPoor
1380099,Solanum dulcamara,OpenWetPoor
1380441,Solanum dulcamara,OpenWetPoor
1380442,Solanum dulcamara,OpenWetPoor
1380689,Solanum dulcamara,OpenWetPoor
1380690,Solanum dulcamara,OpenWetPoor
1380691,Solanum dulcamara,OpenWetPoor
1380692,Solanum dulcamara,OpenWetPoor
1382399,Solanum dulcamara,OpenWetPoor
1382677,Solanum dulcamara,OpenWetPoor
1382742,Solanum dulcamara,OpenWetPoor
1382988,Solanum dulcamara,OpenWetPoor
1382989,Solanum dulcamara,OpenWetPoor
1382990,Solanum dulcamara,OpenWetPoor
1382991,Solanum dulcamara,OpenWetPoor
1382992,Solanum dulcamara,OpenWetPoor
1384904,Solanum dulcamara,OpenWetPoor
1384959,Solanum dulcamara,OpenWetPoor
1384960,Solanum dulcamara,OpenWetPoor
1384977,Solanum dulcamara,OpenWetPoor
1385041,Solanum dulcamara,OpenWetPoor
1385042,Solanum dulcamara,OpenWetPoor
1385288,Solanum dulcamara,OpenWetPoor
1385289,Solanum dulcamara,OpenWetPoor
1385290,Solanum dulcamara,OpenWetPoor
1385292,Solanum dulcamara,OpenWetPoor
1387000,Solanum dulcamara,OpenWetPoor
1387197,Solanum dulcamara,OpenWetPoor
1387198,Solanum dulcamara,OpenWetPoor
1387259,Solanum dulcamara,OpenWetPoor
1387260,Solanum dulcamara,OpenWetPoor
1387267,Solanum dulcamara,OpenWetPoor
1387277,Solanum dulcamara,OpenWetPoor
1387589,Solanum dulcamara,OpenWetPoor
1387590,Solanum dulcamara,OpenWetPoor
1387591,Solanum dulcamara,OpenWetPoor
1387592,Solanum dulcamara,OpenWetPoor
1389497,Solanum dulcamara,OpenWetPoor
1389498,Solanum dulcamara,OpenWetPoor
1389499,Solanum dulcamara,OpenWetPoor
1389561,Solanum dulcamara,OpenWetPoor
1389567,Solanum dulcamara,OpenWetPoor
1389568,Solanum dulcamara,OpenWetPoor
1389569,Solanum dulcamara,OpenWetPoor
1391599,Solanum dulcamara,OpenWetPoor
1391600,Solanum dulcamara,OpenWetPoor
1391797,Solanum dulcamara,OpenWetPoor
1391861,Solanum dulcamara,OpenWetPoor
1391869,Solanum dulcamara,OpenWetPoor
1393899,Solanum dulcamara,OpenWetPoor
1393900,Solanum dulcamara,OpenWetPoor
1394097,Solanum dulcamara,OpenWetPoor
1394098,Solanum dulcamara,OpenWetPoor
1394166,Solanum dulcamara,OpenWetPoor
1394311,Solanum dulcamara,OpenWetPoor
1394312,Solanum dulcamara,OpenWetPoor
1396396,Solanum dulcamara,OpenWetPoor
1396397,Solanum dulcamara,OpenWetPoor
1396398,Solanum dulcamara,OpenWetPoor
1396612,Solanum dulcamara,OpenWetPoor
1398696,Solanum dulcamara,OpenWetPoor
1398911,Solanum dulcamara,OpenWetPoor
1398912,Solanum dulcamara,OpenWetPoor
1400996,Solanum dulcamara,OpenWetPoor
1400997,Solanum dulcamara,OpenWetPoor
1401212,Solanum dulcamara,OpenWetPoor
1403296,Solanum dulcamara,OpenWetPoor
1403302,Solanum dulcamara,OpenWetPoor
1405467,Solanum dulcamara,OpenWetPoor
1407767,Solanum dulcamara,OpenWetPoor
1407768,Solanum dulcamara,OpenWetPoor
1407958,Solanum dulcamara,OpenWetPoor
1410066,Solanum dulcamara,OpenWetPoor
1410067,Solanum dulcamara,OpenWetPoor
1410068,Solanum dulcamara,OpenWetPoor
1417440,Solanum dulcamara,OpenWetPoor
1419736,Solanum dulcamara,OpenWetPoor
1419738,Solanum dulcamara,OpenWetPoor
1422038,Solanum dulcamara,OpenWetPoor
1422039,Solanum dulcamara,OpenWetPoor
1422040,Solanum dulcamara,OpenWetPoor
1426570,Solanum dulcamara,OpenWetPoor
1426571,Solanum dulcamara,OpenWetPoor
1426637,Solanum dulcamara,OpenWetPoor
1428938,Solanum dulcamara,OpenWetPoor
1435356,Solanum dulcamara,OpenWetPoor
1435357,Solanum dulcamara,OpenWetPoor
1437655,Solanum dulcamara,OpenWetPoor
1437657,Solanum dulcamara,OpenWetPoor
1439955,Solanum dulcamara,OpenWetPoor
1446841,Solanum dulcamara,OpenWetPoor
1446842,Solanum dulcamara,OpenWetPoor
1447084,Solanum dulcamara,OpenWetPoor
1447179,Solanum dulcamara,OpenWetPoor
1449144,Solanum dulcamara,OpenWetPoor
1449479,Solanum dulcamara,OpenWetPoor
1451577,Solanum dulcamara,OpenWetPoor
1451626,Solanum dulcamara,OpenWetPoor
1451801,Solanum dulcamara,OpenWetPoor
1453872,Solanum dulcamara,OpenWetPoor
1453878,Solanum dulcamara,OpenWetPoor
1453879,Solanum dulcamara,OpenWetPoor
1456170,Solanum dulcamara,OpenWetPoor
1456171,Solanum dulcamara,OpenWetPoor
1456173,Solanum dulcamara,OpenWetPoor
1458472,Solanum dulcamara,OpenWetPoor
1458473,Solanum dulcamara,OpenWetPoor
1458820,Solanum dulcamara,OpenWetPoor
1460769,Solanum dulcamara,OpenWetPoor
1460773,Solanum dulcamara,OpenWetPoor
1460777,Solanum dulcamara,OpenWetPoor
1463069,Solanum dulcamara,OpenWetPoor
1463077,Solanum dulcamara,OpenWetPoor
1463418,Solanum dulcamara,OpenWetPoor
1465369,Solanum dulcamara,OpenWetPoor
1465379,Solanum dulcamara,OpenWetPoor
1465380,Solanum dulcamara,OpenWetPoor
1465718,Solanum dulcamara,OpenWetPoor
1465719,Solanum dulcamara,OpenWetPoor
1467681,Solanum dulcamara,OpenWetPoor
1468020,Solanum dulcamara,OpenWetPoor
1469980,Solanum dulcamara,OpenWetPoor
1470403,Solanum dulcamara,OpenWetPoor
1472281,Solanum dulcamara,OpenWetPoor
1474581,Solanum dulcamara,OpenWetPoor
1474582,Solanum dulcamara,OpenWetPoor
1474583,Solanum dulcamara,OpenWetPoor
1476882,Solanum dulcamara,OpenWetPoor
1476883,Solanum dulcamara,OpenWetPoor
1479376,Solanum dulcamara,OpenWetPoor
1481675,Solanum dulcamara,OpenWetPoor
1481676,Solanum dulcamara,OpenWetPoor
1481855,Solanum dulcamara,OpenWetPoor
1481856,Solanum dulcamara,OpenWetPoor
1483698,Solanum dulcamara,OpenWetPoor
1483976,Solanum dulcamara,OpenWetPoor
1484155,Solanum dulcamara,OpenWetPoor
1484157,Solanum dulcamara,OpenWetPoor
1486274,Solanum dulcamara,OpenWetPoor
1486275,Solanum dulcamara,OpenWetPoor
1486453,Solanum dulcamara,OpenWetPoor
1495291,Solanum dulcamara,OpenWetPoor
1497506,Solanum dulcamara,OpenWetPoor
1497586,Solanum dulcamara,OpenWetPoor
1497587,Solanum dulcamara,OpenWetPoor
1497588,Solanum dulcamara,OpenWetPoor
1497589,Solanum dulcamara,OpenWetPoor
1497590,Solanum dulcamara,OpenWetPoor
1497591,Solanum dulcamara,OpenWetPoor
1497592,Solanum dulcamara,OpenWetPoor
1499804,Solanum dulcamara,OpenWetPoor
1499806,Solanum dulcamara,OpenWetPoor
1499807,Solanum dulcamara,OpenWetPoor
1499808,Solanum dulcamara,OpenWetPoor
1499891,Solanum dulcamara,OpenWetPoor
1499892,Solanum dulcamara,OpenWetPoor
1502075,Solanum dulcamara,OpenWetPoor
1502105,Solanum dulcamara,OpenWetPoor
1502107,Solanum dulcamara,OpenWetPoor
1502108,Solanum dulcamara,OpenWetPoor
1502192,Solanum dulcamara,OpenWetPoor
1504408,Solanum dulcamara,OpenWetPoor
1504464,Solanum dulcamara,OpenWetPoor
1504466,Solanum dulcamara,OpenWetPoor
1504485,Solanum dulcamara,OpenWetPoor
1504494,Solanum dulcamara,OpenWetPoor
1504698,Solanum dulcamara,OpenWetPoor
1504699,Solanum dulcamara,OpenWetPoor
1506764,Solanum dulcamara,OpenWetPoor
1506765,Solanum dulcamara,OpenWetPoor
1506785,Solanum dulcamara,OpenWetPoor
1506996,Solanum dulcamara,OpenWetPoor
1506997,Solanum dulcamara,OpenWetPoor
1509065,Solanum dulcamara,OpenWetPoor
1509371,Solanum dulcamara,OpenWetPoor
1509372,Solanum dulcamara,OpenWetPoor
1509373,Solanum dulcamara,OpenWetPoor
1511364,Solanum dulcamara,OpenWetPoor
1511573,Solanum dulcamara,OpenWetPoor
1511674,Solanum dulcamara,OpenWetPoor
1513664,Solanum dulcamara,OpenWetPoor
1513871,Solanum dulcamara,OpenWetPoor
1513897,Solanum dulcamara,OpenWetPoor
1513973,Solanum dulcamara,OpenWetPoor
1516171,Solanum dulcamara,OpenWetPoor
1516272,Solanum dulcamara,OpenWetPoor
1516273,Solanum dulcamara,OpenWetPoor
1518498,Solanum dulcamara,OpenWetPoor
1518667,Solanum dulcamara,OpenWetPoor
1518668,Solanum dulcamara,OpenWetPoor
1518736,Solanum dulcamara,OpenWetPoor
1518737,Solanum dulcamara,OpenWetPoor
1518738,Solanum dulcamara,OpenWetPoor
1518739,Solanum dulcamara,OpenWetPoor
1520375,Solanum dulcamara,OpenWetPoor
1520376,Solanum dulcamara,OpenWetPoor
1520740,Solanum dulcamara,OpenWetPoor
1520965,Solanum dulcamara,OpenWetPoor
1520966,Solanum dulcamara,OpenWetPoor
1520967,Solanum dulcamara,OpenWetPoor
1520969,Solanum dulcamara,OpenWetPoor
1521034,Solanum dulcamara,OpenWetPoor
1521035,Solanum dulcamara,OpenWetPoor
1521036,Solanum dulcamara,OpenWetPoor
1521037,Solanum dulcamara,OpenWetPoor
1521038,Solanum dulcamara,OpenWetPoor
1522676,Solanum dulcamara,OpenWetPoor
1522677,Solanum dulcamara,OpenWetPoor
1523264,Solanum dulcamara,OpenWetPoor
1523265,Solanum dulcamara,OpenWetPoor
1523266,Solanum dulcamara,OpenWetPoor
1523268,Solanum dulcamara,OpenWetPoor
1524976,Solanum dulcamara,OpenWetPoor
1524977,Solanum dulcamara,OpenWetPoor
1525108,Solanum dulcamara,OpenWetPoor
1525564,Solanum dulcamara,OpenWetPoor
1525565,Solanum dulcamara,OpenWetPoor
1525566,Solanum dulcamara,OpenWetPoor
1525567,Solanum dulcamara,OpenWetPoor
1525633,Solanum dulcamara,OpenWetPoor
1527762,Solanum dulcamara,OpenWetPoor
1527864,Solanum dulcamara,OpenWetPoor
1527865,Solanum dulcamara,OpenWetPoor
1527866,Solanum dulcamara,OpenWetPoor
1530062,Solanum dulcamara,OpenWetPoor
1530164,Solanum dulcamara,OpenWetPoor
1530165,Solanum dulcamara,OpenWetPoor
1532337,Solanum dulcamara,OpenWetPoor
1532338,Solanum dulcamara,OpenWetPoor
1534339,Solanum dulcamara,OpenWetPoor
1534636,Solanum dulcamara,OpenWetPoor
1534637,Solanum dulcamara,OpenWetPoor
1536602,Solanum dulcamara,OpenWetPoor
1536604,Solanum dulcamara,OpenWetPoor
1536605,Solanum dulcamara,OpenWetPoor
1536638,Solanum dulcamara,OpenWetPoor
1536936,Solanum dulcamara,OpenWetPoor
1536937,Solanum dulcamara,OpenWetPoor
1538904,Solanum dulcamara,OpenWetPoor
1538940,Solanum dulcamara,OpenWetPoor
1538941,Solanum dulcamara,OpenWetPoor
1541205,Solanum dulcamara,OpenWetPoor
1543506,Solanum dulcamara,OpenWetPoor
1543833,Solanum dulcamara,OpenWetPoor
1546134,Solanum dulcamara,OpenWetPoor
1546135,Solanum dulcamara,OpenWetPoor
1546248,Solanum dulcamara,OpenWetPoor
1548435,Solanum dulcamara,OpenWetPoor
1548436,Solanum dulcamara,OpenWetPoor
1548544,Solanum dulcamara,OpenWetPoor
1548545,Solanum dulcamara,OpenWetPoor
1548546,Solanum dulcamara,OpenWetPoor
1548547,Solanum dulcamara,OpenWetPoor
1548548,Solanum dulcamara,OpenWetPoor
1550698,Solanum dulcamara,OpenWetPoor
1550699,Solanum dulcamara,OpenWetPoor
1550700,Solanum dulcamara,OpenWetPoor
1550734,Solanum dulcamara,OpenWetPoor
1550735,Solanum dulcamara,OpenWetPoor
1550845,Solanum dulcamara,OpenWetPoor
1550846,Solanum dulcamara,OpenWetPoor
1550847,Solanum dulcamara,OpenWetPoor
1552996,Solanum dulcamara,OpenWetPoor
1552997,Solanum dulcamara,OpenWetPoor
1553035,Solanum dulcamara,OpenWetPoor
1554987,Solanum dulcamara,OpenWetPoor
1554988,Solanum dulcamara,OpenWetPoor
1555297,Solanum dulcamara,OpenWetPoor
1557176,Solanum dulcamara,OpenWetPoor
1557177,Solanum dulcamara,OpenWetPoor
1557286,Solanum dulcamara,OpenWetPoor
1557287,Solanum dulcamara,OpenWetPoor
1557288,Solanum dulcamara,OpenWetPoor
1557634,Solanum dulcamara,OpenWetPoor
1557683,Solanum dulcamara,OpenWetPoor
1559475,Solanum dulcamara,OpenWetPoor
1559476,Solanum dulcamara,OpenWetPoor
1559511,Solanum dulcamara,OpenWetPoor
1559512,Solanum dulcamara,OpenWetPoor
1559982,Solanum dulcamara,OpenWetPoor
1559983,Solanum dulcamara,OpenWetPoor
1561775,Solanum dulcamara,OpenWetPoor
1561776,Solanum dulcamara,OpenWetPoor
1561779,Solanum dulcamara,OpenWetPoor
1562233,Solanum dulcamara,OpenWetPoor
1562234,Solanum dulcamara,OpenWetPoor
1562235,Solanum dulcamara,OpenWetPoor
1562283,Solanum dulcamara,OpenWetPoor
1562285,Solanum dulcamara,OpenWetPoor
1564075,Solanum dulcamara,OpenWetPoor
1564076,Solanum dulcamara,OpenWetPoor
1564078,Solanum dulcamara,OpenWetPoor
1564079,Solanum dulcamara,OpenWetPoor
1564532,Solanum dulcamara,OpenWetPoor
1564533,Solanum dulcamara,OpenWetPoor
1564534,Solanum dulcamara,OpenWetPoor
1564535,Solanum dulcamara,OpenWetPoor
1566375,Solanum dulcamara,OpenWetPoor
1566377,Solanum dulcamara,OpenWetPoor
1566378,Solanum dulcamara,OpenWetPoor
1569024,Solanum dulcamara,OpenWetPoor
1575982,Solanum dulcamara,OpenWetPoor
1575983,Solanum dulcamara,OpenWetPoor
1578280,Solanum dulcamara,OpenWetPoor
1578281,Solanum dulcamara,OpenWetPoor
1578282,Solanum dulcamara,OpenWetPoor
1578283,Solanum dulcamara,OpenWetPoor
1578284,Solanum dulcamara,OpenWetPoor
1580572,Solanum dulcamara,OpenWetPoor
1580573,Solanum dulcamara,OpenWetPoor
1580574,Solanum dulcamara,OpenWetPoor
1580578,Solanum dulcamara,OpenWetPoor
1580579,Solanum dulcamara,OpenWetPoor
1580581,Solanum dulcamara,OpenWetPoor
1580582,Solanum dulcamara,OpenWetPoor
1580583,Solanum dulcamara,OpenWetPoor
1580584,Solanum dulcamara,OpenWetPoor
1580673,Solanum dulcamara,OpenWetPoor
1582774,Solanum dulcamara,OpenWetPoor
1582871,Solanum dulcamara,OpenWetPoor
1582872,Solanum dulcamara,OpenWetPoor
1582873,Solanum dulcamara,OpenWetPoor
1582874,Solanum dulcamara,OpenWetPoor
1582878,Solanum dulcamara,OpenWetPoor
1582879,Solanum dulcamara,OpenWetPoor
1582881,Solanum dulcamara,OpenWetPoor
1582883,Solanum dulcamara,OpenWetPoor
1582885,Solanum dulcamara,OpenWetPoor
1582886,Solanum dulcamara,OpenWetPoor
1582888,Solanum dulcamara,OpenWetPoor
1582889,Solanum dulcamara,OpenWetPoor
1582890,Solanum dulcamara,OpenWetPoor
1582891,Solanum dulcamara,OpenWetPoor
1585073,Solanum dulcamara,OpenWetPoor
1585074,Solanum dulcamara,OpenWetPoor
1585075,Solanum dulcamara,OpenWetPoor
1585172,Solanum dulcamara,OpenWetPoor
1585174,Solanum dulcamara,OpenWetPoor
1585178,Solanum dulcamara,OpenWetPoor
1585180,Solanum dulcamara,OpenWetPoor
1585182,Solanum dulcamara,OpenWetPoor
1585183,Solanum dulcamara,OpenWetPoor
1585184,Solanum dulcamara,OpenWetPoor
1585186,Solanum dulcamara,OpenWetPoor
1585187,Solanum dulcamara,OpenWetPoor
1585188,Solanum dulcamara,OpenWetPoor
1585189,Solanum dulcamara,OpenWetPoor
1585191,Solanum dulcamara,OpenWetPoor
1587374,Solanum dulcamara,OpenWetPoor
1587375,Solanum dulcamara,OpenWetPoor
1587471,Solanum dulcamara,OpenWetPoor
1587472,Solanum dulcamara,OpenWetPoor
1587473,Solanum dulcamara,OpenWetPoor
1587474,Solanum dulcamara,OpenWetPoor
1587475,Solanum dulcamara,OpenWetPoor
1587476,Solanum dulcamara,OpenWetPoor
1587477,Solanum dulcamara,OpenWetPoor
1587478,Solanum dulcamara,OpenWetPoor
1587479,Solanum dulcamara,OpenWetPoor
1587483,Solanum dulcamara,OpenWetPoor
1587485,Solanum dulcamara,OpenWetPoor
1587486,Solanum dulcamara,OpenWetPoor
1587487,Solanum dulcamara,OpenWetPoor
1587488,Solanum dulcamara,OpenWetPoor
1587490,Solanum dulcamara,OpenWetPoor
1587491,Solanum dulcamara,OpenWetPoor
1589675,Solanum dulcamara,OpenWetPoor
1589676,Solanum dulcamara,OpenWetPoor
1589771,Solanum dulcamara,OpenWetPoor
1589772,Solanum dulcamara,OpenWetPoor
1589773,Solanum dulcamara,OpenWetPoor
1589775,Solanum dulcamara,OpenWetPoor
1589777,Solanum dulcamara,OpenWetPoor
1589778,Solanum dulcamara,OpenWetPoor
1589779,Solanum dulcamara,OpenWetPoor
1589780,Solanum dulcamara,OpenWetPoor
1589781,Solanum dulcamara,OpenWetPoor
1589785,Solanum dulcamara,OpenWetPoor
1589786,Solanum dulcamara,OpenWetPoor
1589787,Solanum dulcamara,OpenWetPoor
1589788,Solanum dulcamara,OpenWetPoor
1589789,Solanum dulcamara,OpenWetPoor
1589790,Solanum dulcamara,OpenWetPoor
1589791,Solanum dulcamara,OpenWetPoor
1591972,Solanum dulcamara,OpenWetPoor
1591974,Solanum dulcamara,OpenWetPoor
1591975,Solanum dulcamara,OpenWetPoor
1592072,Solanum dulcamara,OpenWetPoor
1592073,Solanum dulcamara,OpenWetPoor
1592074,Solanum dulcamara,OpenWetPoor
1592075,Solanum dulcamara,OpenWetPoor
1592079,Solanum dulcamara,OpenWetPoor
1592080,Solanum dulcamara,OpenWetPoor
1592081,Solanum dulcamara,OpenWetPoor
1592085,Solanum dulcamara,OpenWetPoor
1592086,Solanum dulcamara,OpenWetPoor
1592087,Solanum dulcamara,OpenWetPoor
1592088,Solanum dulcamara,OpenWetPoor
1592090,Solanum dulcamara,OpenWetPoor
1592091,Solanum dulcamara,OpenWetPoor
1592092,Solanum dulcamara,OpenWetPoor
1592093,Solanum dulcamara,OpenWetPoor
1592094,Solanum dulcamara,OpenWetPoor
1592095,Solanum dulcamara,OpenWetPoor
1592125,Solanum dulcamara,OpenWetPoor
1592126,Solanum dulcamara,OpenWetPoor
1594272,Solanum dulcamara,OpenWetPoor
1594273,Solanum dulcamara,OpenWetPoor
1594274,Solanum dulcamara,OpenWetPoor
1594370,Solanum dulcamara,OpenWetPoor
1594371,Solanum dulcamara,OpenWetPoor
1594372,Solanum dulcamara,OpenWetPoor
1594373,Solanum dulcamara,OpenWetPoor
1594374,Solanum dulcamara,OpenWetPoor
1594378,Solanum dulcamara,OpenWetPoor
1594379,Solanum dulcamara,OpenWetPoor
1594380,Solanum dulcamara,OpenWetPoor
1594387,Solanum dulcamara,OpenWetPoor
1594388,Solanum dulcamara,OpenWetPoor
1594389,Solanum dulcamara,OpenWetPoor
1594390,Solanum dulcamara,OpenWetPoor
1594391,Solanum dulcamara,OpenWetPoor
1594392,Solanum dulcamara,OpenWetPoor
1594395,Solanum dulcamara,OpenWetPoor
1594422,Solanum dulcamara,OpenWetPoor
1594423,Solanum dulcamara,OpenWetPoor
1594424,Solanum dulcamara,OpenWetPoor
1594425,Solanum dulcamara,OpenWetPoor
1596534,Solanum dulcamara,OpenWetPoor
1596535,Solanum dulcamara,OpenWetPoor
1596536,Solanum dulcamara,OpenWetPoor
1596537,Solanum dulcamara,OpenWetPoor
1596538,Solanum dulcamara,OpenWetPoor
1596571,Solanum dulcamara,OpenWetPoor
1596572,Solanum dulcamara,OpenWetPoor
1596573,Solanum dulcamara,OpenWetPoor
1596574,Solanum dulcamara,OpenWetPoor
1596576,Solanum dulcamara,OpenWetPoor
1596577,Solanum dulcamara,OpenWetPoor
1596671,Solanum dulcamara,OpenWetPoor
1596672,Solanum dulcamara,OpenWetPoor
1596673,Solanum dulcamara,OpenWetPoor
1596675,Solanum dulcamara,OpenWetPoor
1596676,Solanum dulcamara,OpenWetPoor
1596680,Solanum dulcamara,OpenWetPoor
1596681,Solanum dulcamara,OpenWetPoor
1596688,Solanum dulcamara,OpenWetPoor
1596689,Solanum dulcamara,OpenWetPoor
1596690,Solanum dulcamara,OpenWetPoor
1596691,Solanum dulcamara,OpenWetPoor
1596693,Solanum dulcamara,OpenWetPoor
1596696,Solanum dulcamara,OpenWetPoor
1596722,Solanum dulcamara,OpenWetPoor
1596723,Solanum dulcamara,OpenWetPoor
1596724,Solanum dulcamara,OpenWetPoor
1596725,Solanum dulcamara,OpenWetPoor
1596779,Solanum dulcamara,OpenWetPoor
1596780,Solanum dulcamara,OpenWetPoor
1596781,Solanum dulcamara,OpenWetPoor
1596782,Solanum dulcamara,OpenWetPoor
1598835,Solanum dulcamara,OpenWetPoor
1598836,Solanum dulcamara,OpenWetPoor
1598837,Solanum dulcamara,OpenWetPoor
1598871,Solanum dulcamara,OpenWetPoor
1598872,Solanum dulcamara,OpenWetPoor
1598873,Solanum dulcamara,OpenWetPoor
1598874,Solanum dulcamara,OpenWetPoor
1598876,Solanum dulcamara,OpenWetPoor
1598878,Solanum dulcamara,OpenWetPoor
1598970,Solanum dulcamara,OpenWetPoor
1598971,Solanum dulcamara,OpenWetPoor
1598972,Solanum dulcamara,OpenWetPoor
1598973,Solanum dulcamara,OpenWetPoor
1598974,Solanum dulcamara,OpenWetPoor
1598975,Solanum dulcamara,OpenWetPoor
1598976,Solanum dulcamara,OpenWetPoor
1598977,Solanum dulcamara,OpenWetPoor
1598978,Solanum dulcamara,OpenWetPoor
1598979,Solanum dulcamara,OpenWetPoor
1598980,Solanum dulcamara,OpenWetPoor
1598988,Solanum dulcamara,OpenWetPoor
1598989,Solanum dulcamara,OpenWetPoor
1598990,Solanum dulcamara,OpenWetPoor
1598992,Solanum dulcamara,OpenWetPoor
1598993,Solanum dulcamara,OpenWetPoor
1598994,Solanum dulcamara,OpenWetPoor
1598995,Solanum dulcamara,OpenWetPoor
1599023,Solanum dulcamara,OpenWetPoor
1599024,Solanum dulcamara,OpenWetPoor
1599025,Solanum dulcamara,OpenWetPoor
1599079,Solanum dulcamara,OpenWetPoor
1599080,Solanum dulcamara,OpenWetPoor
1599081,Solanum dulcamara,OpenWetPoor
1599082,Solanum dulcamara,OpenWetPoor
1599083,Solanum dulcamara,OpenWetPoor
1599085,Solanum dulcamara,OpenWetPoor
1599087,Solanum dulcamara,OpenWetPoor
1601163,Solanum dulcamara,OpenWetPoor
1601164,Solanum dulcamara,OpenWetPoor
1601165,Solanum dulcamara,OpenWetPoor
1601171,Solanum dulcamara,OpenWetPoor
1601172,Solanum dulcamara,OpenWetPoor
1601173,Solanum dulcamara,OpenWetPoor
1601174,Solanum dulcamara,OpenWetPoor
1601176,Solanum dulcamara,OpenWetPoor
1601178,Solanum dulcamara,OpenWetPoor
1601273,Solanum dulcamara,OpenWetPoor
1601275,Solanum dulcamara,OpenWetPoor
1601276,Solanum dulcamara,OpenWetPoor
1601289,Solanum dulcamara,OpenWetPoor
1601290,Solanum dulcamara,OpenWetPoor
1601292,Solanum dulcamara,OpenWetPoor
1601293,Solanum dulcamara,OpenWetPoor
1601294,Solanum dulcamara,OpenWetPoor
1601296,Solanum dulcamara,OpenWetPoor
1601314,Solanum dulcamara,OpenWetPoor
1601317,Solanum dulcamara,OpenWetPoor
1601367,Solanum dulcamara,OpenWetPoor
1601368,Solanum dulcamara,OpenWetPoor
1601369,Solanum dulcamara,OpenWetPoor
1601380,Solanum dulcamara,OpenWetPoor
1601381,Solanum dulcamara,OpenWetPoor
1601382,Solanum dulcamara,OpenWetPoor
1601383,Solanum dulcamara,OpenWetPoor
1601384,Solanum dulcamara,OpenWetPoor
1601385,Solanum dulcamara,OpenWetPoor
1601388,Solanum dulcamara,OpenWetPoor
1603435,Solanum dulcamara,OpenWetPoor
1603464,Solanum dulcamara,OpenWetPoor
1603465,Solanum dulcamara,OpenWetPoor
1603473,Solanum dulcamara,OpenWetPoor
1603476,Solanum dulcamara,OpenWetPoor
1603478,Solanum dulcamara,OpenWetPoor
1603589,Solanum dulcamara,OpenWetPoor
1603590,Solanum dulcamara,OpenWetPoor
1603591,Solanum dulcamara,OpenWetPoor
1603592,Solanum dulcamara,OpenWetPoor
1603593,Solanum dulcamara,OpenWetPoor
1603594,Solanum dulcamara,OpenWetPoor
1603595,Solanum dulcamara,OpenWetPoor
1603596,Solanum dulcamara,OpenWetPoor
1603613,Solanum dulcamara,OpenWetPoor
1603616,Solanum dulcamara,OpenWetPoor
1603618,Solanum dulcamara,OpenWetPoor
1603666,Solanum dulcamara,OpenWetPoor
1603667,Solanum dulcamara,OpenWetPoor
1603668,Solanum dulcamara,OpenWetPoor
1603669,Solanum dulcamara,OpenWetPoor
1603679,Solanum dulcamara,OpenWetPoor
1603680,Solanum dulcamara,OpenWetPoor
1603681,Solanum dulcamara,OpenWetPoor
1603682,Solanum dulcamara,OpenWetPoor
1603685,Solanum dulcamara,OpenWetPoor
1603686,Solanum dulcamara,OpenWetPoor
1603689,Solanum dulcamara,OpenWetPoor
1605705,Solanum dulcamara,OpenWetPoor
1605706,Solanum dulcamara,OpenWetPoor
1605765,Solanum dulcamara,OpenWetPoor
1605890,Solanum dulcamara,OpenWetPoor
1605891,Solanum dulcamara,OpenWetPoor
1605893,Solanum dulcamara,OpenWetPoor
1605894,Solanum dulcamara,OpenWetPoor
1605895,Solanum dulcamara,OpenWetPoor
1605896,Solanum dulcamara,OpenWetPoor
1605914,Solanum dulcamara,OpenWetPoor
1605916,Solanum dulcamara,OpenWetPoor
1605917,Solanum dulcamara,OpenWetPoor
1605965,Solanum dulcamara,OpenWetPoor
1605966,Solanum dulcamara,OpenWetPoor
1605967,Solanum dulcamara,OpenWetPoor
1605968,Solanum dulcamara,OpenWetPoor
1605969,Solanum dulcamara,OpenWetPoor
1605970,Solanum dulcamara,OpenWetPoor
1605985,Solanum dulcamara,OpenWetPoor
1605986,Solanum dulcamara,OpenWetPoor
1605987,Solanum dulcamara,OpenWetPoor
1605988,Solanum dulcamara,OpenWetPoor
1607917,Solanum dulcamara,OpenWetPoor
1608004,Solanum dulcamara,OpenWetPoor
1608006,Solanum dulcamara,OpenWetPoor
1608027,Solanum dulcamara,OpenWetPoor
1608028,Solanum dulcamara,OpenWetPoor
1608030,Solanum dulcamara,OpenWetPoor
1608031,Solanum dulcamara,OpenWetPoor
1608190,Solanum dulcamara,OpenWetPoor
1608191,Solanum dulcamara,OpenWetPoor
1608193,Solanum dulcamara,OpenWetPoor
1608195,Solanum dulcamara,OpenWetPoor
1608196,Solanum dulcamara,OpenWetPoor
1608197,Solanum dulcamara,OpenWetPoor
1608198,Solanum dulcamara,OpenWetPoor
1608199,Solanum dulcamara,OpenWetPoor
1608200,Solanum dulcamara,OpenWetPoor
1608201,Solanum dulcamara,OpenWetPoor
1608202,Solanum dulcamara,OpenWetPoor
1608204,Solanum dulcamara,OpenWetPoor
1608213,Solanum dulcamara,OpenWetPoor
1608214,Solanum dulcamara,OpenWetPoor
1608215,Solanum dulcamara,OpenWetPoor
1608216,Solanum dulcamara,OpenWetPoor
1608260,Solanum dulcamara,OpenWetPoor
1608261,Solanum dulcamara,OpenWetPoor
1608262,Solanum dulcamara,OpenWetPoor
1608263,Solanum dulcamara,OpenWetPoor
1608265,Solanum dulcamara,OpenWetPoor
1608266,Solanum dulcamara,OpenWetPoor
1608267,Solanum dulcamara,OpenWetPoor
1608268,Solanum dulcamara,OpenWetPoor
1608269,Solanum dulcamara,OpenWetPoor
1608270,Solanum dulcamara,OpenWetPoor
1608285,Solanum dulcamara,OpenWetPoor
1608286,Solanum dulcamara,OpenWetPoor
1608287,Solanum dulcamara,OpenWetPoor
1608288,Solanum dulcamara,OpenWetPoor
1608289,Solanum dulcamara,OpenWetPoor
1610201,Solanum dulcamara,OpenWetPoor
1610202,Solanum dulcamara,OpenWetPoor
1610216,Solanum dulcamara,OpenWetPoor
1610217,Solanum dulcamara,OpenWetPoor
1610304,Solanum dulcamara,OpenWetPoor
1610305,Solanum dulcamara,OpenWetPoor
1610306,Solanum dulcamara,OpenWetPoor
1610307,Solanum dulcamara,OpenWetPoor
1610327,Solanum dulcamara,OpenWetPoor
1610328,Solanum dulcamara,OpenWetPoor
1610330,Solanum dulcamara,OpenWetPoor
1610365,Solanum dulcamara,OpenWetPoor
1610493,Solanum dulcamara,OpenWetPoor
1610494,Solanum dulcamara,OpenWetPoor
1610495,Solanum dulcamara,OpenWetPoor
1610496,Solanum dulcamara,OpenWetPoor
1610497,Solanum dulcamara,OpenWetPoor
1610498,Solanum dulcamara,OpenWetPoor
1610499,Solanum dulcamara,OpenWetPoor
1610501,Solanum dulcamara,OpenWetPoor
1610505,Solanum dulcamara,OpenWetPoor
1610506,Solanum dulcamara,OpenWetPoor
1610515,Solanum dulcamara,OpenWetPoor
1610561,Solanum dulcamara,OpenWetPoor
1610562,Solanum dulcamara,OpenWetPoor
1610563,Solanum dulcamara,OpenWetPoor
1610565,Solanum dulcamara,OpenWetPoor
1610566,Solanum dulcamara,OpenWetPoor
1610567,Solanum dulcamara,OpenWetPoor
1610568,Solanum dulcamara,OpenWetPoor
1610569,Solanum dulcamara,OpenWetPoor
1610586,Solanum dulcamara,OpenWetPoor
1610588,Solanum dulcamara,OpenWetPoor
1610589,Solanum dulcamara,OpenWetPoor
1610695,Solanum dulcamara,OpenWetPoor
1612502,Solanum dulcamara,OpenWetPoor
1612517,Solanum dulcamara,OpenWetPoor
1612604,Solanum dulcamara,OpenWetPoor
1612605,Solanum dulcamara,OpenWetPoor
1612607,Solanum dulcamara,OpenWetPoor
1612628,Solanum dulcamara,OpenWetPoor
1612794,Solanum dulcamara,OpenWetPoor
1612795,Solanum dulcamara,OpenWetPoor
1612796,Solanum dulcamara,OpenWetPoor
1612797,Solanum dulcamara,OpenWetPoor
1612798,Solanum dulcamara,OpenWetPoor
1612799,Solanum dulcamara,OpenWetPoor
1612801,Solanum dulcamara,OpenWetPoor
1612802,Solanum dulcamara,OpenWetPoor
1612805,Solanum dulcamara,OpenWetPoor
1612806,Solanum dulcamara,OpenWetPoor
1612814,Solanum dulcamara,OpenWetPoor
1612815,Solanum dulcamara,OpenWetPoor
1612817,Solanum dulcamara,OpenWetPoor
1612854,Solanum dulcamara,OpenWetPoor
1612855,Solanum dulcamara,OpenWetPoor
1612861,Solanum dulcamara,OpenWetPoor
1612862,Solanum dulcamara,OpenWetPoor
1612863,Solanum dulcamara,OpenWetPoor
1612864,Solanum dulcamara,OpenWetPoor
1612865,Solanum dulcamara,OpenWetPoor
1612866,Solanum dulcamara,OpenWetPoor
1612867,Solanum dulcamara,OpenWetPoor
1612868,Solanum dulcamara,OpenWetPoor
1612887,Solanum dulcamara,OpenWetPoor
1612888,Solanum dulcamara,OpenWetPoor
1612889,Solanum dulcamara,OpenWetPoor
1612890,Solanum dulcamara,OpenWetPoor
1612891,Solanum dulcamara,OpenWetPoor
1612994,Solanum dulcamara,OpenWetPoor
1614904,Solanum dulcamara,OpenWetPoor
1614905,Solanum dulcamara,OpenWetPoor
1614906,Solanum dulcamara,OpenWetPoor
1614907,Solanum dulcamara,OpenWetPoor
1614965,Solanum dulcamara,OpenWetPoor
1614966,Solanum dulcamara,OpenWetPoor
1615094,Solanum dulcamara,OpenWetPoor
1615095,Solanum dulcamara,OpenWetPoor
1615096,Solanum dulcamara,OpenWetPoor
1615097,Solanum dulcamara,OpenWetPoor
1615098,Solanum dulcamara,OpenWetPoor
1615099,Solanum dulcamara,OpenWetPoor
1615100,Solanum dulcamara,OpenWetPoor
1615101,Solanum dulcamara,OpenWetPoor
1615102,Solanum dulcamara,OpenWetPoor
1615104,Solanum dulcamara,OpenWetPoor
1615105,Solanum dulcamara,OpenWetPoor
1615113,Solanum dulcamara,OpenWetPoor
1615115,Solanum dulcamara,OpenWetPoor
1615116,Solanum dulcamara,OpenWetPoor
1615117,Solanum dulcamara,OpenWetPoor
1615118,Solanum dulcamara,OpenWetPoor
1615153,Solanum dulcamara,OpenWetPoor
1615154,Solanum dulcamara,OpenWetPoor
1615163,Solanum dulcamara,OpenWetPoor
1615188,Solanum dulcamara,OpenWetPoor
1615189,Solanum dulcamara,OpenWetPoor
1615294,Solanum dulcamara,OpenWetPoor
1615353,Solanum dulcamara,OpenWetPoor
1617075,Solanum dulcamara,OpenWetPoor
1617076,Solanum dulcamara,OpenWetPoor
1617077,Solanum dulcamara,OpenWetPoor
1617395,Solanum dulcamara,OpenWetPoor
1617396,Solanum dulcamara,OpenWetPoor
1617397,Solanum dulcamara,OpenWetPoor
1617399,Solanum dulcamara,OpenWetPoor
1617400,Solanum dulcamara,OpenWetPoor
1617401,Solanum dulcamara,OpenWetPoor
1617402,Solanum dulcamara,OpenWetPoor
1617403,Solanum dulcamara,OpenWetPoor
1617404,Solanum dulcamara,OpenWetPoor
1617413,Solanum dulcamara,OpenWetPoor
1617414,Solanum dulcamara,OpenWetPoor
1617417,Solanum dulcamara,OpenWetPoor
1617453,Solanum dulcamara,OpenWetPoor
1617487,Solanum dulcamara,OpenWetPoor
1617488,Solanum dulcamara,OpenWetPoor
1617490,Solanum dulcamara,OpenWetPoor
1617653,Solanum dulcamara,OpenWetPoor
1617654,Solanum dulcamara,OpenWetPoor
1617655,Solanum dulcamara,OpenWetPoor
1619376,Solanum dulcamara,OpenWetPoor
1619377,Solanum dulcamara,OpenWetPoor
1619696,Solanum dulcamara,OpenWetPoor
1619698,Solanum dulcamara,OpenWetPoor
1619699,Solanum dulcamara,OpenWetPoor
1619700,Solanum dulcamara,OpenWetPoor
1619702,Solanum dulcamara,OpenWetPoor
1619703,Solanum dulcamara,OpenWetPoor
1619714,Solanum dulcamara,OpenWetPoor
1619715,Solanum dulcamara,OpenWetPoor
1619716,Solanum dulcamara,OpenWetPoor
1619743,Solanum dulcamara,OpenWetPoor
1619753,Solanum dulcamara,OpenWetPoor
1619787,Solanum dulcamara,OpenWetPoor
1619788,Solanum dulcamara,OpenWetPoor
1619791,Solanum dulcamara,OpenWetPoor
1619955,Solanum dulcamara,OpenWetPoor
1621676,Solanum dulcamara,OpenWetPoor
1621677,Solanum dulcamara,OpenWetPoor
1621678,Solanum dulcamara,OpenWetPoor
1621996,Solanum dulcamara,OpenWetPoor
1621997,Solanum dulcamara,OpenWetPoor
1622003,Solanum dulcamara,OpenWetPoor
1622037,Solanum dulcamara,OpenWetPoor
1622042,Solanum dulcamara,OpenWetPoor
1622044,Solanum dulcamara,OpenWetPoor
1622045,Solanum dulcamara,OpenWetPoor
1622087,Solanum dulcamara,OpenWetPoor
1622088,Solanum dulcamara,OpenWetPoor
1622089,Solanum dulcamara,OpenWetPoor
1622091,Solanum dulcamara,OpenWetPoor
1622092,Solanum dulcamara,OpenWetPoor
1622260,Solanum dulcamara,OpenWetPoor
1622261,Solanum dulcamara,OpenWetPoor
1623976,Solanum dulcamara,OpenWetPoor
1623977,Solanum dulcamara,OpenWetPoor
1624296,Solanum dulcamara,OpenWetPoor
1624336,Solanum dulcamara,OpenWetPoor
1624341,Solanum dulcamara,OpenWetPoor
1624343,Solanum dulcamara,OpenWetPoor
1624344,Solanum dulcamara,OpenWetPoor
1624352,Solanum dulcamara,OpenWetPoor
1624387,Solanum dulcamara,OpenWetPoor
1624391,Solanum dulcamara,OpenWetPoor
1624393,Solanum dulcamara,OpenWetPoor
1624394,Solanum dulcamara,OpenWetPoor
1624395,Solanum dulcamara,OpenWetPoor
1624398,Solanum dulcamara,OpenWetPoor
1626278,Solanum dulcamara,OpenWetPoor
1626645,Solanum dulcamara,OpenWetPoor
1626646,Solanum dulcamara,OpenWetPoor
1626652,Solanum dulcamara,OpenWetPoor
1626690,Solanum dulcamara,OpenWetPoor
1626691,Solanum dulcamara,OpenWetPoor
1626697,Solanum dulcamara,OpenWetPoor
1626698,Solanum dulcamara,OpenWetPoor
1626699,Solanum dulcamara,OpenWetPoor
1626986,Solanum dulcamara,OpenWetPoor
1628578,Solanum dulcamara,OpenWetPoor
1628579,Solanum dulcamara,OpenWetPoor
1628580,Solanum dulcamara,OpenWetPoor
1628947,Solanum dulcamara,OpenWetPoor
1628951,Solanum dulcamara,OpenWetPoor
1628993,Solanum dulcamara,OpenWetPoor
1628998,Solanum dulcamara,OpenWetPoor
1628999,Solanum dulcamara,OpenWetPoor
1629000,Solanum dulcamara,OpenWetPoor
1629130,Solanum dulcamara,OpenWetPoor
1629131,Solanum dulcamara,OpenWetPoor
1629132,Solanum dulcamara,OpenWetPoor
1629285,Solanum dulcamara,OpenWetPoor
1629286,Solanum dulcamara,OpenWetPoor
1630877,Solanum dulcamara,OpenWetPoor
1630878,Solanum dulcamara,OpenWetPoor
1630879,Solanum dulcamara,OpenWetPoor
1630880,Solanum dulcamara,OpenWetPoor
1630881,Solanum dulcamara,OpenWetPoor
1630885,Solanum dulcamara,OpenWetPoor
1630886,Solanum dulcamara,OpenWetPoor
1631238,Solanum dulcamara,OpenWetPoor
1631251,Solanum dulcamara,OpenWetPoor
1631290,Solanum dulcamara,OpenWetPoor
1631291,Solanum dulcamara,OpenWetPoor
1631293,Solanum dulcamara,OpenWetPoor
1631294,Solanum dulcamara,OpenWetPoor
1631295,Solanum dulcamara,OpenWetPoor
1631299,Solanum dulcamara,OpenWetPoor
1631300,Solanum dulcamara,OpenWetPoor
1631429,Solanum dulcamara,OpenWetPoor
1631430,Solanum dulcamara,OpenWetPoor
1631431,Solanum dulcamara,OpenWetPoor
1631432,Solanum dulcamara,OpenWetPoor
1631433,Solanum dulcamara,OpenWetPoor
1631585,Solanum dulcamara,OpenWetPoor
1631586,Solanum dulcamara,OpenWetPoor
1631587,Solanum dulcamara,OpenWetPoor
1633178,Solanum dulcamara,OpenWetPoor
1633179,Solanum dulcamara,OpenWetPoor
1633180,Solanum dulcamara,OpenWetPoor
1633181,Solanum dulcamara,OpenWetPoor
1633184,Solanum dulcamara,OpenWetPoor
1633185,Solanum dulcamara,OpenWetPoor
1633186,Solanum dulcamara,OpenWetPoor
1633187,Solanum dulcamara,OpenWetPoor
1633537,Solanum dulcamara,OpenWetPoor
1633592,Solanum dulcamara,OpenWetPoor
1633593,Solanum dulcamara,OpenWetPoor
1633594,Solanum dulcamara,OpenWetPoor
1633595,Solanum dulcamara,OpenWetPoor
1633596,Solanum dulcamara,OpenWetPoor
1633597,Solanum dulcamara,OpenWetPoor
1633598,Solanum dulcamara,OpenWetPoor
1633599,Solanum dulcamara,OpenWetPoor
1633600,Solanum dulcamara,OpenWetPoor
1633886,Solanum dulcamara,OpenWetPoor
1633887,Solanum dulcamara,OpenWetPoor
1633888,Solanum dulcamara,OpenWetPoor
1633889,Solanum dulcamara,OpenWetPoor
1635485,Solanum dulcamara,OpenWetPoor
1635486,Solanum dulcamara,OpenWetPoor
1635487,Solanum dulcamara,OpenWetPoor
1635795,Solanum dulcamara,OpenWetPoor
1635799,Solanum dulcamara,OpenWetPoor
1635893,Solanum dulcamara,OpenWetPoor
1635894,Solanum dulcamara,OpenWetPoor
1635895,Solanum dulcamara,OpenWetPoor
1635896,Solanum dulcamara,OpenWetPoor
1635897,Solanum dulcamara,OpenWetPoor
1635899,Solanum dulcamara,OpenWetPoor
1637783,Solanum dulcamara,OpenWetPoor
1637784,Solanum dulcamara,OpenWetPoor
1637785,Solanum dulcamara,OpenWetPoor
1637786,Solanum dulcamara,OpenWetPoor
1637787,Solanum dulcamara,OpenWetPoor
1638094,Solanum dulcamara,OpenWetPoor
1638095,Solanum dulcamara,OpenWetPoor
1638196,Solanum dulcamara,OpenWetPoor
1638197,Solanum dulcamara,OpenWetPoor
1638198,Solanum dulcamara,OpenWetPoor
1638200,Solanum dulcamara,OpenWetPoor
1638201,Solanum dulcamara,OpenWetPoor
1640084,Solanum dulcamara,OpenWetPoor
1640085,Solanum dulcamara,OpenWetPoor
1640086,Solanum dulcamara,OpenWetPoor
1640087,Solanum dulcamara,OpenWetPoor
1640394,Solanum dulcamara,OpenWetPoor
1640395,Solanum dulcamara,OpenWetPoor
1640399,Solanum dulcamara,OpenWetPoor
1640496,Solanum dulcamara,OpenWetPoor
1640497,Solanum dulcamara,OpenWetPoor
1640501,Solanum dulcamara,OpenWetPoor
1640502,Solanum dulcamara,OpenWetPoor
1642695,Solanum dulcamara,OpenWetPoor
1642699,Solanum dulcamara,OpenWetPoor
1642798,Solanum dulcamara,OpenWetPoor
1642800,Solanum dulcamara,OpenWetPoor
1642801,Solanum dulcamara,OpenWetPoor
1642802,Solanum dulcamara,OpenWetPoor
1644830,Solanum dulcamara,OpenWetPoor
1644831,Solanum dulcamara,OpenWetPoor
1644832,Solanum dulcamara,OpenWetPoor
1644833,Solanum dulcamara,OpenWetPoor
1644995,Solanum dulcamara,OpenWetPoor
1644998,Solanum dulcamara,OpenWetPoor
1645097,Solanum dulcamara,OpenWetPoor
1645101,Solanum dulcamara,OpenWetPoor
1645103,Solanum dulcamara,OpenWetPoor
1647130,Solanum dulcamara,OpenWetPoor
1647131,Solanum dulcamara,OpenWetPoor
1647132,Solanum dulcamara,OpenWetPoor
1647133,Solanum dulcamara,OpenWetPoor
1647396,Solanum dulcamara,OpenWetPoor
1647397,Solanum dulcamara,OpenWetPoor
1647398,Solanum dulcamara,OpenWetPoor
1647399,Solanum dulcamara,OpenWetPoor
1647401,Solanum dulcamara,OpenWetPoor
1647403,Solanum dulcamara,OpenWetPoor
1649430,Solanum dulcamara,OpenWetPoor
1649431,Solanum dulcamara,OpenWetPoor
1649432,Solanum dulcamara,OpenWetPoor
1649595,Solanum dulcamara,OpenWetPoor
1649596,Solanum dulcamara,OpenWetPoor
1649697,Solanum dulcamara,OpenWetPoor
1649698,Solanum dulcamara,OpenWetPoor
1649702,Solanum dulcamara,OpenWetPoor
1649703,Solanum dulcamara,OpenWetPoor
1649704,Solanum dulcamara,OpenWetPoor
1651724,Solanum dulcamara,OpenWetPoor
1651896,Solanum dulcamara,OpenWetPoor
1651997,Solanum dulcamara,OpenWetPoor
1651998,Solanum dulcamara,OpenWetPoor
1652003,Solanum dulcamara,OpenWetPoor
1652004,Solanum dulcamara,OpenWetPoor
1652005,Solanum dulcamara,OpenWetPoor
1652225,Solanum dulcamara,OpenWetPoor
1654021,Solanum dulcamara,OpenWetPoor
1654022,Solanum dulcamara,OpenWetPoor
1654023,Solanum dulcamara,OpenWetPoor
1654024,Solanum dulcamara,OpenWetPoor
1654025,Solanum dulcamara,OpenWetPoor
1654302,Solanum dulcamara,OpenWetPoor
1654304,Solanum dulcamara,OpenWetPoor
1654305,Solanum dulcamara,OpenWetPoor
1654306,Solanum dulcamara,OpenWetPoor
1654581,Solanum dulcamara,OpenWetPoor
1656321,Solanum dulcamara,OpenWetPoor
1656322,Solanum dulcamara,OpenWetPoor
1656324,Solanum dulcamara,OpenWetPoor
1656325,Solanum dulcamara,OpenWetPoor
1656598,Solanum dulcamara,OpenWetPoor
1656605,Solanum dulcamara,OpenWetPoor
1656606,Solanum dulcamara,OpenWetPoor
1656607,Solanum dulcamara,OpenWetPoor
1656608,Solanum dulcamara,OpenWetPoor
1656609,Solanum dulcamara,OpenWetPoor
1658622,Solanum dulcamara,OpenWetPoor
1658725,Solanum dulcamara,OpenWetPoor
1658726,Solanum dulcamara,OpenWetPoor
1658898,Solanum dulcamara,OpenWetPoor
1658901,Solanum dulcamara,OpenWetPoor
1658908,Solanum dulcamara,OpenWetPoor
1658909,Solanum dulcamara,OpenWetPoor
1658910,Solanum dulcamara,OpenWetPoor
1659177,Solanum dulcamara,OpenWetPoor
1661026,Solanum dulcamara,OpenWetPoor
1661027,Solanum dulcamara,OpenWetPoor
1661199,Solanum dulcamara,OpenWetPoor
1661211,Solanum dulcamara,OpenWetPoor
1661428,Solanum dulcamara,OpenWetPoor
1661475,Solanum dulcamara,OpenWetPoor
1663325,Solanum dulcamara,OpenWetPoor
1663326,Solanum dulcamara,OpenWetPoor
1663511,Solanum dulcamara,OpenWetPoor
1663512,Solanum dulcamara,OpenWetPoor
1663641,Solanum dulcamara,OpenWetPoor
1665624,Solanum dulcamara,OpenWetPoor
1665625,Solanum dulcamara,OpenWetPoor
1665627,Solanum dulcamara,OpenWetPoor
1665798,Solanum dulcamara,OpenWetPoor
1665799,Solanum dulcamara,OpenWetPoor
1665812,Solanum dulcamara,OpenWetPoor
1665937,Solanum dulcamara,OpenWetPoor
1665938,Solanum dulcamara,OpenWetPoor
1665939,Solanum dulcamara,OpenWetPoor
1665940,Solanum dulcamara,OpenWetPoor
1665941,Solanum dulcamara,OpenWetPoor
1667791,Solanum dulcamara,OpenWetPoor
1667924,Solanum dulcamara,OpenWetPoor
1667925,Solanum dulcamara,OpenWetPoor
1668098,Solanum dulcamara,OpenWetPoor
1668238,Solanum dulcamara,OpenWetPoor
1668239,Solanum dulcamara,OpenWetPoor
1668240,Solanum dulcamara,OpenWetPoor
1670088,Solanum dulcamara,OpenWetPoor
1670089,Solanum dulcamara,OpenWetPoor
1670398,Solanum dulcamara,OpenWetPoor
1670405,Solanum dulcamara,OpenWetPoor
1670407,Solanum dulcamara,OpenWetPoor
1670413,Solanum dulcamara,OpenWetPoor
1670540,Solanum dulcamara,OpenWetPoor
1672388,Solanum dulcamara,OpenWetPoor
1672389,Solanum dulcamara,OpenWetPoor
1672390,Solanum dulcamara,OpenWetPoor
1672392,Solanum dulcamara,OpenWetPoor
1672393,Solanum dulcamara,OpenWetPoor
1672696,Solanum dulcamara,OpenWetPoor
1672700,Solanum dulcamara,OpenWetPoor
1672706,Solanum dulcamara,OpenWetPoor
1672715,Solanum dulcamara,OpenWetPoor
1674688,Solanum dulcamara,OpenWetPoor
1674689,Solanum dulcamara,OpenWetPoor
1674691,Solanum dulcamara,OpenWetPoor
1674720,Solanum dulcamara,OpenWetPoor
1674995,Solanum dulcamara,OpenWetPoor
1674996,Solanum dulcamara,OpenWetPoor
1674997,Solanum dulcamara,OpenWetPoor
1674998,Solanum dulcamara,OpenWetPoor
1675000,Solanum dulcamara,OpenWetPoor
1675001,Solanum dulcamara,OpenWetPoor
1675006,Solanum dulcamara,OpenWetPoor
1677020,Solanum dulcamara,OpenWetPoor
1677294,Solanum dulcamara,OpenWetPoor
1677295,Solanum dulcamara,OpenWetPoor
1677297,Solanum dulcamara,OpenWetPoor
1677300,Solanum dulcamara,OpenWetPoor
1677301,Solanum dulcamara,OpenWetPoor
1677302,Solanum dulcamara,OpenWetPoor
1677305,Solanum dulcamara,OpenWetPoor
1679319,Solanum dulcamara,OpenWetPoor
1679596,Solanum dulcamara,OpenWetPoor
1679597,Solanum dulcamara,OpenWetPoor
1679598,Solanum dulcamara,OpenWetPoor
1679599,Solanum dulcamara,OpenWetPoor
1679600,Solanum dulcamara,OpenWetPoor
1679601,Solanum dulcamara,OpenWetPoor
1679602,Solanum dulcamara,OpenWetPoor
1679604,Solanum dulcamara,OpenWetPoor
1681603,Solanum dulcamara,OpenWetPoor
1681773,Solanum dulcamara,OpenWetPoor
1681896,Solanum dulcamara,OpenWetPoor
1681897,Solanum dulcamara,OpenWetPoor
1681898,Solanum dulcamara,OpenWetPoor
1681899,Solanum dulcamara,OpenWetPoor
1681900,Solanum dulcamara,OpenWetPoor
1681901,Solanum dulcamara,OpenWetPoor
1681902,Solanum dulcamara,OpenWetPoor
1681904,Solanum dulcamara,OpenWetPoor
1684073,Solanum dulcamara,OpenWetPoor
1684196,Solanum dulcamara,OpenWetPoor
1684197,Solanum dulcamara,OpenWetPoor
1684198,Solanum dulcamara,OpenWetPoor
1684199,Solanum dulcamara,OpenWetPoor
1684201,Solanum dulcamara,OpenWetPoor
1684203,Solanum dulcamara,OpenWetPoor
1684397,Solanum dulcamara,OpenWetPoor
1686372,Solanum dulcamara,OpenWetPoor
1686373,Solanum dulcamara,OpenWetPoor
1686497,Solanum dulcamara,OpenWetPoor
1686499,Solanum dulcamara,OpenWetPoor
1686500,Solanum dulcamara,OpenWetPoor
1686501,Solanum dulcamara,OpenWetPoor
1688673,Solanum dulcamara,OpenWetPoor
1688791,Solanum dulcamara,OpenWetPoor
1688792,Solanum dulcamara,OpenWetPoor
1688796,Solanum dulcamara,OpenWetPoor
1688799,Solanum dulcamara,OpenWetPoor
1688800,Solanum dulcamara,OpenWetPoor
1690970,Solanum dulcamara,OpenWetPoor
1691090,Solanum dulcamara,OpenWetPoor
1691092,Solanum dulcamara,OpenWetPoor
1691093,Solanum dulcamara,OpenWetPoor
1691094,Solanum dulcamara,OpenWetPoor
1691095,Solanum dulcamara,OpenWetPoor
1691096,Solanum dulcamara,OpenWetPoor
1691097,Solanum dulcamara,OpenWetPoor
1691099,Solanum dulcamara,OpenWetPoor
1693090,Solanum dulcamara,OpenWetPoor
1693091,Solanum dulcamara,OpenWetPoor
1693092,Solanum dulcamara,OpenWetPoor
1693093,Solanum dulcamara,OpenWetPoor
1693390,Solanum dulcamara,OpenWetPoor
1693391,Solanum dulcamara,OpenWetPoor
1693392,Solanum dulcamara,OpenWetPoor
1693393,Solanum dulcamara,OpenWetPoor
1693394,Solanum dulcamara,OpenWetPoor
1695391,Solanum dulcamara,OpenWetPoor
1695665,Solanum dulcamara,OpenWetPoor
1695667,Solanum dulcamara,OpenWetPoor
1695669,Solanum dulcamara,OpenWetPoor
1695672,Solanum dulcamara,OpenWetPoor
1695673,Solanum dulcamara,OpenWetPoor
1695684,Solanum dulcamara,OpenWetPoor
1695685,Solanum dulcamara,OpenWetPoor
1695690,Solanum dulcamara,OpenWetPoor
1695691,Solanum dulcamara,OpenWetPoor
1697587,Solanum dulcamara,OpenWetPoor
1697692,Solanum dulcamara,OpenWetPoor
1697693,Solanum dulcamara,OpenWetPoor
1697964,Solanum dulcamara,OpenWetPoor
1697965,Solanum dulcamara,OpenWetPoor
1697966,Solanum dulcamara,OpenWetPoor
1697968,Solanum dulcamara,OpenWetPoor
1697969,Solanum dulcamara,OpenWetPoor
1697972,Solanum dulcamara,OpenWetPoor
1697974,Solanum dulcamara,OpenWetPoor
1697975,Solanum dulcamara,OpenWetPoor
1697976,Solanum dulcamara,OpenWetPoor
1697980,Solanum dulcamara,OpenWetPoor
1697986,Solanum dulcamara,OpenWetPoor
1699886,Solanum dulcamara,OpenWetPoor
1699887,Solanum dulcamara,OpenWetPoor
1699992,Solanum dulcamara,OpenWetPoor
1700265,Solanum dulcamara,OpenWetPoor
1700266,Solanum dulcamara,OpenWetPoor
1700267,Solanum dulcamara,OpenWetPoor
1700268,Solanum dulcamara,OpenWetPoor
1700269,Solanum dulcamara,OpenWetPoor
1700271,Solanum dulcamara,OpenWetPoor
1700272,Solanum dulcamara,OpenWetPoor
1700273,Solanum dulcamara,OpenWetPoor
1700274,Solanum dulcamara,OpenWetPoor
1700275,Solanum dulcamara,OpenWetPoor
1700276,Solanum dulcamara,OpenWetPoor
1700277,Solanum dulcamara,OpenWetPoor
1700285,Solanum dulcamara,OpenWetPoor
1700332,Solanum dulcamara,OpenWetPoor
1700405,Solanum dulcamara,OpenWetPoor
1700406,Solanum dulcamara,OpenWetPoor
1700473,Solanum dulcamara,OpenWetPoor
1702566,Solanum dulcamara,OpenWetPoor
1702567,Solanum dulcamara,OpenWetPoor
1702568,Solanum dulcamara,OpenWetPoor
1702569,Solanum dulcamara,OpenWetPoor
1702573,Solanum dulcamara,OpenWetPoor
1702574,Solanum dulcamara,OpenWetPoor
1702575,Solanum dulcamara,OpenWetPoor
1702577,Solanum dulcamara,OpenWetPoor
1702578,Solanum dulcamara,OpenWetPoor
1702632,Solanum dulcamara,OpenWetPoor
1702633,Solanum dulcamara,OpenWetPoor
1702706,Solanum dulcamara,OpenWetPoor
1702772,Solanum dulcamara,OpenWetPoor
1702775,Solanum dulcamara,OpenWetPoor
1704410,Solanum dulcamara,OpenWetPoor
1704848,Solanum dulcamara,OpenWetPoor
1704849,Solanum dulcamara,OpenWetPoor
1704850,Solanum dulcamara,OpenWetPoor
1704852,Solanum dulcamara,OpenWetPoor
1704853,Solanum dulcamara,OpenWetPoor
1704854,Solanum dulcamara,OpenWetPoor
1704863,Solanum dulcamara,OpenWetPoor
1704864,Solanum dulcamara,OpenWetPoor
1704868,Solanum dulcamara,OpenWetPoor
1704869,Solanum dulcamara,OpenWetPoor
1704870,Solanum dulcamara,OpenWetPoor
1704872,Solanum dulcamara,OpenWetPoor
1704873,Solanum dulcamara,OpenWetPoor
1705072,Solanum dulcamara,OpenWetPoor
1705073,Solanum dulcamara,OpenWetPoor
1707147,Solanum dulcamara,OpenWetPoor
1707148,Solanum dulcamara,OpenWetPoor
1707149,Solanum dulcamara,OpenWetPoor
1707150,Solanum dulcamara,OpenWetPoor
1707152,Solanum dulcamara,OpenWetPoor
1707153,Solanum dulcamara,OpenWetPoor
1707154,Solanum dulcamara,OpenWetPoor
1707162,Solanum dulcamara,OpenWetPoor
1707163,Solanum dulcamara,OpenWetPoor
1707164,Solanum dulcamara,OpenWetPoor
1707165,Solanum dulcamara,OpenWetPoor
1707166,Solanum dulcamara,OpenWetPoor
1707168,Solanum dulcamara,OpenWetPoor
1707199,Solanum dulcamara,OpenWetPoor
1707336,Solanum dulcamara,OpenWetPoor
1707337,Solanum dulcamara,OpenWetPoor
1707338,Solanum dulcamara,OpenWetPoor
1707371,Solanum dulcamara,OpenWetPoor
1707372,Solanum dulcamara,OpenWetPoor
1707374,Solanum dulcamara,OpenWetPoor
1707443,Solanum dulcamara,OpenWetPoor
1707444,Solanum dulcamara,OpenWetPoor
1707445,Solanum dulcamara,OpenWetPoor
1709445,Solanum dulcamara,OpenWetPoor
1709446,Solanum dulcamara,OpenWetPoor
1709447,Solanum dulcamara,OpenWetPoor
1709448,Solanum dulcamara,OpenWetPoor
1709449,Solanum dulcamara,OpenWetPoor
1709450,Solanum dulcamara,OpenWetPoor
1709452,Solanum dulcamara,OpenWetPoor
1709453,Solanum dulcamara,OpenWetPoor
1709454,Solanum dulcamara,OpenWetPoor
1709455,Solanum dulcamara,OpenWetPoor
1709457,Solanum dulcamara,OpenWetPoor
1709458,Solanum dulcamara,OpenWetPoor
1709460,Solanum dulcamara,OpenWetPoor
1709461,Solanum dulcamara,OpenWetPoor
1709463,Solanum dulcamara,OpenWetPoor
1709465,Solanum dulcamara,OpenWetPoor
1709466,Solanum dulcamara,OpenWetPoor
1709467,Solanum dulcamara,OpenWetPoor
1709492,Solanum dulcamara,OpenWetPoor
1709635,Solanum dulcamara,OpenWetPoor
1709638,Solanum dulcamara,OpenWetPoor
1709639,Solanum dulcamara,OpenWetPoor
1709672,Solanum dulcamara,OpenWetPoor
1709673,Solanum dulcamara,OpenWetPoor
1709674,Solanum dulcamara,OpenWetPoor
1709675,Solanum dulcamara,OpenWetPoor
1709742,Solanum dulcamara,OpenWetPoor
1709743,Solanum dulcamara,OpenWetPoor
1709744,Solanum dulcamara,OpenWetPoor
1711666,Solanum dulcamara,OpenWetPoor
1711744,Solanum dulcamara,OpenWetPoor
1711745,Solanum dulcamara,OpenWetPoor
1711746,Solanum dulcamara,OpenWetPoor
1711747,Solanum dulcamara,OpenWetPoor
1711749,Solanum dulcamara,OpenWetPoor
1711752,Solanum dulcamara,OpenWetPoor
1711753,Solanum dulcamara,OpenWetPoor
1711755,Solanum dulcamara,OpenWetPoor
1711757,Solanum dulcamara,OpenWetPoor
1711758,Solanum dulcamara,OpenWetPoor
1711759,Solanum dulcamara,OpenWetPoor
1711760,Solanum dulcamara,OpenWetPoor
1711761,Solanum dulcamara,OpenWetPoor
1711762,Solanum dulcamara,OpenWetPoor
1711763,Solanum dulcamara,OpenWetPoor
1711764,Solanum dulcamara,OpenWetPoor
1711765,Solanum dulcamara,OpenWetPoor
1711766,Solanum dulcamara,OpenWetPoor
1711901,Solanum dulcamara,OpenWetPoor
1711902,Solanum dulcamara,OpenWetPoor
1711903,Solanum dulcamara,OpenWetPoor
1711936,Solanum dulcamara,OpenWetPoor
1711939,Solanum dulcamara,OpenWetPoor
1712008,Solanum dulcamara,OpenWetPoor
1712012,Solanum dulcamara,OpenWetPoor
1713966,Solanum dulcamara,OpenWetPoor
1713967,Solanum dulcamara,OpenWetPoor
1714044,Solanum dulcamara,OpenWetPoor
1714047,Solanum dulcamara,OpenWetPoor
1714053,Solanum dulcamara,OpenWetPoor
1714054,Solanum dulcamara,OpenWetPoor
1714055,Solanum dulcamara,OpenWetPoor
1714056,Solanum dulcamara,OpenWetPoor
1714057,Solanum dulcamara,OpenWetPoor
1714058,Solanum dulcamara,OpenWetPoor
1714059,Solanum dulcamara,OpenWetPoor
1714060,Solanum dulcamara,OpenWetPoor
1714061,Solanum dulcamara,OpenWetPoor
1714062,Solanum dulcamara,OpenWetPoor
1714202,Solanum dulcamara,OpenWetPoor
1714203,Solanum dulcamara,OpenWetPoor
1714235,Solanum dulcamara,OpenWetPoor
1714236,Solanum dulcamara,OpenWetPoor
1714237,Solanum dulcamara,OpenWetPoor
1714238,Solanum dulcamara,OpenWetPoor
1714239,Solanum dulcamara,OpenWetPoor
1716266,Solanum dulcamara,OpenWetPoor
1716267,Solanum dulcamara,OpenWetPoor
1716335,Solanum dulcamara,OpenWetPoor
1716338,Solanum dulcamara,OpenWetPoor
1716339,Solanum dulcamara,OpenWetPoor
1716340,Solanum dulcamara,OpenWetPoor
1716342,Solanum dulcamara,OpenWetPoor
1716343,Solanum dulcamara,OpenWetPoor
1716344,Solanum dulcamara,OpenWetPoor
1716345,Solanum dulcamara,OpenWetPoor
1716346,Solanum dulcamara,OpenWetPoor
1716347,Solanum dulcamara,OpenWetPoor
1716348,Solanum dulcamara,OpenWetPoor
1716349,Solanum dulcamara,OpenWetPoor
1716351,Solanum dulcamara,OpenWetPoor
1716353,Solanum dulcamara,OpenWetPoor
1716354,Solanum dulcamara,OpenWetPoor
1716355,Solanum dulcamara,OpenWetPoor
1716359,Solanum dulcamara,OpenWetPoor
1716360,Solanum dulcamara,OpenWetPoor
1716462,Solanum dulcamara,OpenWetPoor
1716500,Solanum dulcamara,OpenWetPoor
1716501,Solanum dulcamara,OpenWetPoor
1716502,Solanum dulcamara,OpenWetPoor
1716503,Solanum dulcamara,OpenWetPoor
1716611,Solanum dulcamara,OpenWetPoor
1716653,Solanum dulcamara,OpenWetPoor
1718566,Solanum dulcamara,OpenWetPoor
1718567,Solanum dulcamara,OpenWetPoor
1718630,Solanum dulcamara,OpenWetPoor
1718633,Solanum dulcamara,OpenWetPoor
1718634,Solanum dulcamara,OpenWetPoor
1718635,Solanum dulcamara,OpenWetPoor
1718636,Solanum dulcamara,OpenWetPoor
1718637,Solanum dulcamara,OpenWetPoor
1718638,Solanum dulcamara,OpenWetPoor
1718640,Solanum dulcamara,OpenWetPoor
1718641,Solanum dulcamara,OpenWetPoor
1718642,Solanum dulcamara,OpenWetPoor
1718643,Solanum dulcamara,OpenWetPoor
1718644,Solanum dulcamara,OpenWetPoor
1718646,Solanum dulcamara,OpenWetPoor
1718647,Solanum dulcamara,OpenWetPoor
1718648,Solanum dulcamara,OpenWetPoor
1718649,Solanum dulcamara,OpenWetPoor
1718651,Solanum dulcamara,OpenWetPoor
1718653,Solanum dulcamara,OpenWetPoor
1718654,Solanum dulcamara,OpenWetPoor
1718659,Solanum dulcamara,OpenWetPoor
1718660,Solanum dulcamara,OpenWetPoor
1718801,Solanum dulcamara,OpenWetPoor
1718910,Solanum dulcamara,OpenWetPoor
1720509,Solanum dulcamara,OpenWetPoor
1720510,Solanum dulcamara,OpenWetPoor
1720927,Solanum dulcamara,OpenWetPoor
1720929,Solanum dulcamara,OpenWetPoor
1720930,Solanum dulcamara,OpenWetPoor
1720932,Solanum dulcamara,OpenWetPoor
1720933,Solanum dulcamara,OpenWetPoor
1720934,Solanum dulcamara,OpenWetPoor
1720935,Solanum dulcamara,OpenWetPoor
1720936,Solanum dulcamara,OpenWetPoor
1720937,Solanum dulcamara,OpenWetPoor
1720938,Solanum dulcamara,OpenWetPoor
1720940,Solanum dulcamara,OpenWetPoor
1720941,Solanum dulcamara,OpenWetPoor
1720942,Solanum dulcamara,OpenWetPoor
1720943,Solanum dulcamara,OpenWetPoor
1720945,Solanum dulcamara,OpenWetPoor
1720946,Solanum dulcamara,OpenWetPoor
1720947,Solanum dulcamara,OpenWetPoor
1720949,Solanum dulcamara,OpenWetPoor
1720951,Solanum dulcamara,OpenWetPoor
1720952,Solanum dulcamara,OpenWetPoor
1720956,Solanum dulcamara,OpenWetPoor
1720960,Solanum dulcamara,OpenWetPoor
1721253,Solanum dulcamara,OpenWetPoor
1721257,Solanum dulcamara,OpenWetPoor
1721288,Solanum dulcamara,OpenWetPoor
1721289,Solanum dulcamara,OpenWetPoor
1721290,Solanum dulcamara,OpenWetPoor
1722809,Solanum dulcamara,OpenWetPoor
1723224,Solanum dulcamara,OpenWetPoor
1723227,Solanum dulcamara,OpenWetPoor
1723229,Solanum dulcamara,OpenWetPoor
1723230,Solanum dulcamara,OpenWetPoor
1723235,Solanum dulcamara,OpenWetPoor
1723236,Solanum dulcamara,OpenWetPoor
1723237,Solanum dulcamara,OpenWetPoor
1723239,Solanum dulcamara,OpenWetPoor
1723240,Solanum dulcamara,OpenWetPoor
1723243,Solanum dulcamara,OpenWetPoor
1723244,Solanum dulcamara,OpenWetPoor
1723245,Solanum dulcamara,OpenWetPoor
1723246,Solanum dulcamara,OpenWetPoor
1723247,Solanum dulcamara,OpenWetPoor
1723248,Solanum dulcamara,OpenWetPoor
1723249,Solanum dulcamara,OpenWetPoor
1723251,Solanum dulcamara,OpenWetPoor
1723252,Solanum dulcamara,OpenWetPoor
1723253,Solanum dulcamara,OpenWetPoor
1723255,Solanum dulcamara,OpenWetPoor
1723256,Solanum dulcamara,OpenWetPoor
1723258,Solanum dulcamara,OpenWetPoor
1723259,Solanum dulcamara,OpenWetPoor
1723261,Solanum dulcamara,OpenWetPoor
1723362,Solanum dulcamara,OpenWetPoor
1723555,Solanum dulcamara,OpenWetPoor
1723588,Solanum dulcamara,OpenWetPoor
1725107,Solanum dulcamara,OpenWetPoor
1725109,Solanum dulcamara,OpenWetPoor
1725522,Solanum dulcamara,OpenWetPoor
1725523,Solanum dulcamara,OpenWetPoor
1725524,Solanum dulcamara,OpenWetPoor
1725525,Solanum dulcamara,OpenWetPoor
1725530,Solanum dulcamara,OpenWetPoor
1725537,Solanum dulcamara,OpenWetPoor
1725539,Solanum dulcamara,OpenWetPoor
1725540,Solanum dulcamara,OpenWetPoor
1725543,Solanum dulcamara,OpenWetPoor
1725544,Solanum dulcamara,OpenWetPoor
1725545,Solanum dulcamara,OpenWetPoor
1725549,Solanum dulcamara,OpenWetPoor
1725551,Solanum dulcamara,OpenWetPoor
1725552,Solanum dulcamara,OpenWetPoor
1725553,Solanum dulcamara,OpenWetPoor
1725554,Solanum dulcamara,OpenWetPoor
1725556,Solanum dulcamara,OpenWetPoor
1725560,Solanum dulcamara,OpenWetPoor
1725561,Solanum dulcamara,OpenWetPoor
1725637,Solanum dulcamara,OpenWetPoor
1725639,Solanum dulcamara,OpenWetPoor
1725887,Solanum dulcamara,OpenWetPoor
1725888,Solanum dulcamara,OpenWetPoor
1725889,Solanum dulcamara,OpenWetPoor
1725890,Solanum dulcamara,OpenWetPoor
1727407,Solanum dulcamara,OpenWetPoor
1727820,Solanum dulcamara,OpenWetPoor
1727821,Solanum dulcamara,OpenWetPoor
1727822,Solanum dulcamara,OpenWetPoor
1727823,Solanum dulcamara,OpenWetPoor
1727824,Solanum dulcamara,OpenWetPoor
1727829,Solanum dulcamara,OpenWetPoor
1727840,Solanum dulcamara,OpenWetPoor
1727843,Solanum dulcamara,OpenWetPoor
1727844,Solanum dulcamara,OpenWetPoor
1727847,Solanum dulcamara,OpenWetPoor
1727848,Solanum dulcamara,OpenWetPoor
1727851,Solanum dulcamara,OpenWetPoor
1727853,Solanum dulcamara,OpenWetPoor
1727854,Solanum dulcamara,OpenWetPoor
1727857,Solanum dulcamara,OpenWetPoor
1727859,Solanum dulcamara,OpenWetPoor
1727860,Solanum dulcamara,OpenWetPoor
1727936,Solanum dulcamara,OpenWetPoor
1727937,Solanum dulcamara,OpenWetPoor
1727938,Solanum dulcamara,OpenWetPoor
1727939,Solanum dulcamara,OpenWetPoor
1727940,Solanum dulcamara,OpenWetPoor
1727943,Solanum dulcamara,OpenWetPoor
1728187,Solanum dulcamara,OpenWetPoor
1728188,Solanum dulcamara,OpenWetPoor
1728189,Solanum dulcamara,OpenWetPoor
1729729,Solanum dulcamara,OpenWetPoor
1730119,Solanum dulcamara,OpenWetPoor
1730120,Solanum dulcamara,OpenWetPoor
1730143,Solanum dulcamara,OpenWetPoor
1730144,Solanum dulcamara,OpenWetPoor
1730145,Solanum dulcamara,OpenWetPoor
1730146,Solanum dulcamara,OpenWetPoor
1730147,Solanum dulcamara,OpenWetPoor
1730148,Solanum dulcamara,OpenWetPoor
1730153,Solanum dulcamara,OpenWetPoor
1730156,Solanum dulcamara,OpenWetPoor
1730157,Solanum dulcamara,OpenWetPoor
1730158,Solanum dulcamara,OpenWetPoor
1730159,Solanum dulcamara,OpenWetPoor
1730161,Solanum dulcamara,OpenWetPoor
1730162,Solanum dulcamara,OpenWetPoor
1730236,Solanum dulcamara,OpenWetPoor
1730237,Solanum dulcamara,OpenWetPoor
1730238,Solanum dulcamara,OpenWetPoor
1730239,Solanum dulcamara,OpenWetPoor
1730374,Solanum dulcamara,OpenWetPoor
1730487,Solanum dulcamara,OpenWetPoor
1730488,Solanum dulcamara,OpenWetPoor
1730490,Solanum dulcamara,OpenWetPoor
1732027,Solanum dulcamara,OpenWetPoor
1732198,Solanum dulcamara,OpenWetPoor
1732199,Solanum dulcamara,OpenWetPoor
1732201,Solanum dulcamara,OpenWetPoor
1732202,Solanum dulcamara,OpenWetPoor
1732205,Solanum dulcamara,OpenWetPoor
1732419,Solanum dulcamara,OpenWetPoor
1732420,Solanum dulcamara,OpenWetPoor
1732443,Solanum dulcamara,OpenWetPoor
1732444,Solanum dulcamara,OpenWetPoor
1732445,Solanum dulcamara,OpenWetPoor
1732446,Solanum dulcamara,OpenWetPoor
1732447,Solanum dulcamara,OpenWetPoor
1732454,Solanum dulcamara,OpenWetPoor
1732455,Solanum dulcamara,OpenWetPoor
1732456,Solanum dulcamara,OpenWetPoor
1732457,Solanum dulcamara,OpenWetPoor
1732458,Solanum dulcamara,OpenWetPoor
1732460,Solanum dulcamara,OpenWetPoor
1732461,Solanum dulcamara,OpenWetPoor
1732462,Solanum dulcamara,OpenWetPoor
1732463,Solanum dulcamara,OpenWetPoor
1732536,Solanum dulcamara,OpenWetPoor
1732537,Solanum dulcamara,OpenWetPoor
1732539,Solanum dulcamara,OpenWetPoor
1732540,Solanum dulcamara,OpenWetPoor
1732541,Solanum dulcamara,OpenWetPoor
1732542,Solanum dulcamara,OpenWetPoor
1732543,Solanum dulcamara,OpenWetPoor
1734498,Solanum dulcamara,OpenWetPoor
1734499,Solanum dulcamara,OpenWetPoor
1734504,Solanum dulcamara,OpenWetPoor
1734743,Solanum dulcamara,OpenWetPoor
1734744,Solanum dulcamara,OpenWetPoor
1734745,Solanum dulcamara,OpenWetPoor
1734746,Solanum dulcamara,OpenWetPoor
1734748,Solanum dulcamara,OpenWetPoor
1734755,Solanum dulcamara,OpenWetPoor
1734756,Solanum dulcamara,OpenWetPoor
1734757,Solanum dulcamara,OpenWetPoor
1734760,Solanum dulcamara,OpenWetPoor
1734761,Solanum dulcamara,OpenWetPoor
1734838,Solanum dulcamara,OpenWetPoor
1734839,Solanum dulcamara,OpenWetPoor
1734840,Solanum dulcamara,OpenWetPoor
1734842,Solanum dulcamara,OpenWetPoor
1734843,Solanum dulcamara,OpenWetPoor
1734851,Solanum dulcamara,OpenWetPoor
1734852,Solanum dulcamara,OpenWetPoor
1734861,Solanum dulcamara,OpenWetPoor
1734980,Solanum dulcamara,OpenWetPoor
1734981,Solanum dulcamara,OpenWetPoor
1736804,Solanum dulcamara,OpenWetPoor
1737020,Solanum dulcamara,OpenWetPoor
1737021,Solanum dulcamara,OpenWetPoor
1737022,Solanum dulcamara,OpenWetPoor
1737023,Solanum dulcamara,OpenWetPoor
1737024,Solanum dulcamara,OpenWetPoor
1737026,Solanum dulcamara,OpenWetPoor
1737027,Solanum dulcamara,OpenWetPoor
1737029,Solanum dulcamara,OpenWetPoor
1737031,Solanum dulcamara,OpenWetPoor
1737037,Solanum dulcamara,OpenWetPoor
1737038,Solanum dulcamara,OpenWetPoor
1737039,Solanum dulcamara,OpenWetPoor
1737040,Solanum dulcamara,OpenWetPoor
1737043,Solanum dulcamara,OpenWetPoor
1737046,Solanum dulcamara,OpenWetPoor
1737047,Solanum dulcamara,OpenWetPoor
1737059,Solanum dulcamara,OpenWetPoor
1737060,Solanum dulcamara,OpenWetPoor
1737061,Solanum dulcamara,OpenWetPoor
1737062,Solanum dulcamara,OpenWetPoor
1737063,Solanum dulcamara,OpenWetPoor
1737065,Solanum dulcamara,OpenWetPoor
1737066,Solanum dulcamara,OpenWetPoor
1737071,Solanum dulcamara,OpenWetPoor
1737087,Solanum dulcamara,OpenWetPoor
1737088,Solanum dulcamara,OpenWetPoor
1737132,Solanum dulcamara,OpenWetPoor
1737139,Solanum dulcamara,OpenWetPoor
1737142,Solanum dulcamara,OpenWetPoor
1737143,Solanum dulcamara,OpenWetPoor
1738922,Solanum dulcamara,OpenWetPoor
1739316,Solanum dulcamara,OpenWetPoor
1739317,Solanum dulcamara,OpenWetPoor
1739319,Solanum dulcamara,OpenWetPoor
1739320,Solanum dulcamara,OpenWetPoor
1739322,Solanum dulcamara,OpenWetPoor
1739324,Solanum dulcamara,OpenWetPoor
1739329,Solanum dulcamara,OpenWetPoor
1739330,Solanum dulcamara,OpenWetPoor
1739333,Solanum dulcamara,OpenWetPoor
1739334,Solanum dulcamara,OpenWetPoor
1739335,Solanum dulcamara,OpenWetPoor
1739336,Solanum dulcamara,OpenWetPoor
1739339,Solanum dulcamara,OpenWetPoor
1739340,Solanum dulcamara,OpenWetPoor
1739341,Solanum dulcamara,OpenWetPoor
1739342,Solanum dulcamara,OpenWetPoor
1739358,Solanum dulcamara,OpenWetPoor
1739359,Solanum dulcamara,OpenWetPoor
1739360,Solanum dulcamara,OpenWetPoor
1739361,Solanum dulcamara,OpenWetPoor
1739369,Solanum dulcamara,OpenWetPoor
1739370,Solanum dulcamara,OpenWetPoor
1739371,Solanum dulcamara,OpenWetPoor
1739386,Solanum dulcamara,OpenWetPoor
1739387,Solanum dulcamara,OpenWetPoor
1739389,Solanum dulcamara,OpenWetPoor
1739433,Solanum dulcamara,OpenWetPoor
1739434,Solanum dulcamara,OpenWetPoor
1741221,Solanum dulcamara,OpenWetPoor
1741222,Solanum dulcamara,OpenWetPoor
1741405,Solanum dulcamara,OpenWetPoor
1741615,Solanum dulcamara,OpenWetPoor
1741616,Solanum dulcamara,OpenWetPoor
1741620,Solanum dulcamara,OpenWetPoor
1741621,Solanum dulcamara,OpenWetPoor
1741622,Solanum dulcamara,OpenWetPoor
1741623,Solanum dulcamara,OpenWetPoor
1741626,Solanum dulcamara,OpenWetPoor
1741627,Solanum dulcamara,OpenWetPoor
1741628,Solanum dulcamara,OpenWetPoor
1741629,Solanum dulcamara,OpenWetPoor
1741630,Solanum dulcamara,OpenWetPoor
1741631,Solanum dulcamara,OpenWetPoor
1741632,Solanum dulcamara,OpenWetPoor
1741633,Solanum dulcamara,OpenWetPoor
1741634,Solanum dulcamara,OpenWetPoor
1741635,Solanum dulcamara,OpenWetPoor
1741636,Solanum dulcamara,OpenWetPoor
1741637,Solanum dulcamara,OpenWetPoor
1741638,Solanum dulcamara,OpenWetPoor
1741639,Solanum dulcamara,OpenWetPoor
1741641,Solanum dulcamara,OpenWetPoor
1741661,Solanum dulcamara,OpenWetPoor
1741669,Solanum dulcamara,OpenWetPoor
1741670,Solanum dulcamara,OpenWetPoor
1741672,Solanum dulcamara,OpenWetPoor
1741674,Solanum dulcamara,OpenWetPoor
1741679,Solanum dulcamara,OpenWetPoor
1741680,Solanum dulcamara,OpenWetPoor
1741683,Solanum dulcamara,OpenWetPoor
1741688,Solanum dulcamara,OpenWetPoor
1741689,Solanum dulcamara,OpenWetPoor
1741690,Solanum dulcamara,OpenWetPoor
1741692,Solanum dulcamara,OpenWetPoor
1741732,Solanum dulcamara,OpenWetPoor
1741733,Solanum dulcamara,OpenWetPoor
1741734,Solanum dulcamara,OpenWetPoor
1741735,Solanum dulcamara,OpenWetPoor
1741780,Solanum dulcamara,OpenWetPoor
1741781,Solanum dulcamara,OpenWetPoor
1741782,Solanum dulcamara,OpenWetPoor
1741856,Solanum dulcamara,OpenWetPoor
1741857,Solanum dulcamara,OpenWetPoor
1741918,Solanum dulcamara,OpenWetPoor
1741936,Solanum dulcamara,OpenWetPoor
1743522,Solanum dulcamara,OpenWetPoor
1743705,Solanum dulcamara,OpenWetPoor
1743911,Solanum dulcamara,OpenWetPoor
1743912,Solanum dulcamara,OpenWetPoor
1743913,Solanum dulcamara,OpenWetPoor
1743914,Solanum dulcamara,OpenWetPoor
1743915,Solanum dulcamara,OpenWetPoor
1743918,Solanum dulcamara,OpenWetPoor
1743921,Solanum dulcamara,OpenWetPoor
1743923,Solanum dulcamara,OpenWetPoor
1743924,Solanum dulcamara,OpenWetPoor
1743926,Solanum dulcamara,OpenWetPoor
1743927,Solanum dulcamara,OpenWetPoor
1743928,Solanum dulcamara,OpenWetPoor
1743929,Solanum dulcamara,OpenWetPoor
1743930,Solanum dulcamara,OpenWetPoor
1743931,Solanum dulcamara,OpenWetPoor
1743932,Solanum dulcamara,OpenWetPoor
1743933,Solanum dulcamara,OpenWetPoor
1743934,Solanum dulcamara,OpenWetPoor
1743935,Solanum dulcamara,OpenWetPoor
1743936,Solanum dulcamara,OpenWetPoor
1743938,Solanum dulcamara,OpenWetPoor
1743939,Solanum dulcamara,OpenWetPoor
1743940,Solanum dulcamara,OpenWetPoor
1743961,Solanum dulcamara,OpenWetPoor
1743962,Solanum dulcamara,OpenWetPoor
1743964,Solanum dulcamara,OpenWetPoor
1743969,Solanum dulcamara,OpenWetPoor
1743973,Solanum dulcamara,OpenWetPoor
1743974,Solanum dulcamara,OpenWetPoor
1743979,Solanum dulcamara,OpenWetPoor
1743983,Solanum dulcamara,OpenWetPoor
1743987,Solanum dulcamara,OpenWetPoor
1743989,Solanum dulcamara,OpenWetPoor
1743990,Solanum dulcamara,OpenWetPoor
1743991,Solanum dulcamara,OpenWetPoor
1743992,Solanum dulcamara,OpenWetPoor
1743993,Solanum dulcamara,OpenWetPoor
1744032,Solanum dulcamara,OpenWetPoor
1744034,Solanum dulcamara,OpenWetPoor
1744081,Solanum dulcamara,OpenWetPoor
1744082,Solanum dulcamara,OpenWetPoor
1744157,Solanum dulcamara,OpenWetPoor
1744158,Solanum dulcamara,OpenWetPoor
1744221,Solanum dulcamara,OpenWetPoor
1744234,Solanum dulcamara,OpenWetPoor
1744281,Solanum dulcamara,OpenWetPoor
1744282,Solanum dulcamara,OpenWetPoor
1744283,Solanum dulcamara,OpenWetPoor
1745821,Solanum dulcamara,OpenWetPoor
1745822,Solanum dulcamara,OpenWetPoor
1746006,Solanum dulcamara,OpenWetPoor
1746210,Solanum dulcamara,OpenWetPoor
1746212,Solanum dulcamara,OpenWetPoor
1746213,Solanum dulcamara,OpenWetPoor
1746225,Solanum dulcamara,OpenWetPoor
1746226,Solanum dulcamara,OpenWetPoor
1746228,Solanum dulcamara,OpenWetPoor
1746229,Solanum dulcamara,OpenWetPoor
1746231,Solanum dulcamara,OpenWetPoor
1746232,Solanum dulcamara,OpenWetPoor
1746234,Solanum dulcamara,OpenWetPoor
1746235,Solanum dulcamara,OpenWetPoor
1746238,Solanum dulcamara,OpenWetPoor
1746263,Solanum dulcamara,OpenWetPoor
1746270,Solanum dulcamara,OpenWetPoor
1746271,Solanum dulcamara,OpenWetPoor
1746272,Solanum dulcamara,OpenWetPoor
1746273,Solanum dulcamara,OpenWetPoor
1746279,Solanum dulcamara,OpenWetPoor
1746281,Solanum dulcamara,OpenWetPoor
1746283,Solanum dulcamara,OpenWetPoor
1746284,Solanum dulcamara,OpenWetPoor
1746287,Solanum dulcamara,OpenWetPoor
1746288,Solanum dulcamara,OpenWetPoor
1746289,Solanum dulcamara,OpenWetPoor
1746291,Solanum dulcamara,OpenWetPoor
1746292,Solanum dulcamara,OpenWetPoor
1746293,Solanum dulcamara,OpenWetPoor
1746332,Solanum dulcamara,OpenWetPoor
1746334,Solanum dulcamara,OpenWetPoor
1746457,Solanum dulcamara,OpenWetPoor
1746470,Solanum dulcamara,OpenWetPoor
1746520,Solanum dulcamara,OpenWetPoor
1746521,Solanum dulcamara,OpenWetPoor
1746534,Solanum dulcamara,OpenWetPoor
1746580,Solanum dulcamara,OpenWetPoor
1746581,Solanum dulcamara,OpenWetPoor
1746582,Solanum dulcamara,OpenWetPoor
1748122,Solanum dulcamara,OpenWetPoor
1748306,Solanum dulcamara,OpenWetPoor
1748511,Solanum dulcamara,OpenWetPoor
1748512,Solanum dulcamara,OpenWetPoor
1748513,Solanum dulcamara,OpenWetPoor
1748514,Solanum dulcamara,OpenWetPoor
1748515,Solanum dulcamara,OpenWetPoor
1748516,Solanum dulcamara,OpenWetPoor
1748517,Solanum dulcamara,OpenWetPoor
1748527,Solanum dulcamara,OpenWetPoor
1748528,Solanum dulcamara,OpenWetPoor
1748530,Solanum dulcamara,OpenWetPoor
1748571,Solanum dulcamara,OpenWetPoor
1748575,Solanum dulcamara,OpenWetPoor
1748576,Solanum dulcamara,OpenWetPoor
1748583,Solanum dulcamara,OpenWetPoor
1748584,Solanum dulcamara,OpenWetPoor
1748754,Solanum dulcamara,OpenWetPoor
1748755,Solanum dulcamara,OpenWetPoor
1748756,Solanum dulcamara,OpenWetPoor
1748757,Solanum dulcamara,OpenWetPoor
1748770,Solanum dulcamara,OpenWetPoor
1748880,Solanum dulcamara,OpenWetPoor
1748881,Solanum dulcamara,OpenWetPoor
1748882,Solanum dulcamara,OpenWetPoor
1748883,Solanum dulcamara,OpenWetPoor
1750406,Solanum dulcamara,OpenWetPoor
1750407,Solanum dulcamara,OpenWetPoor
1750445,Solanum dulcamara,OpenWetPoor
1750606,Solanum dulcamara,OpenWetPoor
1750809,Solanum dulcamara,OpenWetPoor
1750812,Solanum dulcamara,OpenWetPoor
1750813,Solanum dulcamara,OpenWetPoor
1750814,Solanum dulcamara,OpenWetPoor
1750815,Solanum dulcamara,OpenWetPoor
1751129,Solanum dulcamara,OpenWetPoor
1751130,Solanum dulcamara,OpenWetPoor
1751131,Solanum dulcamara,OpenWetPoor
1751132,Solanum dulcamara,OpenWetPoor
1751181,Solanum dulcamara,OpenWetPoor
1751182,Solanum dulcamara,OpenWetPoor
1751183,Solanum dulcamara,OpenWetPoor
1752707,Solanum dulcamara,OpenWetPoor
1752710,Solanum dulcamara,OpenWetPoor
1753108,Solanum dulcamara,OpenWetPoor
1753112,Solanum dulcamara,OpenWetPoor
1753413,Solanum dulcamara,OpenWetPoor
1753431,Solanum dulcamara,OpenWetPoor
1753481,Solanum dulcamara,OpenWetPoor
1753482,Solanum dulcamara,OpenWetPoor
1755008,Solanum dulcamara,OpenWetPoor
1755041,Solanum dulcamara,OpenWetPoor
1755396,Solanum dulcamara,OpenWetPoor
1755397,Solanum dulcamara,OpenWetPoor
1755398,Solanum dulcamara,OpenWetPoor
1755400,Solanum dulcamara,OpenWetPoor
1755407,Solanum dulcamara,OpenWetPoor
1755409,Solanum dulcamara,OpenWetPoor
1755411,Solanum dulcamara,OpenWetPoor
1755412,Solanum dulcamara,OpenWetPoor
1755712,Solanum dulcamara,OpenWetPoor
1755713,Solanum dulcamara,OpenWetPoor
1757301,Solanum dulcamara,OpenWetPoor
1757302,Solanum dulcamara,OpenWetPoor
1757307,Solanum dulcamara,OpenWetPoor
1757341,Solanum dulcamara,OpenWetPoor
1757684,Solanum dulcamara,OpenWetPoor
1757685,Solanum dulcamara,OpenWetPoor
1757686,Solanum dulcamara,OpenWetPoor
1757689,Solanum dulcamara,OpenWetPoor
1757693,Solanum dulcamara,OpenWetPoor
1757694,Solanum dulcamara,OpenWetPoor
1757696,Solanum dulcamara,OpenWetPoor
1757697,Solanum dulcamara,OpenWetPoor
1757698,Solanum dulcamara,OpenWetPoor
1757700,Solanum dulcamara,OpenWetPoor
1757705,Solanum dulcamara,OpenWetPoor
1757706,Solanum dulcamara,OpenWetPoor
1757708,Solanum dulcamara,OpenWetPoor
1757710,Solanum dulcamara,OpenWetPoor
1757963,Solanum dulcamara,OpenWetPoor
1757964,Solanum dulcamara,OpenWetPoor
1758009,Solanum dulcamara,OpenWetPoor
1758011,Solanum dulcamara,OpenWetPoor
1758012,Solanum dulcamara,OpenWetPoor
1758015,Solanum dulcamara,OpenWetPoor
1758024,Solanum dulcamara,OpenWetPoor
1758026,Solanum dulcamara,OpenWetPoor
1759602,Solanum dulcamara,OpenWetPoor
1759604,Solanum dulcamara,OpenWetPoor
1759606,Solanum dulcamara,OpenWetPoor
1759607,Solanum dulcamara,OpenWetPoor
1759638,Solanum dulcamara,OpenWetPoor
1759641,Solanum dulcamara,OpenWetPoor
1759642,Solanum dulcamara,OpenWetPoor
1759980,Solanum dulcamara,OpenWetPoor
1759982,Solanum dulcamara,OpenWetPoor
1759984,Solanum dulcamara,OpenWetPoor
1759985,Solanum dulcamara,OpenWetPoor
1759988,Solanum dulcamara,OpenWetPoor
1759990,Solanum dulcamara,OpenWetPoor
1759992,Solanum dulcamara,OpenWetPoor
1759994,Solanum dulcamara,OpenWetPoor
1759998,Solanum dulcamara,OpenWetPoor
1759999,Solanum dulcamara,OpenWetPoor
1760000,Solanum dulcamara,OpenWetPoor
1760004,Solanum dulcamara,OpenWetPoor
1760005,Solanum dulcamara,OpenWetPoor
1760006,Solanum dulcamara,OpenWetPoor
1760007,Solanum dulcamara,OpenWetPoor
1760263,Solanum dulcamara,OpenWetPoor
1760265,Solanum dulcamara,OpenWetPoor
1761894,Solanum dulcamara,OpenWetPoor
1761900,Solanum dulcamara,OpenWetPoor
1761901,Solanum dulcamara,OpenWetPoor
1761902,Solanum dulcamara,OpenWetPoor
1761903,Solanum dulcamara,OpenWetPoor
1762279,Solanum dulcamara,OpenWetPoor
1762281,Solanum dulcamara,OpenWetPoor
1762282,Solanum dulcamara,OpenWetPoor
1762283,Solanum dulcamara,OpenWetPoor
1762284,Solanum dulcamara,OpenWetPoor
1762288,Solanum dulcamara,OpenWetPoor
1762289,Solanum dulcamara,OpenWetPoor
1762290,Solanum dulcamara,OpenWetPoor
1762292,Solanum dulcamara,OpenWetPoor
1762293,Solanum dulcamara,OpenWetPoor
1762295,Solanum dulcamara,OpenWetPoor
1762296,Solanum dulcamara,OpenWetPoor
1762300,Solanum dulcamara,OpenWetPoor
1762301,Solanum dulcamara,OpenWetPoor
1762303,Solanum dulcamara,OpenWetPoor
1762304,Solanum dulcamara,OpenWetPoor
1762305,Solanum dulcamara,OpenWetPoor
1762609,Solanum dulcamara,OpenWetPoor
1764194,Solanum dulcamara,OpenWetPoor
1764195,Solanum dulcamara,OpenWetPoor
1764196,Solanum dulcamara,OpenWetPoor
1764197,Solanum dulcamara,OpenWetPoor
1764198,Solanum dulcamara,OpenWetPoor
1764199,Solanum dulcamara,OpenWetPoor
1764200,Solanum dulcamara,OpenWetPoor
1764201,Solanum dulcamara,OpenWetPoor
1764202,Solanum dulcamara,OpenWetPoor
1764204,Solanum dulcamara,OpenWetPoor
1764581,Solanum dulcamara,OpenWetPoor
1764582,Solanum dulcamara,OpenWetPoor
1764583,Solanum dulcamara,OpenWetPoor
1764584,Solanum dulcamara,OpenWetPoor
1764587,Solanum dulcamara,OpenWetPoor
1764588,Solanum dulcamara,OpenWetPoor
1764589,Solanum dulcamara,OpenWetPoor
1764590,Solanum dulcamara,OpenWetPoor
1764600,Solanum dulcamara,OpenWetPoor
1764601,Solanum dulcamara,OpenWetPoor
1764602,Solanum dulcamara,OpenWetPoor
1764604,Solanum dulcamara,OpenWetPoor
1764705,Solanum dulcamara,OpenWetPoor
1764800,Solanum dulcamara,OpenWetPoor
1764908,Solanum dulcamara,OpenWetPoor
1764915,Solanum dulcamara,OpenWetPoor
1766496,Solanum dulcamara,OpenWetPoor
1766497,Solanum dulcamara,OpenWetPoor
1766498,Solanum dulcamara,OpenWetPoor
1766499,Solanum dulcamara,OpenWetPoor
1766500,Solanum dulcamara,OpenWetPoor
1766501,Solanum dulcamara,OpenWetPoor
1766878,Solanum dulcamara,OpenWetPoor
1766879,Solanum dulcamara,OpenWetPoor
1766901,Solanum dulcamara,OpenWetPoor
1766908,Solanum dulcamara,OpenWetPoor
1766916,Solanum dulcamara,OpenWetPoor
1766917,Solanum dulcamara,OpenWetPoor
1766918,Solanum dulcamara,OpenWetPoor
1766919,Solanum dulcamara,OpenWetPoor
1766920,Solanum dulcamara,OpenWetPoor
1767005,Solanum dulcamara,OpenWetPoor
1767066,Solanum dulcamara,OpenWetPoor
1767067,Solanum dulcamara,OpenWetPoor
1767099,Solanum dulcamara,OpenWetPoor
1767100,Solanum dulcamara,OpenWetPoor
1767217,Solanum dulcamara,OpenWetPoor
1767218,Solanum dulcamara,OpenWetPoor
1768795,Solanum dulcamara,OpenWetPoor
1768798,Solanum dulcamara,OpenWetPoor
1768802,Solanum dulcamara,OpenWetPoor
1769161,Solanum dulcamara,OpenWetPoor
1769162,Solanum dulcamara,OpenWetPoor
1769174,Solanum dulcamara,OpenWetPoor
1769175,Solanum dulcamara,OpenWetPoor
1769177,Solanum dulcamara,OpenWetPoor
1769178,Solanum dulcamara,OpenWetPoor
1769208,Solanum dulcamara,OpenWetPoor
1769214,Solanum dulcamara,OpenWetPoor
1769216,Solanum dulcamara,OpenWetPoor
1769217,Solanum dulcamara,OpenWetPoor
1769218,Solanum dulcamara,OpenWetPoor
1769305,Solanum dulcamara,OpenWetPoor
1769306,Solanum dulcamara,OpenWetPoor
1771096,Solanum dulcamara,OpenWetPoor
1771098,Solanum dulcamara,OpenWetPoor
1771099,Solanum dulcamara,OpenWetPoor
1771100,Solanum dulcamara,OpenWetPoor
1771101,Solanum dulcamara,OpenWetPoor
1771474,Solanum dulcamara,OpenWetPoor
1771475,Solanum dulcamara,OpenWetPoor
1771476,Solanum dulcamara,OpenWetPoor
1771477,Solanum dulcamara,OpenWetPoor
1771506,Solanum dulcamara,OpenWetPoor
1771507,Solanum dulcamara,OpenWetPoor
1771513,Solanum dulcamara,OpenWetPoor
1771514,Solanum dulcamara,OpenWetPoor
1771605,Solanum dulcamara,OpenWetPoor
1771606,Solanum dulcamara,OpenWetPoor
1771664,Solanum dulcamara,OpenWetPoor
1773761,Solanum dulcamara,OpenWetPoor
1773768,Solanum dulcamara,OpenWetPoor
1773776,Solanum dulcamara,OpenWetPoor
1773777,Solanum dulcamara,OpenWetPoor
1773807,Solanum dulcamara,OpenWetPoor
1773808,Solanum dulcamara,OpenWetPoor
1773809,Solanum dulcamara,OpenWetPoor
1773811,Solanum dulcamara,OpenWetPoor
1773964,Solanum dulcamara,OpenWetPoor
1773966,Solanum dulcamara,OpenWetPoor
1776053,Solanum dulcamara,OpenWetPoor
1776075,Solanum dulcamara,OpenWetPoor
1776076,Solanum dulcamara,OpenWetPoor
1776077,Solanum dulcamara,OpenWetPoor
1776404,Solanum dulcamara,OpenWetPoor
1778355,Solanum dulcamara,OpenWetPoor
1778373,Solanum dulcamara,OpenWetPoor
1778375,Solanum dulcamara,OpenWetPoor
1778376,Solanum dulcamara,OpenWetPoor
1782607,Solanum dulcamara,OpenWetPoor
1782608,Solanum dulcamara,OpenWetPoor
1782622,Solanum dulcamara,OpenWetPoor
1782623,Solanum dulcamara,OpenWetPoor
1782976,Solanum dulcamara,OpenWetPoor
1784906,Solanum dulcamara,OpenWetPoor
1784907,Solanum dulcamara,OpenWetPoor
1784908,Solanum dulcamara,OpenWetPoor
1784909,Solanum dulcamara,OpenWetPoor
1784922,Solanum dulcamara,OpenWetPoor
1785252,Solanum dulcamara,OpenWetPoor
1785254,Solanum dulcamara,OpenWetPoor
1785255,Solanum dulcamara,OpenWetPoor
1787207,Solanum dulcamara,OpenWetPoor
1787208,Solanum dulcamara,OpenWetPoor
1787209,Solanum dulcamara,OpenWetPoor
1787215,Solanum dulcamara,OpenWetPoor
1787221,Solanum dulcamara,OpenWetPoor
1787554,Solanum dulcamara,OpenWetPoor
1787572,Solanum dulcamara,OpenWetPoor
1787573,Solanum dulcamara,OpenWetPoor
1787574,Solanum dulcamara,OpenWetPoor
1787576,Solanum dulcamara,OpenWetPoor
1789508,Solanum dulcamara,OpenWetPoor
1789518,Solanum dulcamara,OpenWetPoor
1789519,Solanum dulcamara,OpenWetPoor
1789854,Solanum dulcamara,OpenWetPoor
1789873,Solanum dulcamara,OpenWetPoor
1789874,Solanum dulcamara,OpenWetPoor
1789875,Solanum dulcamara,OpenWetPoor
1789876,Solanum dulcamara,OpenWetPoor
1791817,Solanum dulcamara,OpenWetPoor
1791818,Solanum dulcamara,OpenWetPoor
1792153,Solanum dulcamara,OpenWetPoor
1792154,Solanum dulcamara,OpenWetPoor
1792174,Solanum dulcamara,OpenWetPoor
1792175,Solanum dulcamara,OpenWetPoor
1792176,Solanum dulcamara,OpenWetPoor
1792411,Solanum dulcamara,OpenWetPoor
1794474,Solanum dulcamara,OpenWetPoor
1794476,Solanum dulcamara,OpenWetPoor
1794672,Solanum dulcamara,OpenWetPoor
1794709,Solanum dulcamara,OpenWetPoor
1794710,Solanum dulcamara,OpenWetPoor
1794711,Solanum dulcamara,OpenWetPoor
1796699,Solanum dulcamara,OpenWetPoor
1796914,Solanum dulcamara,OpenWetPoor
1796916,Solanum dulcamara,OpenWetPoor
1796917,Solanum dulcamara,OpenWetPoor
1796969,Solanum dulcamara,OpenWetPoor
1796976,Solanum dulcamara,OpenWetPoor
1797008,Solanum dulcamara,OpenWetPoor
1797009,Solanum dulcamara,OpenWetPoor
1797010,Solanum dulcamara,OpenWetPoor
1797011,Solanum dulcamara,OpenWetPoor
1797012,Solanum dulcamara,OpenWetPoor
1798999,Solanum dulcamara,OpenWetPoor
1799060,Solanum dulcamara,OpenWetPoor
1799061,Solanum dulcamara,OpenWetPoor
1799216,Solanum dulcamara,OpenWetPoor
1799277,Solanum dulcamara,OpenWetPoor
1799278,Solanum dulcamara,OpenWetPoor
1799308,Solanum dulcamara,OpenWetPoor
1799309,Solanum dulcamara,OpenWetPoor
1799310,Solanum dulcamara,OpenWetPoor
1799311,Solanum dulcamara,OpenWetPoor
1799312,Solanum dulcamara,OpenWetPoor
1801320,Solanum dulcamara,OpenWetPoor
1801352,Solanum dulcamara,OpenWetPoor
1801359,Solanum dulcamara,OpenWetPoor
1801360,Solanum dulcamara,OpenWetPoor
1801361,Solanum dulcamara,OpenWetPoor
1801362,Solanum dulcamara,OpenWetPoor
1801363,Solanum dulcamara,OpenWetPoor
1801364,Solanum dulcamara,OpenWetPoor
1801367,Solanum dulcamara,OpenWetPoor
1801372,Solanum dulcamara,OpenWetPoor
1801516,Solanum dulcamara,OpenWetPoor
1801577,Solanum dulcamara,OpenWetPoor
1801607,Solanum dulcamara,OpenWetPoor
1801608,Solanum dulcamara,OpenWetPoor
1801609,Solanum dulcamara,OpenWetPoor
1801610,Solanum dulcamara,OpenWetPoor
1801611,Solanum dulcamara,OpenWetPoor
1803296,Solanum dulcamara,OpenWetPoor
1803651,Solanum dulcamara,OpenWetPoor
1803652,Solanum dulcamara,OpenWetPoor
1803661,Solanum dulcamara,OpenWetPoor
1803662,Solanum dulcamara,OpenWetPoor
1803794,Solanum dulcamara,OpenWetPoor
1803795,Solanum dulcamara,OpenWetPoor
1803906,Solanum dulcamara,OpenWetPoor
1803907,Solanum dulcamara,OpenWetPoor
1803908,Solanum dulcamara,OpenWetPoor
1803909,Solanum dulcamara,OpenWetPoor
1803910,Solanum dulcamara,OpenWetPoor
1805595,Solanum dulcamara,OpenWetPoor
1805597,Solanum dulcamara,OpenWetPoor
1805598,Solanum dulcamara,OpenWetPoor
1805962,Solanum dulcamara,OpenWetPoor
1805963,Solanum dulcamara,OpenWetPoor
1806077,Solanum dulcamara,OpenWetPoor
1806079,Solanum dulcamara,OpenWetPoor
1806080,Solanum dulcamara,OpenWetPoor
1806084,Solanum dulcamara,OpenWetPoor
1806089,Solanum dulcamara,OpenWetPoor
1806093,Solanum dulcamara,OpenWetPoor
1806094,Solanum dulcamara,OpenWetPoor
1806095,Solanum dulcamara,OpenWetPoor
1806096,Solanum dulcamara,OpenWetPoor
1806097,Solanum dulcamara,OpenWetPoor
1806206,Solanum dulcamara,OpenWetPoor
1806207,Solanum dulcamara,OpenWetPoor
1806208,Solanum dulcamara,OpenWetPoor
1806209,Solanum dulcamara,OpenWetPoor
1807895,Solanum dulcamara,OpenWetPoor
1807896,Solanum dulcamara,OpenWetPoor
1807897,Solanum dulcamara,OpenWetPoor
1807898,Solanum dulcamara,OpenWetPoor
1808260,Solanum dulcamara,OpenWetPoor
1808373,Solanum dulcamara,OpenWetPoor
1808375,Solanum dulcamara,OpenWetPoor
1808376,Solanum dulcamara,OpenWetPoor
1808379,Solanum dulcamara,OpenWetPoor
1808380,Solanum dulcamara,OpenWetPoor
1808384,Solanum dulcamara,OpenWetPoor
1808387,Solanum dulcamara,OpenWetPoor
1808389,Solanum dulcamara,OpenWetPoor
1808392,Solanum dulcamara,OpenWetPoor
1808393,Solanum dulcamara,OpenWetPoor
1808394,Solanum dulcamara,OpenWetPoor
1808395,Solanum dulcamara,OpenWetPoor
1808396,Solanum dulcamara,OpenWetPoor
1808397,Solanum dulcamara,OpenWetPoor
1808414,Solanum dulcamara,OpenWetPoor
1808416,Solanum dulcamara,OpenWetPoor
1808506,Solanum dulcamara,OpenWetPoor
1808507,Solanum dulcamara,OpenWetPoor
1808721,Solanum dulcamara,OpenWetPoor
1810664,Solanum dulcamara,OpenWetPoor
1810665,Solanum dulcamara,OpenWetPoor
1810669,Solanum dulcamara,OpenWetPoor
1810670,Solanum dulcamara,OpenWetPoor
1810671,Solanum dulcamara,OpenWetPoor
1810675,Solanum dulcamara,OpenWetPoor
1810680,Solanum dulcamara,OpenWetPoor
1810683,Solanum dulcamara,OpenWetPoor
1810684,Solanum dulcamara,OpenWetPoor
1810685,Solanum dulcamara,OpenWetPoor
1810686,Solanum dulcamara,OpenWetPoor
1810687,Solanum dulcamara,OpenWetPoor
1810691,Solanum dulcamara,OpenWetPoor
1810692,Solanum dulcamara,OpenWetPoor
1810695,Solanum dulcamara,OpenWetPoor
1810696,Solanum dulcamara,OpenWetPoor
1810697,Solanum dulcamara,OpenWetPoor
1810716,Solanum dulcamara,OpenWetPoor
1810775,Solanum dulcamara,OpenWetPoor
1812510,Solanum dulcamara,OpenWetPoor
1812512,Solanum dulcamara,OpenWetPoor
1812963,Solanum dulcamara,OpenWetPoor
1812964,Solanum dulcamara,OpenWetPoor
1812965,Solanum dulcamara,OpenWetPoor
1812970,Solanum dulcamara,OpenWetPoor
1812975,Solanum dulcamara,OpenWetPoor
1812981,Solanum dulcamara,OpenWetPoor
1812982,Solanum dulcamara,OpenWetPoor
1812983,Solanum dulcamara,OpenWetPoor
1812986,Solanum dulcamara,OpenWetPoor
1812988,Solanum dulcamara,OpenWetPoor
1812989,Solanum dulcamara,OpenWetPoor
1812992,Solanum dulcamara,OpenWetPoor
1812993,Solanum dulcamara,OpenWetPoor
1813015,Solanum dulcamara,OpenWetPoor
1813072,Solanum dulcamara,OpenWetPoor
1813073,Solanum dulcamara,OpenWetPoor
1813075,Solanum dulcamara,OpenWetPoor
1814809,Solanum dulcamara,OpenWetPoor
1814811,Solanum dulcamara,OpenWetPoor
1814812,Solanum dulcamara,OpenWetPoor
1815262,Solanum dulcamara,OpenWetPoor
1815263,Solanum dulcamara,OpenWetPoor
1815265,Solanum dulcamara,OpenWetPoor
1815269,Solanum dulcamara,OpenWetPoor
1815271,Solanum dulcamara,OpenWetPoor
1815272,Solanum dulcamara,OpenWetPoor
1815286,Solanum dulcamara,OpenWetPoor
1815287,Solanum dulcamara,OpenWetPoor
1815290,Solanum dulcamara,OpenWetPoor
1815291,Solanum dulcamara,OpenWetPoor
1815293,Solanum dulcamara,OpenWetPoor
1815297,Solanum dulcamara,OpenWetPoor
1815314,Solanum dulcamara,OpenWetPoor
1815315,Solanum dulcamara,OpenWetPoor
1815371,Solanum dulcamara,OpenWetPoor
1817110,Solanum dulcamara,OpenWetPoor
1817111,Solanum dulcamara,OpenWetPoor
1817562,Solanum dulcamara,OpenWetPoor
1817563,Solanum dulcamara,OpenWetPoor
1817565,Solanum dulcamara,OpenWetPoor
1817569,Solanum dulcamara,OpenWetPoor
1817570,Solanum dulcamara,OpenWetPoor
1817571,Solanum dulcamara,OpenWetPoor
1817572,Solanum dulcamara,OpenWetPoor
1817585,Solanum dulcamara,OpenWetPoor
1817586,Solanum dulcamara,OpenWetPoor
1817594,Solanum dulcamara,OpenWetPoor
1817596,Solanum dulcamara,OpenWetPoor
1817597,Solanum dulcamara,OpenWetPoor
1817598,Solanum dulcamara,OpenWetPoor
1817599,Solanum dulcamara,OpenWetPoor
1817921,Solanum dulcamara,OpenWetPoor
1819410,Solanum dulcamara,OpenWetPoor
1819411,Solanum dulcamara,OpenWetPoor
1819412,Solanum dulcamara,OpenWetPoor
1819860,Solanum dulcamara,OpenWetPoor
1819861,Solanum dulcamara,OpenWetPoor
1819863,Solanum dulcamara,OpenWetPoor
1819864,Solanum dulcamara,OpenWetPoor
1819865,Solanum dulcamara,OpenWetPoor
1819866,Solanum dulcamara,OpenWetPoor
1819871,Solanum dulcamara,OpenWetPoor
1819891,Solanum dulcamara,OpenWetPoor
1819892,Solanum dulcamara,OpenWetPoor
1819895,Solanum dulcamara,OpenWetPoor
1819897,Solanum dulcamara,OpenWetPoor
1819898,Solanum dulcamara,OpenWetPoor
1819899,Solanum dulcamara,OpenWetPoor
1820078,Solanum dulcamara,OpenWetPoor
1820080,Solanum dulcamara,OpenWetPoor
1822159,Solanum dulcamara,OpenWetPoor
1822160,Solanum dulcamara,OpenWetPoor
1822161,Solanum dulcamara,OpenWetPoor
1822162,Solanum dulcamara,OpenWetPoor
1822164,Solanum dulcamara,OpenWetPoor
1822165,Solanum dulcamara,OpenWetPoor
1822172,Solanum dulcamara,OpenWetPoor
1822193,Solanum dulcamara,OpenWetPoor
1822194,Solanum dulcamara,OpenWetPoor
1822195,Solanum dulcamara,OpenWetPoor
1822196,Solanum dulcamara,OpenWetPoor
1822197,Solanum dulcamara,OpenWetPoor
1822198,Solanum dulcamara,OpenWetPoor
1822199,Solanum dulcamara,OpenWetPoor
1822200,Solanum dulcamara,OpenWetPoor
1822202,Solanum dulcamara,OpenWetPoor
1822377,Solanum dulcamara,OpenWetPoor
1822378,Solanum dulcamara,OpenWetPoor
1822379,Solanum dulcamara,OpenWetPoor
1822380,Solanum dulcamara,OpenWetPoor
1822381,Solanum dulcamara,OpenWetPoor
1824456,Solanum dulcamara,OpenWetPoor
1824458,Solanum dulcamara,OpenWetPoor
1824459,Solanum dulcamara,OpenWetPoor
1824462,Solanum dulcamara,OpenWetPoor
1824463,Solanum dulcamara,OpenWetPoor
1824464,Solanum dulcamara,OpenWetPoor
1824473,Solanum dulcamara,OpenWetPoor
1824495,Solanum dulcamara,OpenWetPoor
1824496,Solanum dulcamara,OpenWetPoor
1824497,Solanum dulcamara,OpenWetPoor
1824501,Solanum dulcamara,OpenWetPoor
1824502,Solanum dulcamara,OpenWetPoor
1824503,Solanum dulcamara,OpenWetPoor
1824504,Solanum dulcamara,OpenWetPoor
1824513,Solanum dulcamara,OpenWetPoor
1824514,Solanum dulcamara,OpenWetPoor
1824677,Solanum dulcamara,OpenWetPoor
1824678,Solanum dulcamara,OpenWetPoor
1824679,Solanum dulcamara,OpenWetPoor
1824680,Solanum dulcamara,OpenWetPoor
1824681,Solanum dulcamara,OpenWetPoor
1824682,Solanum dulcamara,OpenWetPoor
1826754,Solanum dulcamara,OpenWetPoor
1826755,Solanum dulcamara,OpenWetPoor
1826758,Solanum dulcamara,OpenWetPoor
1826759,Solanum dulcamara,OpenWetPoor
1826760,Solanum dulcamara,OpenWetPoor
1826774,Solanum dulcamara,OpenWetPoor
1826795,Solanum dulcamara,OpenWetPoor
1826796,Solanum dulcamara,OpenWetPoor
1826802,Solanum dulcamara,OpenWetPoor
1826803,Solanum dulcamara,OpenWetPoor
1826804,Solanum dulcamara,OpenWetPoor
1826805,Solanum dulcamara,OpenWetPoor
1826814,Solanum dulcamara,OpenWetPoor
1826815,Solanum dulcamara,OpenWetPoor
1826816,Solanum dulcamara,OpenWetPoor
1826978,Solanum dulcamara,OpenWetPoor
1826979,Solanum dulcamara,OpenWetPoor
1826980,Solanum dulcamara,OpenWetPoor
1829054,Solanum dulcamara,OpenWetPoor
1829055,Solanum dulcamara,OpenWetPoor
1829056,Solanum dulcamara,OpenWetPoor
1829059,Solanum dulcamara,OpenWetPoor
1829103,Solanum dulcamara,OpenWetPoor
1829104,Solanum dulcamara,OpenWetPoor
1829105,Solanum dulcamara,OpenWetPoor
1829106,Solanum dulcamara,OpenWetPoor
1829107,Solanum dulcamara,OpenWetPoor
1829114,Solanum dulcamara,OpenWetPoor
1829279,Solanum dulcamara,OpenWetPoor
1829280,Solanum dulcamara,OpenWetPoor
1831278,Solanum dulcamara,OpenWetPoor
1831352,Solanum dulcamara,OpenWetPoor
1831354,Solanum dulcamara,OpenWetPoor
1831355,Solanum dulcamara,OpenWetPoor
1831397,Solanum dulcamara,OpenWetPoor
1831407,Solanum dulcamara,OpenWetPoor
1833650,Solanum dulcamara,OpenWetPoor
1833651,Solanum dulcamara,OpenWetPoor
1833652,Solanum dulcamara,OpenWetPoor
1833653,Solanum dulcamara,OpenWetPoor
1833654,Solanum dulcamara,OpenWetPoor
1833680,Solanum dulcamara,OpenWetPoor
1833696,Solanum dulcamara,OpenWetPoor
1833707,Solanum dulcamara,OpenWetPoor
1833885,Solanum dulcamara,OpenWetPoor
1833889,Solanum dulcamara,OpenWetPoor
1835947,Solanum dulcamara,OpenWetPoor
1835948,Solanum dulcamara,OpenWetPoor
1835949,Solanum dulcamara,OpenWetPoor
1836010,Solanum dulcamara,OpenWetPoor
1836183,Solanum dulcamara,OpenWetPoor
1836184,Solanum dulcamara,OpenWetPoor
1836185,Solanum dulcamara,OpenWetPoor
1836188,Solanum dulcamara,OpenWetPoor
1836189,Solanum dulcamara,OpenWetPoor
1836322,Solanum dulcamara,OpenWetPoor
1838247,Solanum dulcamara,OpenWetPoor
1838310,Solanum dulcamara,OpenWetPoor
1838484,Solanum dulcamara,OpenWetPoor
1838485,Solanum dulcamara,OpenWetPoor
1838488,Solanum dulcamara,OpenWetPoor
1838489,Solanum dulcamara,OpenWetPoor
1838622,Solanum dulcamara,OpenWetPoor
1840609,Solanum dulcamara,OpenWetPoor
1840611,Solanum dulcamara,OpenWetPoor
1840787,Solanum dulcamara,OpenWetPoor
1840788,Solanum dulcamara,OpenWetPoor
1840789,Solanum dulcamara,OpenWetPoor
1842953,Solanum dulcamara,OpenWetPoor
1843087,Solanum dulcamara,OpenWetPoor
1845211,Solanum dulcamara,OpenWetPoor
1845212,Solanum dulcamara,OpenWetPoor
1845252,Solanum dulcamara,OpenWetPoor
1845386,Solanum dulcamara,OpenWetPoor
1845387,Solanum dulcamara,OpenWetPoor
1845388,Solanum dulcamara,OpenWetPoor
1847511,Solanum dulcamara,OpenWetPoor
1847551,Solanum dulcamara,OpenWetPoor
1847552,Solanum dulcamara,OpenWetPoor
1847686,Solanum dulcamara,OpenWetPoor
1847687,Solanum dulcamara,OpenWetPoor
1847703,Solanum dulcamara,OpenWetPoor
1847823,Solanum dulcamara,OpenWetPoor
1849813,Solanum dulcamara,OpenWetPoor
1849851,Solanum dulcamara,OpenWetPoor
1849987,Solanum dulcamara,OpenWetPoor
1849988,Solanum dulcamara,OpenWetPoor
1849989,Solanum dulcamara,OpenWetPoor
1849990,Solanum dulcamara,OpenWetPoor
1852113,Solanum dulcamara,OpenWetPoor
1852299,Solanum dulcamara,OpenWetPoor
1852300,Solanum dulcamara,OpenWetPoor
1852303,Solanum dulcamara,OpenWetPoor
1852422,Solanum dulcamara,OpenWetPoor
1854412,Solanum dulcamara,OpenWetPoor
1854413,Solanum dulcamara,OpenWetPoor
1854599,Solanum dulcamara,OpenWetPoor
1854601,Solanum dulcamara,OpenWetPoor
1856712,Solanum dulcamara,OpenWetPoor
1856713,Solanum dulcamara,OpenWetPoor
1856950,Solanum dulcamara,OpenWetPoor
1859013,Solanum dulcamara,OpenWetPoor
1859188,Solanum dulcamara,OpenWetPoor
1859249,Solanum dulcamara,OpenWetPoor
1859251,Solanum dulcamara,OpenWetPoor
1859252,Solanum dulcamara,OpenWetPoor
1859253,Solanum dulcamara,OpenWetPoor
1861219,Solanum dulcamara,OpenWetPoor
1861220,Solanum dulcamara,OpenWetPoor
1861221,Solanum dulcamara,OpenWetPoor
1861487,Solanum dulcamara,OpenWetPoor
1861488,Solanum dulcamara,OpenWetPoor
1861551,Solanum dulcamara,OpenWetPoor
1861552,Solanum dulcamara,OpenWetPoor
1861553,Solanum dulcamara,OpenWetPoor
1863063,Solanum dulcamara,OpenWetPoor
1863294,Solanum dulcamara,OpenWetPoor
1863295,Solanum dulcamara,OpenWetPoor
1863535,Solanum dulcamara,OpenWetPoor
1863613,Solanum dulcamara,OpenWetPoor
1863615,Solanum dulcamara,OpenWetPoor
1863616,Solanum dulcamara,OpenWetPoor
1863617,Solanum dulcamara,OpenWetPoor
1863625,Solanum dulcamara,OpenWetPoor
1863774,Solanum dulcamara,OpenWetPoor
1863775,Solanum dulcamara,OpenWetPoor
1863787,Solanum dulcamara,OpenWetPoor
1863788,Solanum dulcamara,OpenWetPoor
1863789,Solanum dulcamara,OpenWetPoor
1863852,Solanum dulcamara,OpenWetPoor
1865363,Solanum dulcamara,OpenWetPoor
1865364,Solanum dulcamara,OpenWetPoor
1865445,Solanum dulcamara,OpenWetPoor
1865533,Solanum dulcamara,OpenWetPoor
1865534,Solanum dulcamara,OpenWetPoor
1865535,Solanum dulcamara,OpenWetPoor
1865536,Solanum dulcamara,OpenWetPoor
1865538,Solanum dulcamara,OpenWetPoor
1865546,Solanum dulcamara,OpenWetPoor
1865593,Solanum dulcamara,OpenWetPoor
1865594,Solanum dulcamara,OpenWetPoor
1865595,Solanum dulcamara,OpenWetPoor
1865807,Solanum dulcamara,OpenWetPoor
1865916,Solanum dulcamara,OpenWetPoor
1865917,Solanum dulcamara,OpenWetPoor
1865919,Solanum dulcamara,OpenWetPoor
1865923,Solanum dulcamara,OpenWetPoor
1865928,Solanum dulcamara,OpenWetPoor
1865944,Solanum dulcamara,OpenWetPoor
1865945,Solanum dulcamara,OpenWetPoor
1865946,Solanum dulcamara,OpenWetPoor
1865949,Solanum dulcamara,OpenWetPoor
1865950,Solanum dulcamara,OpenWetPoor
1866073,Solanum dulcamara,OpenWetPoor
1866076,Solanum dulcamara,OpenWetPoor
1866086,Solanum dulcamara,OpenWetPoor
1866087,Solanum dulcamara,OpenWetPoor
1866088,Solanum dulcamara,OpenWetPoor
1866090,Solanum dulcamara,OpenWetPoor
1866150,Solanum dulcamara,OpenWetPoor
1866151,Solanum dulcamara,OpenWetPoor
1866152,Solanum dulcamara,OpenWetPoor
1867664,Solanum dulcamara,OpenWetPoor
1867745,Solanum dulcamara,OpenWetPoor
1867749,Solanum dulcamara,OpenWetPoor
1867752,Solanum dulcamara,OpenWetPoor
1867835,Solanum dulcamara,OpenWetPoor
1867893,Solanum dulcamara,OpenWetPoor
1867894,Solanum dulcamara,OpenWetPoor
1867895,Solanum dulcamara,OpenWetPoor
1867896,Solanum dulcamara,OpenWetPoor
1868216,Solanum dulcamara,OpenWetPoor
1868221,Solanum dulcamara,OpenWetPoor
1868222,Solanum dulcamara,OpenWetPoor
1868223,Solanum dulcamara,OpenWetPoor
1868228,Solanum dulcamara,OpenWetPoor
1868231,Solanum dulcamara,OpenWetPoor
1868233,Solanum dulcamara,OpenWetPoor
1868243,Solanum dulcamara,OpenWetPoor
1868245,Solanum dulcamara,OpenWetPoor
1868246,Solanum dulcamara,OpenWetPoor
1868249,Solanum dulcamara,OpenWetPoor
1868250,Solanum dulcamara,OpenWetPoor
1868251,Solanum dulcamara,OpenWetPoor
1868372,Solanum dulcamara,OpenWetPoor
1868376,Solanum dulcamara,OpenWetPoor
1868389,Solanum dulcamara,OpenWetPoor
1868405,Solanum dulcamara,OpenWetPoor
1868406,Solanum dulcamara,OpenWetPoor
1868407,Solanum dulcamara,OpenWetPoor
1870042,Solanum dulcamara,OpenWetPoor
1870043,Solanum dulcamara,OpenWetPoor
1870044,Solanum dulcamara,OpenWetPoor
1870045,Solanum dulcamara,OpenWetPoor
1870049,Solanum dulcamara,OpenWetPoor
1870050,Solanum dulcamara,OpenWetPoor
1870051,Solanum dulcamara,OpenWetPoor
1870194,Solanum dulcamara,OpenWetPoor
1870195,Solanum dulcamara,OpenWetPoor
1870196,Solanum dulcamara,OpenWetPoor
1870407,Solanum dulcamara,OpenWetPoor
1870523,Solanum dulcamara,OpenWetPoor
1870533,Solanum dulcamara,OpenWetPoor
1870534,Solanum dulcamara,OpenWetPoor
1870535,Solanum dulcamara,OpenWetPoor
1870537,Solanum dulcamara,OpenWetPoor
1870543,Solanum dulcamara,OpenWetPoor
1870544,Solanum dulcamara,OpenWetPoor
1870545,Solanum dulcamara,OpenWetPoor
1870546,Solanum dulcamara,OpenWetPoor
1870547,Solanum dulcamara,OpenWetPoor
1870548,Solanum dulcamara,OpenWetPoor
1870549,Solanum dulcamara,OpenWetPoor
1870550,Solanum dulcamara,OpenWetPoor
1870551,Solanum dulcamara,OpenWetPoor
1870672,Solanum dulcamara,OpenWetPoor
1870673,Solanum dulcamara,OpenWetPoor
1870676,Solanum dulcamara,OpenWetPoor
1870704,Solanum dulcamara,OpenWetPoor
1870705,Solanum dulcamara,OpenWetPoor
1870706,Solanum dulcamara,OpenWetPoor
1870707,Solanum dulcamara,OpenWetPoor
1872336,Solanum dulcamara,OpenWetPoor
1872342,Solanum dulcamara,OpenWetPoor
1872343,Solanum dulcamara,OpenWetPoor
1872344,Solanum dulcamara,OpenWetPoor
1872438,Solanum dulcamara,OpenWetPoor
1872450,Solanum dulcamara,OpenWetPoor
1872451,Solanum dulcamara,OpenWetPoor
1872452,Solanum dulcamara,OpenWetPoor
1872453,Solanum dulcamara,OpenWetPoor
1872494,Solanum dulcamara,OpenWetPoor
1872495,Solanum dulcamara,OpenWetPoor
1872496,Solanum dulcamara,OpenWetPoor
1872822,Solanum dulcamara,OpenWetPoor
1872825,Solanum dulcamara,OpenWetPoor
1872833,Solanum dulcamara,OpenWetPoor
1872835,Solanum dulcamara,OpenWetPoor
1872836,Solanum dulcamara,OpenWetPoor
1872837,Solanum dulcamara,OpenWetPoor
1872844,Solanum dulcamara,OpenWetPoor
1872845,Solanum dulcamara,OpenWetPoor
1872848,Solanum dulcamara,OpenWetPoor
1872850,Solanum dulcamara,OpenWetPoor
1872851,Solanum dulcamara,OpenWetPoor
1872972,Solanum dulcamara,OpenWetPoor
1872973,Solanum dulcamara,OpenWetPoor
1872976,Solanum dulcamara,OpenWetPoor
1873004,Solanum dulcamara,OpenWetPoor
1873005,Solanum dulcamara,OpenWetPoor
1873006,Solanum dulcamara,OpenWetPoor
1873007,Solanum dulcamara,OpenWetPoor
1873008,Solanum dulcamara,OpenWetPoor
1874635,Solanum dulcamara,OpenWetPoor
1874636,Solanum dulcamara,OpenWetPoor
1874637,Solanum dulcamara,OpenWetPoor
1874754,Solanum dulcamara,OpenWetPoor
1874755,Solanum dulcamara,OpenWetPoor
1875127,Solanum dulcamara,OpenWetPoor
1875128,Solanum dulcamara,OpenWetPoor
1875129,Solanum dulcamara,OpenWetPoor
1875130,Solanum dulcamara,OpenWetPoor
1875134,Solanum dulcamara,OpenWetPoor
1875143,Solanum dulcamara,OpenWetPoor
1875147,Solanum dulcamara,OpenWetPoor
1875148,Solanum dulcamara,OpenWetPoor
1875149,Solanum dulcamara,OpenWetPoor
1875150,Solanum dulcamara,OpenWetPoor
1875151,Solanum dulcamara,OpenWetPoor
1875272,Solanum dulcamara,OpenWetPoor
1875273,Solanum dulcamara,OpenWetPoor
1875274,Solanum dulcamara,OpenWetPoor
1875275,Solanum dulcamara,OpenWetPoor
1875304,Solanum dulcamara,OpenWetPoor
1875305,Solanum dulcamara,OpenWetPoor
1875306,Solanum dulcamara,OpenWetPoor
1875307,Solanum dulcamara,OpenWetPoor
1876935,Solanum dulcamara,OpenWetPoor
1876938,Solanum dulcamara,OpenWetPoor
1877055,Solanum dulcamara,OpenWetPoor
1877428,Solanum dulcamara,OpenWetPoor
1877429,Solanum dulcamara,OpenWetPoor
1877430,Solanum dulcamara,OpenWetPoor
1877431,Solanum dulcamara,OpenWetPoor
1877432,Solanum dulcamara,OpenWetPoor
1877443,Solanum dulcamara,OpenWetPoor
1877444,Solanum dulcamara,OpenWetPoor
1877446,Solanum dulcamara,OpenWetPoor
1877447,Solanum dulcamara,OpenWetPoor
1877448,Solanum dulcamara,OpenWetPoor
1877449,Solanum dulcamara,OpenWetPoor
1877450,Solanum dulcamara,OpenWetPoor
1877605,Solanum dulcamara,OpenWetPoor
1877606,Solanum dulcamara,OpenWetPoor
1877607,Solanum dulcamara,OpenWetPoor
1879236,Solanum dulcamara,OpenWetPoor
1879237,Solanum dulcamara,OpenWetPoor
1879238,Solanum dulcamara,OpenWetPoor
1879668,Solanum dulcamara,OpenWetPoor
1879669,Solanum dulcamara,OpenWetPoor
1879744,Solanum dulcamara,OpenWetPoor
1879746,Solanum dulcamara,OpenWetPoor
1879747,Solanum dulcamara,OpenWetPoor
1879748,Solanum dulcamara,OpenWetPoor
1879749,Solanum dulcamara,OpenWetPoor
1879901,Solanum dulcamara,OpenWetPoor
1879902,Solanum dulcamara,OpenWetPoor
1879905,Solanum dulcamara,OpenWetPoor
1879907,Solanum dulcamara,OpenWetPoor
1881535,Solanum dulcamara,OpenWetPoor
1881536,Solanum dulcamara,OpenWetPoor
1881537,Solanum dulcamara,OpenWetPoor
1881854,Solanum dulcamara,OpenWetPoor
1881855,Solanum dulcamara,OpenWetPoor
1881968,Solanum dulcamara,OpenWetPoor
1882039,Solanum dulcamara,OpenWetPoor
1882046,Solanum dulcamara,OpenWetPoor
1882047,Solanum dulcamara,OpenWetPoor
1882048,Solanum dulcamara,OpenWetPoor
1882049,Solanum dulcamara,OpenWetPoor
1882199,Solanum dulcamara,OpenWetPoor
1882200,Solanum dulcamara,OpenWetPoor
1882201,Solanum dulcamara,OpenWetPoor
1882202,Solanum dulcamara,OpenWetPoor
1882228,Solanum dulcamara,OpenWetPoor
1884154,Solanum dulcamara,OpenWetPoor
1884156,Solanum dulcamara,OpenWetPoor
1884317,Solanum dulcamara,OpenWetPoor
1884348,Solanum dulcamara,OpenWetPoor
1884349,Solanum dulcamara,OpenWetPoor
1884497,Solanum dulcamara,OpenWetPoor
1884500,Solanum dulcamara,OpenWetPoor
1884501,Solanum dulcamara,OpenWetPoor
1884503,Solanum dulcamara,OpenWetPoor
1886258,Solanum dulcamara,OpenWetPoor
1886648,Solanum dulcamara,OpenWetPoor
1886802,Solanum dulcamara,OpenWetPoor
1886803,Solanum dulcamara,OpenWetPoor
1888560,Solanum dulcamara,OpenWetPoor
1888929,Solanum dulcamara,OpenWetPoor
1888940,Solanum dulcamara,OpenWetPoor
1889010,Solanum dulcamara,OpenWetPoor
1890720,Solanum dulcamara,OpenWetPoor
1890722,Solanum dulcamara,OpenWetPoor
1890739,Solanum dulcamara,OpenWetPoor
1890861,Solanum dulcamara,OpenWetPoor
1890862,Solanum dulcamara,OpenWetPoor
1891239,Solanum dulcamara,OpenWetPoor
1891249,Solanum dulcamara,OpenWetPoor
1891309,Solanum dulcamara,OpenWetPoor
1891310,Solanum dulcamara,OpenWetPoor
1891311,Solanum dulcamara,OpenWetPoor
1893019,Solanum dulcamara,OpenWetPoor
1893020,Solanum dulcamara,OpenWetPoor
1893022,Solanum dulcamara,OpenWetPoor
1893038,Solanum dulcamara,OpenWetPoor
1893040,Solanum dulcamara,OpenWetPoor
1893539,Solanum dulcamara,OpenWetPoor
1893611,Solanum dulcamara,OpenWetPoor
1895319,Solanum dulcamara,OpenWetPoor
1895322,Solanum dulcamara,OpenWetPoor
1895323,Solanum dulcamara,OpenWetPoor
1895337,Solanum dulcamara,OpenWetPoor
1895338,Solanum dulcamara,OpenWetPoor
1895339,Solanum dulcamara,OpenWetPoor
1895341,Solanum dulcamara,OpenWetPoor
1895465,Solanum dulcamara,OpenWetPoor
1895466,Solanum dulcamara,OpenWetPoor
1895840,Solanum dulcamara,OpenWetPoor
1895910,Solanum dulcamara,OpenWetPoor
1895911,Solanum dulcamara,OpenWetPoor
1895914,Solanum dulcamara,OpenWetPoor
1897619,Solanum dulcamara,OpenWetPoor
1897620,Solanum dulcamara,OpenWetPoor
1897621,Solanum dulcamara,OpenWetPoor
1897622,Solanum dulcamara,OpenWetPoor
1897637,Solanum dulcamara,OpenWetPoor
1897638,Solanum dulcamara,OpenWetPoor
1897639,Solanum dulcamara,OpenWetPoor
1897640,Solanum dulcamara,OpenWetPoor
1897641,Solanum dulcamara,OpenWetPoor
1897766,Solanum dulcamara,OpenWetPoor
1897767,Solanum dulcamara,OpenWetPoor
1898116,Solanum dulcamara,OpenWetPoor
1898141,Solanum dulcamara,OpenWetPoor
1898147,Solanum dulcamara,OpenWetPoor
1898309,Solanum dulcamara,OpenWetPoor
1898310,Solanum dulcamara,OpenWetPoor
1899921,Solanum dulcamara,OpenWetPoor
1899939,Solanum dulcamara,OpenWetPoor
1899940,Solanum dulcamara,OpenWetPoor
1899941,Solanum dulcamara,OpenWetPoor
1899949,Solanum dulcamara,OpenWetPoor
1900068,Solanum dulcamara,OpenWetPoor
1900362,Solanum dulcamara,OpenWetPoor
1900415,Solanum dulcamara,OpenWetPoor
1900442,Solanum dulcamara,OpenWetPoor
1900447,Solanum dulcamara,OpenWetPoor
1900448,Solanum dulcamara,OpenWetPoor
1900605,Solanum dulcamara,OpenWetPoor
1900609,Solanum dulcamara,OpenWetPoor
1900611,Solanum dulcamara,OpenWetPoor
1902175,Solanum dulcamara,OpenWetPoor
1902239,Solanum dulcamara,OpenWetPoor
1902240,Solanum dulcamara,OpenWetPoor
1902242,Solanum dulcamara,OpenWetPoor
1902248,Solanum dulcamara,OpenWetPoor
1902249,Solanum dulcamara,OpenWetPoor
1902370,Solanum dulcamara,OpenWetPoor
1902742,Solanum dulcamara,OpenWetPoor
1902743,Solanum dulcamara,OpenWetPoor
1902744,Solanum dulcamara,OpenWetPoor
1902747,Solanum dulcamara,OpenWetPoor
1902748,Solanum dulcamara,OpenWetPoor
1902905,Solanum dulcamara,OpenWetPoor
1902909,Solanum dulcamara,OpenWetPoor
1904474,Solanum dulcamara,OpenWetPoor
1904475,Solanum dulcamara,OpenWetPoor
1904476,Solanum dulcamara,OpenWetPoor
1904477,Solanum dulcamara,OpenWetPoor
1904478,Solanum dulcamara,OpenWetPoor
1904540,Solanum dulcamara,OpenWetPoor
1904671,Solanum dulcamara,OpenWetPoor
1904672,Solanum dulcamara,OpenWetPoor
1905014,Solanum dulcamara,OpenWetPoor
1905043,Solanum dulcamara,OpenWetPoor
1905046,Solanum dulcamara,OpenWetPoor
1905047,Solanum dulcamara,OpenWetPoor
1905048,Solanum dulcamara,OpenWetPoor
1905205,Solanum dulcamara,OpenWetPoor
1906778,Solanum dulcamara,OpenWetPoor
1906792,Solanum dulcamara,OpenWetPoor
1906794,Solanum dulcamara,OpenWetPoor
1906977,Solanum dulcamara,OpenWetPoor
1906979,Solanum dulcamara,OpenWetPoor
1906980,Solanum dulcamara,OpenWetPoor
1906981,Solanum dulcamara,OpenWetPoor
1907261,Solanum dulcamara,OpenWetPoor
1907313,Solanum dulcamara,OpenWetPoor
1907344,Solanum dulcamara,OpenWetPoor
1907345,Solanum dulcamara,OpenWetPoor
1907346,Solanum dulcamara,OpenWetPoor
1907503,Solanum dulcamara,OpenWetPoor
1907505,Solanum dulcamara,OpenWetPoor
1909073,Solanum dulcamara,OpenWetPoor
1909171,Solanum dulcamara,OpenWetPoor
1909612,Solanum dulcamara,OpenWetPoor
1911375,Solanum dulcamara,OpenWetPoor
1911376,Solanum dulcamara,OpenWetPoor
1911377,Solanum dulcamara,OpenWetPoor
1911393,Solanum dulcamara,OpenWetPoor
1911394,Solanum dulcamara,OpenWetPoor
1911580,Solanum dulcamara,OpenWetPoor
1911838,Solanum dulcamara,OpenWetPoor
1911912,Solanum dulcamara,OpenWetPoor
1913694,Solanum dulcamara,OpenWetPoor
1913695,Solanum dulcamara,OpenWetPoor
1913696,Solanum dulcamara,OpenWetPoor
1914143,Solanum dulcamara,OpenWetPoor
1914212,Solanum dulcamara,OpenWetPoor
1915994,Solanum dulcamara,OpenWetPoor
1915995,Solanum dulcamara,OpenWetPoor
1916443,Solanum dulcamara,OpenWetPoor
1916446,Solanum dulcamara,OpenWetPoor
1916513,Solanum dulcamara,OpenWetPoor
1916796,Solanum dulcamara,OpenWetPoor
1918294,Solanum dulcamara,OpenWetPoor
1918734,Solanum dulcamara,OpenWetPoor
1918746,Solanum dulcamara,OpenWetPoor
1918747,Solanum dulcamara,OpenWetPoor
1918748,Solanum dulcamara,OpenWetPoor
1918749,Solanum dulcamara,OpenWetPoor
1918813,Solanum dulcamara,OpenWetPoor
1920593,Solanum dulcamara,OpenWetPoor
1920594,Solanum dulcamara,OpenWetPoor
1920595,Solanum dulcamara,OpenWetPoor
1920597,Solanum dulcamara,OpenWetPoor
1921048,Solanum dulcamara,OpenWetPoor
1921400,Solanum dulcamara,OpenWetPoor
1922895,Solanum dulcamara,OpenWetPoor
1922896,Solanum dulcamara,OpenWetPoor
1922897,Solanum dulcamara,OpenWetPoor
1923332,Solanum dulcamara,OpenWetPoor
1923348,Solanum dulcamara,OpenWetPoor
1923349,Solanum dulcamara,OpenWetPoor
1923350,Solanum dulcamara,OpenWetPoor
1923699,Solanum dulcamara,OpenWetPoor
1923700,Solanum dulcamara,OpenWetPoor
1925195,Solanum dulcamara,OpenWetPoor
1925196,Solanum dulcamara,OpenWetPoor
1925197,Solanum dulcamara,OpenWetPoor
1925650,Solanum dulcamara,OpenWetPoor
1927498,Solanum dulcamara,OpenWetPoor
1927968,Solanum dulcamara,OpenWetPoor
1930246,Solanum dulcamara,OpenWetPoor
1932544,Solanum dulcamara,OpenWetPoor
1932545,Solanum dulcamara,OpenWetPoor
1932546,Solanum dulcamara,OpenWetPoor
1937142,Solanum dulcamara,OpenWetPoor
1939433,Solanum dulcamara,OpenWetPoor
1939449,Solanum dulcamara,OpenWetPoor
1941738,Solanum dulcamara,OpenWetPoor
1941740,Solanum dulcamara,OpenWetPoor
1941748,Solanum dulcamara,OpenWetPoor
1943611,Solanum dulcamara,OpenWetPoor
1944036,Solanum dulcamara,OpenWetPoor
1944038,Solanum dulcamara,OpenWetPoor
1944040,Solanum dulcamara,OpenWetPoor
1945910,Solanum dulcamara,OpenWetPoor
1946336,Solanum dulcamara,OpenWetPoor
1946337,Solanum dulcamara,OpenWetPoor
1946340,Solanum dulcamara,OpenWetPoor
1946561,Solanum dulcamara,OpenWetPoor
1946629,Solanum dulcamara,OpenWetPoor
1948211,Solanum dulcamara,OpenWetPoor
1948636,Solanum dulcamara,OpenWetPoor
1948637,Solanum dulcamara,OpenWetPoor
1948638,Solanum dulcamara,OpenWetPoor
1948639,Solanum dulcamara,OpenWetPoor
1948640,Solanum dulcamara,OpenWetPoor
1948641,Solanum dulcamara,OpenWetPoor
1948929,Solanum dulcamara,OpenWetPoor
1948930,Solanum dulcamara,OpenWetPoor
1950510,Solanum dulcamara,OpenWetPoor
1950511,Solanum dulcamara,OpenWetPoor
1950512,Solanum dulcamara,OpenWetPoor
1950513,Solanum dulcamara,OpenWetPoor
1950937,Solanum dulcamara,OpenWetPoor
1950939,Solanum dulcamara,OpenWetPoor
1950940,Solanum dulcamara,OpenWetPoor
1950941,Solanum dulcamara,OpenWetPoor
1951230,Solanum dulcamara,OpenWetPoor
1952811,Solanum dulcamara,OpenWetPoor
1952813,Solanum dulcamara,OpenWetPoor
1953237,Solanum dulcamara,OpenWetPoor
1953240,Solanum dulcamara,OpenWetPoor
1953395,Solanum dulcamara,OpenWetPoor
1955694,Solanum dulcamara,OpenWetPoor
1955695,Solanum dulcamara,OpenWetPoor
1957370,Solanum dulcamara,OpenWetPoor
1957995,Solanum dulcamara,OpenWetPoor
1959668,Solanum dulcamara,OpenWetPoor
1965059,Solanum dulcamara,OpenWetPoor
1966589,Solanum dulcamara,OpenWetPoor
1966590,Solanum dulcamara,OpenWetPoor
1967155,Solanum dulcamara,OpenWetPoor
1967326,Solanum dulcamara,OpenWetPoor
1968888,Solanum dulcamara,OpenWetPoor
1968889,Solanum dulcamara,OpenWetPoor
1968890,Solanum dulcamara,OpenWetPoor
1969074,Solanum dulcamara,OpenWetPoor
1969465,Solanum dulcamara,OpenWetPoor
1971190,Solanum dulcamara,OpenWetPoor
1971191,Solanum dulcamara,OpenWetPoor
1971192,Solanum dulcamara,OpenWetPoor
1971374,Solanum dulcamara,OpenWetPoor
1971375,Solanum dulcamara,OpenWetPoor
1971376,Solanum dulcamara,OpenWetPoor
1971630,Solanum dulcamara,OpenWetPoor
1971764,Solanum dulcamara,OpenWetPoor
1971928,Solanum dulcamara,OpenWetPoor
1973492,Solanum dulcamara,OpenWetPoor
1973677,Solanum dulcamara,OpenWetPoor
1974064,Solanum dulcamara,OpenWetPoor
1974228,Solanum dulcamara,OpenWetPoor
1974229,Solanum dulcamara,OpenWetPoor
1975792,Solanum dulcamara,OpenWetPoor
1975793,Solanum dulcamara,OpenWetPoor
1976221,Solanum dulcamara,OpenWetPoor
1976238,Solanum dulcamara,OpenWetPoor
1976364,Solanum dulcamara,OpenWetPoor
1976401,Solanum dulcamara,OpenWetPoor
1976539,Solanum dulcamara,OpenWetPoor
1978093,Solanum dulcamara,OpenWetPoor
1978538,Solanum dulcamara,OpenWetPoor
1978539,Solanum dulcamara,OpenWetPoor
1978592,Solanum dulcamara,OpenWetPoor
1980393,Solanum dulcamara,OpenWetPoor
1980808,Solanum dulcamara,OpenWetPoor
1980809,Solanum dulcamara,OpenWetPoor
1980837,Solanum dulcamara,OpenWetPoor
1980838,Solanum dulcamara,OpenWetPoor
1980839,Solanum dulcamara,OpenWetPoor
1980840,Solanum dulcamara,OpenWetPoor
1980891,Solanum dulcamara,OpenWetPoor
1981004,Solanum dulcamara,OpenWetPoor
1981005,Solanum dulcamara,OpenWetPoor
1983093,Solanum dulcamara,OpenWetPoor
1983094,Solanum dulcamara,OpenWetPoor
1983106,Solanum dulcamara,OpenWetPoor
1983107,Solanum dulcamara,OpenWetPoor
1983110,Solanum dulcamara,OpenWetPoor
1983139,Solanum dulcamara,OpenWetPoor
1983183,Solanum dulcamara,OpenWetPoor
1985396,Solanum dulcamara,OpenWetPoor
1985405,Solanum dulcamara,OpenWetPoor
1987693,Solanum dulcamara,OpenWetPoor
1987701,Solanum dulcamara,OpenWetPoor
1987707,Solanum dulcamara,OpenWetPoor
1987708,Solanum dulcamara,OpenWetPoor
1987780,Solanum dulcamara,OpenWetPoor
1988037,Solanum dulcamara,OpenWetPoor
1989992,Solanum dulcamara,OpenWetPoor
1990079,Solanum dulcamara,OpenWetPoor
1990163,Solanum dulcamara,OpenWetPoor
1992462,Solanum dulcamara,OpenWetPoor
1992464,Solanum dulcamara,OpenWetPoor
1994586,Solanum dulcamara,OpenWetPoor
1994763,Solanum dulcamara,OpenWetPoor
1994764,Solanum dulcamara,OpenWetPoor
1994843,Solanum dulcamara,OpenWetPoor
1996882,Solanum dulcamara,OpenWetPoor
1996884,Solanum dulcamara,OpenWetPoor
1997064,Solanum dulcamara,OpenWetPoor
1997065,Solanum dulcamara,OpenWetPoor
1997142,Solanum dulcamara,OpenWetPoor
1997143,Solanum dulcamara,OpenWetPoor
1997144,Solanum dulcamara,OpenWetPoor
1998774,Solanum dulcamara,OpenWetPoor
1999180,Solanum dulcamara,OpenWetPoor
1999181,Solanum dulcamara,OpenWetPoor
1999364,Solanum dulcamara,OpenWetPoor
1999442,Solanum dulcamara,OpenWetPoor
1999443,Solanum dulcamara,OpenWetPoor
2001072,Solanum dulcamara,OpenWetPoor
2001073,Solanum dulcamara,OpenWetPoor
2001075,Solanum dulcamara,OpenWetPoor
2001188,Solanum dulcamara,OpenWetPoor
2001189,Solanum dulcamara,OpenWetPoor
2001190,Solanum dulcamara,OpenWetPoor
2001477,Solanum dulcamara,OpenWetPoor
2001480,Solanum dulcamara,OpenWetPoor
2001481,Solanum dulcamara,OpenWetPoor
2001582,Solanum dulcamara,OpenWetPoor
2001664,Solanum dulcamara,OpenWetPoor
2001665,Solanum dulcamara,OpenWetPoor
2001666,Solanum dulcamara,OpenWetPoor
2001742,Solanum dulcamara,OpenWetPoor
2003372,Solanum dulcamara,OpenWetPoor
2003373,Solanum dulcamara,OpenWetPoor
2003374,Solanum dulcamara,OpenWetPoor
2003375,Solanum dulcamara,OpenWetPoor
2003376,Solanum dulcamara,OpenWetPoor
2003775,Solanum dulcamara,OpenWetPoor
2003777,Solanum dulcamara,OpenWetPoor
2003778,Solanum dulcamara,OpenWetPoor
2003964,Solanum dulcamara,OpenWetPoor
2003966,Solanum dulcamara,OpenWetPoor
2004041,Solanum dulcamara,OpenWetPoor
2005672,Solanum dulcamara,OpenWetPoor
2005673,Solanum dulcamara,OpenWetPoor
2005675,Solanum dulcamara,OpenWetPoor
2005676,Solanum dulcamara,OpenWetPoor
2005677,Solanum dulcamara,OpenWetPoor
2006076,Solanum dulcamara,OpenWetPoor
2006077,Solanum dulcamara,OpenWetPoor
2006078,Solanum dulcamara,OpenWetPoor
2006156,Solanum dulcamara,OpenWetPoor
2007973,Solanum dulcamara,OpenWetPoor
2007974,Solanum dulcamara,OpenWetPoor
2007975,Solanum dulcamara,OpenWetPoor
2007976,Solanum dulcamara,OpenWetPoor
2007977,Solanum dulcamara,OpenWetPoor
2007978,Solanum dulcamara,OpenWetPoor
2008375,Solanum dulcamara,OpenWetPoor
2008455,Solanum dulcamara,OpenWetPoor
2008456,Solanum dulcamara,OpenWetPoor
2010274,Solanum dulcamara,OpenWetPoor
2010275,Solanum dulcamara,OpenWetPoor
2010277,Solanum dulcamara,OpenWetPoor
2010278,Solanum dulcamara,OpenWetPoor
2010758,Solanum dulcamara,OpenWetPoor
2010772,Solanum dulcamara,OpenWetPoor
2011025,Solanum dulcamara,OpenWetPoor
2012575,Solanum dulcamara,OpenWetPoor
2012577,Solanum dulcamara,OpenWetPoor
2013072,Solanum dulcamara,OpenWetPoor
2013320,Solanum dulcamara,OpenWetPoor
2013321,Solanum dulcamara,OpenWetPoor
2013322,Solanum dulcamara,OpenWetPoor
2013323,Solanum dulcamara,OpenWetPoor
2013324,Solanum dulcamara,OpenWetPoor
2013325,Solanum dulcamara,OpenWetPoor
2013326,Solanum dulcamara,OpenWetPoor
2013327,Solanum dulcamara,OpenWetPoor
2013328,Solanum dulcamara,OpenWetPoor
2015370,Solanum dulcamara,OpenWetPoor
2015371,Solanum dulcamara,OpenWetPoor
2015619,Solanum dulcamara,OpenWetPoor
2015620,Solanum dulcamara,OpenWetPoor
2015621,Solanum dulcamara,OpenWetPoor
2015622,Solanum dulcamara,OpenWetPoor
2015623,Solanum dulcamara,OpenWetPoor
2015624,Solanum dulcamara,OpenWetPoor
2015625,Solanum dulcamara,OpenWetPoor
2015626,Solanum dulcamara,OpenWetPoor
2015627,Solanum dulcamara,OpenWetPoor
2015628,Solanum dulcamara,OpenWetPoor
2017669,Solanum dulcamara,OpenWetPoor
2017670,Solanum dulcamara,OpenWetPoor
2017916,Solanum dulcamara,OpenWetPoor
2017918,Solanum dulcamara,OpenWetPoor
2017920,Solanum dulcamara,OpenWetPoor
2017921,Solanum dulcamara,OpenWetPoor
2017922,Solanum dulcamara,OpenWetPoor
2017923,Solanum dulcamara,OpenWetPoor
2017924,Solanum dulcamara,OpenWetPoor
2017925,Solanum dulcamara,OpenWetPoor
2017927,Solanum dulcamara,OpenWetPoor
2017928,Solanum dulcamara,OpenWetPoor
2020138,Solanum dulcamara,OpenWetPoor
2020213,Solanum dulcamara,OpenWetPoor
2020216,Solanum dulcamara,OpenWetPoor
2020217,Solanum dulcamara,OpenWetPoor
2020219,Solanum dulcamara,OpenWetPoor
2020220,Solanum dulcamara,OpenWetPoor
2020221,Solanum dulcamara,OpenWetPoor
2020222,Solanum dulcamara,OpenWetPoor
2020223,Solanum dulcamara,OpenWetPoor
2020225,Solanum dulcamara,OpenWetPoor
2022516,Solanum dulcamara,OpenWetPoor
2022519,Solanum dulcamara,OpenWetPoor
2022520,Solanum dulcamara,OpenWetPoor
2022522,Solanum dulcamara,OpenWetPoor
2022523,Solanum dulcamara,OpenWetPoor
2022524,Solanum dulcamara,OpenWetPoor
2022525,Solanum dulcamara,OpenWetPoor
2022557,Solanum dulcamara,OpenWetPoor
2024664,Solanum dulcamara,OpenWetPoor
2024813,Solanum dulcamara,OpenWetPoor
2024819,Solanum dulcamara,OpenWetPoor
2024822,Solanum dulcamara,OpenWetPoor
2024823,Solanum dulcamara,OpenWetPoor
2024824,Solanum dulcamara,OpenWetPoor
2027123,Solanum dulcamara,OpenWetPoor
2027124,Solanum dulcamara,OpenWetPoor
2029142,Solanum dulcamara,OpenWetPoor
2029159,Solanum dulcamara,OpenWetPoor
2029165,Solanum dulcamara,OpenWetPoor
2029166,Solanum dulcamara,OpenWetPoor
2031439,Solanum dulcamara,OpenWetPoor
2031442,Solanum dulcamara,OpenWetPoor
2031443,Solanum dulcamara,OpenWetPoor
2031458,Solanum dulcamara,OpenWetPoor
2031459,Solanum dulcamara,OpenWetPoor
2031460,Solanum dulcamara,OpenWetPoor
2031466,Solanum dulcamara,OpenWetPoor
2031565,Solanum dulcamara,OpenWetPoor
2031608,Solanum dulcamara,OpenWetPoor
2031609,Solanum dulcamara,OpenWetPoor
2033739,Solanum dulcamara,OpenWetPoor
2033740,Solanum dulcamara,OpenWetPoor
2033742,Solanum dulcamara,OpenWetPoor
2033756,Solanum dulcamara,OpenWetPoor
2033865,Solanum dulcamara,OpenWetPoor
2033905,Solanum dulcamara,OpenWetPoor
2033907,Solanum dulcamara,OpenWetPoor
2035899,Solanum dulcamara,OpenWetPoor
2036040,Solanum dulcamara,OpenWetPoor
2036041,Solanum dulcamara,OpenWetPoor
2036055,Solanum dulcamara,OpenWetPoor
2036203,Solanum dulcamara,OpenWetPoor
2036204,Solanum dulcamara,OpenWetPoor
2036206,Solanum dulcamara,OpenWetPoor
2036207,Solanum dulcamara,OpenWetPoor
2036208,Solanum dulcamara,OpenWetPoor
2036209,Solanum dulcamara,OpenWetPoor
2038200,Solanum dulcamara,OpenWetPoor
2038201,Solanum dulcamara,OpenWetPoor
2038354,Solanum dulcamara,OpenWetPoor
2038479,Solanum dulcamara,OpenWetPoor
2038502,Solanum dulcamara,OpenWetPoor
2038503,Solanum dulcamara,OpenWetPoor
2038504,Solanum dulcamara,OpenWetPoor
2038505,Solanum dulcamara,OpenWetPoor
2038509,Solanum dulcamara,OpenWetPoor
2038510,Solanum dulcamara,OpenWetPoor
2038511,Solanum dulcamara,OpenWetPoor
2040499,Solanum dulcamara,OpenWetPoor
2040500,Solanum dulcamara,OpenWetPoor
2040501,Solanum dulcamara,OpenWetPoor
2040502,Solanum dulcamara,OpenWetPoor
2040503,Solanum dulcamara,OpenWetPoor
2040779,Solanum dulcamara,OpenWetPoor
2040780,Solanum dulcamara,OpenWetPoor
2040781,Solanum dulcamara,OpenWetPoor
2040799,Solanum dulcamara,OpenWetPoor
2040822,Solanum dulcamara,OpenWetPoor
2042466,Solanum dulcamara,OpenWetPoor
2042801,Solanum dulcamara,OpenWetPoor
2042802,Solanum dulcamara,OpenWetPoor
2043078,Solanum dulcamara,OpenWetPoor
2043079,Solanum dulcamara,OpenWetPoor
2043080,Solanum dulcamara,OpenWetPoor
2043121,Solanum dulcamara,OpenWetPoor
2043122,Solanum dulcamara,OpenWetPoor
2043123,Solanum dulcamara,OpenWetPoor
2044765,Solanum dulcamara,OpenWetPoor
2044766,Solanum dulcamara,OpenWetPoor
2045377,Solanum dulcamara,OpenWetPoor
2045378,Solanum dulcamara,OpenWetPoor
2045380,Solanum dulcamara,OpenWetPoor
2045423,Solanum dulcamara,OpenWetPoor
2047066,Solanum dulcamara,OpenWetPoor
2047678,Solanum dulcamara,OpenWetPoor
2047679,Solanum dulcamara,OpenWetPoor
2047680,Solanum dulcamara,OpenWetPoor
2047681,Solanum dulcamara,OpenWetPoor
2049366,Solanum dulcamara,OpenWetPoor
2053965,Solanum dulcamara,OpenWetPoor
2054438,Solanum dulcamara,OpenWetPoor
2056313,Solanum dulcamara,OpenWetPoor
2056314,Solanum dulcamara,OpenWetPoor
2056315,Solanum dulcamara,OpenWetPoor
2056738,Solanum dulcamara,OpenWetPoor
2058612,Solanum dulcamara,OpenWetPoor
2058613,Solanum dulcamara,OpenWetPoor
2058614,Solanum dulcamara,OpenWetPoor
2058615,Solanum dulcamara,OpenWetPoor
2058616,Solanum dulcamara,OpenWetPoor
2059035,Solanum dulcamara,OpenWetPoor
2060914,Solanum dulcamara,OpenWetPoor
2060915,Solanum dulcamara,OpenWetPoor
2060916,Solanum dulcamara,OpenWetPoor
2063212,Solanum dulcamara,OpenWetPoor
2063213,Solanum dulcamara,OpenWetPoor
2063214,Solanum dulcamara,OpenWetPoor
2063637,Solanum dulcamara,OpenWetPoor
2065515,Solanum dulcamara,OpenWetPoor
2065936,Solanum dulcamara,OpenWetPoor
2068235,Solanum dulcamara,OpenWetPoor
2068236,Solanum dulcamara,OpenWetPoor
2068239,Solanum dulcamara,OpenWetPoor
2068460,Solanum dulcamara,OpenWetPoor
2068461,Solanum dulcamara,OpenWetPoor
2070534,Solanum dulcamara,OpenWetPoor
2070535,Solanum dulcamara,OpenWetPoor
2070538,Solanum dulcamara,OpenWetPoor
2070539,Solanum dulcamara,OpenWetPoor
2070782,Solanum dulcamara,OpenWetPoor
2072838,Solanum dulcamara,OpenWetPoor
2073081,Solanum dulcamara,OpenWetPoor
2073085,Solanum dulcamara,OpenWetPoor
2075133,Solanum dulcamara,OpenWetPoor
2075381,Solanum dulcamara,OpenWetPoor
2075392,Solanum dulcamara,OpenWetPoor
2075393,Solanum dulcamara,OpenWetPoor
2075394,Solanum dulcamara,OpenWetPoor
2077431,Solanum dulcamara,OpenWetPoor
2077432,Solanum dulcamara,OpenWetPoor
2077434,Solanum dulcamara,OpenWetPoor
2077435,Solanum dulcamara,OpenWetPoor
2077693,Solanum dulcamara,OpenWetPoor
2079731,Solanum dulcamara,OpenWetPoor
2079733,Solanum dulcamara,OpenWetPoor
2079734,Solanum dulcamara,OpenWetPoor
2079736,Solanum dulcamara,OpenWetPoor
2079740,Solanum dulcamara,OpenWetPoor
2082030,Solanum dulcamara,OpenWetPoor
2082031,Solanum dulcamara,OpenWetPoor
2082032,Solanum dulcamara,OpenWetPoor
2082033,Solanum dulcamara,OpenWetPoor
2082034,Solanum dulcamara,OpenWetPoor
2084240,Solanum dulcamara,OpenWetPoor
2084241,Solanum dulcamara,OpenWetPoor
2084252,Solanum dulcamara,OpenWetPoor
2084330,Solanum dulcamara,OpenWetPoor
2084331,Solanum dulcamara,OpenWetPoor
2084332,Solanum dulcamara,OpenWetPoor
2084341,Solanum dulcamara,OpenWetPoor
2084342,Solanum dulcamara,OpenWetPoor
2084350,Solanum dulcamara,OpenWetPoor
2084447,Solanum dulcamara,OpenWetPoor
2084448,Solanum dulcamara,OpenWetPoor
2084449,Solanum dulcamara,OpenWetPoor
2084450,Solanum dulcamara,OpenWetPoor
2084451,Solanum dulcamara,OpenWetPoor
2084452,Solanum dulcamara,OpenWetPoor
2084453,Solanum dulcamara,OpenWetPoor
2084457,Solanum dulcamara,OpenWetPoor
2086630,Solanum dulcamara,OpenWetPoor
2086748,Solanum dulcamara,OpenWetPoor
2086749,Solanum dulcamara,OpenWetPoor
2088929,Solanum dulcamara,OpenWetPoor
2088944,Solanum dulcamara,OpenWetPoor
2089200,Solanum dulcamara,OpenWetPoor
2091224,Solanum dulcamara,OpenWetPoor
2091244,Solanum dulcamara,OpenWetPoor
2091338,Solanum dulcamara,OpenWetPoor
2093099,Solanum dulcamara,OpenWetPoor
2093100,Solanum dulcamara,OpenWetPoor
2095399,Solanum dulcamara,OpenWetPoor
2095401,Solanum dulcamara,OpenWetPoor
2095402,Solanum dulcamara,OpenWetPoor
2095403,Solanum dulcamara,OpenWetPoor
2095842,Solanum dulcamara,OpenWetPoor
2097702,Solanum dulcamara,OpenWetPoor
2097703,Solanum dulcamara,OpenWetPoor
2100499,Solanum dulcamara,OpenWetPoor
2102754,Solanum dulcamara,OpenWetPoor
2102755,Solanum dulcamara,OpenWetPoor
2102799,Solanum dulcamara,OpenWetPoor
2102802,Solanum dulcamara,OpenWetPoor
2104562,Solanum dulcamara,OpenWetPoor
2105055,Solanum dulcamara,OpenWetPoor
2105056,Solanum dulcamara,OpenWetPoor
2105102,Solanum dulcamara,OpenWetPoor
2107357,Solanum dulcamara,OpenWetPoor
2107358,Solanum dulcamara,OpenWetPoor
2107375,Solanum dulcamara,OpenWetPoor
2107376,Solanum dulcamara,OpenWetPoor
2107402,Solanum dulcamara,OpenWetPoor
2107403,Solanum dulcamara,OpenWetPoor
2107404,Solanum dulcamara,OpenWetPoor
2109674,Solanum dulcamara,OpenWetPoor
2109701,Solanum dulcamara,OpenWetPoor
2109702,Solanum dulcamara,OpenWetPoor
2109703,Solanum dulcamara,OpenWetPoor
2109704,Solanum dulcamara,OpenWetPoor
2109911,Solanum dulcamara,OpenWetPoor
2112210,Solanum dulcamara,OpenWetPoor
2112211,Solanum dulcamara,OpenWetPoor
2114004,Solanum dulcamara,OpenWetPoor
2114005,Solanum dulcamara,OpenWetPoor
2114006,Solanum dulcamara,OpenWetPoor
2114007,Solanum dulcamara,OpenWetPoor
2114247,Solanum dulcamara,OpenWetPoor
2114248,Solanum dulcamara,OpenWetPoor
2114250,Solanum dulcamara,OpenWetPoor
2114251,Solanum dulcamara,OpenWetPoor
2114267,Solanum dulcamara,OpenWetPoor
2114269,Solanum dulcamara,OpenWetPoor
2114512,Solanum dulcamara,OpenWetPoor
2116453,Solanum dulcamara,OpenWetPoor
2116563,Solanum dulcamara,OpenWetPoor
2116567,Solanum dulcamara,OpenWetPoor
2116811,Solanum dulcamara,OpenWetPoor
2116812,Solanum dulcamara,OpenWetPoor
2118753,Solanum dulcamara,OpenWetPoor
2118754,Solanum dulcamara,OpenWetPoor
2118860,Solanum dulcamara,OpenWetPoor
2118861,Solanum dulcamara,OpenWetPoor
2118865,Solanum dulcamara,OpenWetPoor
2119108,Solanum dulcamara,OpenWetPoor
2120723,Solanum dulcamara,OpenWetPoor
2121053,Solanum dulcamara,OpenWetPoor
2121054,Solanum dulcamara,OpenWetPoor
2123022,Solanum dulcamara,OpenWetPoor
2123023,Solanum dulcamara,OpenWetPoor
2123354,Solanum dulcamara,OpenWetPoor
2123569,Solanum dulcamara,OpenWetPoor
2123572,Solanum dulcamara,OpenWetPoor
2123573,Solanum dulcamara,OpenWetPoor
2123574,Solanum dulcamara,OpenWetPoor
2123583,Solanum dulcamara,OpenWetPoor
2125297,Solanum dulcamara,OpenWetPoor
2125322,Solanum dulcamara,OpenWetPoor
2125326,Solanum dulcamara,OpenWetPoor
2125867,Solanum dulcamara,OpenWetPoor
2125869,Solanum dulcamara,OpenWetPoor
2125870,Solanum dulcamara,OpenWetPoor
2125871,Solanum dulcamara,OpenWetPoor
2125872,Solanum dulcamara,OpenWetPoor
2125885,Solanum dulcamara,OpenWetPoor
2127622,Solanum dulcamara,OpenWetPoor
2127623,Solanum dulcamara,OpenWetPoor
2127624,Solanum dulcamara,OpenWetPoor
2128186,Solanum dulcamara,OpenWetPoor
2128187,Solanum dulcamara,OpenWetPoor
2129863,Solanum dulcamara,OpenWetPoor
2129923,Solanum dulcamara,OpenWetPoor
2129924,Solanum dulcamara,OpenWetPoor
2130138,Solanum dulcamara,OpenWetPoor
2130290,Solanum dulcamara,OpenWetPoor
2130463,Solanum dulcamara,OpenWetPoor
2130465,Solanum dulcamara,OpenWetPoor
2130473,Solanum dulcamara,OpenWetPoor
2132162,Solanum dulcamara,OpenWetPoor
2132163,Solanum dulcamara,OpenWetPoor
2132437,Solanum dulcamara,OpenWetPoor
2132438,Solanum dulcamara,OpenWetPoor
2132439,Solanum dulcamara,OpenWetPoor
2132763,Solanum dulcamara,OpenWetPoor
2132764,Solanum dulcamara,OpenWetPoor
2134462,Solanum dulcamara,OpenWetPoor
2134463,Solanum dulcamara,OpenWetPoor
2134737,Solanum dulcamara,OpenWetPoor
2134738,Solanum dulcamara,OpenWetPoor
2134740,Solanum dulcamara,OpenWetPoor
2134741,Solanum dulcamara,OpenWetPoor
2134742,Solanum dulcamara,OpenWetPoor
2135062,Solanum dulcamara,OpenWetPoor
2135063,Solanum dulcamara,OpenWetPoor
2135090,Solanum dulcamara,OpenWetPoor
2135094,Solanum dulcamara,OpenWetPoor
2136762,Solanum dulcamara,OpenWetPoor
2136763,Solanum dulcamara,OpenWetPoor
2136888,Solanum dulcamara,OpenWetPoor
2136889,Solanum dulcamara,OpenWetPoor
2137037,Solanum dulcamara,OpenWetPoor
2137038,Solanum dulcamara,OpenWetPoor
2137040,Solanum dulcamara,OpenWetPoor
2137042,Solanum dulcamara,OpenWetPoor
2137043,Solanum dulcamara,OpenWetPoor
2137385,Solanum dulcamara,OpenWetPoor
2137390,Solanum dulcamara,OpenWetPoor
2139187,Solanum dulcamara,OpenWetPoor
2139188,Solanum dulcamara,OpenWetPoor
2139339,Solanum dulcamara,OpenWetPoor
2139340,Solanum dulcamara,OpenWetPoor
2139341,Solanum dulcamara,OpenWetPoor
2139343,Solanum dulcamara,OpenWetPoor
2139344,Solanum dulcamara,OpenWetPoor
2139635,Solanum dulcamara,OpenWetPoor
2139637,Solanum dulcamara,OpenWetPoor
2139638,Solanum dulcamara,OpenWetPoor
2139651,Solanum dulcamara,OpenWetPoor
2139655,Solanum dulcamara,OpenWetPoor
2139685,Solanum dulcamara,OpenWetPoor
2139686,Solanum dulcamara,OpenWetPoor
2139687,Solanum dulcamara,OpenWetPoor
2139690,Solanum dulcamara,OpenWetPoor
2141439,Solanum dulcamara,OpenWetPoor
2141484,Solanum dulcamara,OpenWetPoor
2141485,Solanum dulcamara,OpenWetPoor
2141641,Solanum dulcamara,OpenWetPoor
2141642,Solanum dulcamara,OpenWetPoor
2141643,Solanum dulcamara,OpenWetPoor
2141644,Solanum dulcamara,OpenWetPoor
2141645,Solanum dulcamara,OpenWetPoor
2141934,Solanum dulcamara,OpenWetPoor
2141935,Solanum dulcamara,OpenWetPoor
2141940,Solanum dulcamara,OpenWetPoor
2141947,Solanum dulcamara,OpenWetPoor
2141948,Solanum dulcamara,OpenWetPoor
2141950,Solanum dulcamara,OpenWetPoor
2141951,Solanum dulcamara,OpenWetPoor
2141952,Solanum dulcamara,OpenWetPoor
2141953,Solanum dulcamara,OpenWetPoor
2141954,Solanum dulcamara,OpenWetPoor
2142098,Solanum dulcamara,OpenWetPoor
2143737,Solanum dulcamara,OpenWetPoor
2143782,Solanum dulcamara,OpenWetPoor
2143783,Solanum dulcamara,OpenWetPoor
2143784,Solanum dulcamara,OpenWetPoor
2144235,Solanum dulcamara,OpenWetPoor
2144236,Solanum dulcamara,OpenWetPoor
2144237,Solanum dulcamara,OpenWetPoor
2144240,Solanum dulcamara,OpenWetPoor
2144241,Solanum dulcamara,OpenWetPoor
2144242,Solanum dulcamara,OpenWetPoor
2144250,Solanum dulcamara,OpenWetPoor
2144251,Solanum dulcamara,OpenWetPoor
2144252,Solanum dulcamara,OpenWetPoor
2144253,Solanum dulcamara,OpenWetPoor
2144254,Solanum dulcamara,OpenWetPoor
2144285,Solanum dulcamara,OpenWetPoor
2144286,Solanum dulcamara,OpenWetPoor
2145966,Solanum dulcamara,OpenWetPoor
2145967,Solanum dulcamara,OpenWetPoor
2145968,Solanum dulcamara,OpenWetPoor
2146009,Solanum dulcamara,OpenWetPoor
2146010,Solanum dulcamara,OpenWetPoor
2146011,Solanum dulcamara,OpenWetPoor
2146012,Solanum dulcamara,OpenWetPoor
2146082,Solanum dulcamara,OpenWetPoor
2146083,Solanum dulcamara,OpenWetPoor
2146514,Solanum dulcamara,OpenWetPoor
2146534,Solanum dulcamara,OpenWetPoor
2146536,Solanum dulcamara,OpenWetPoor
2146537,Solanum dulcamara,OpenWetPoor
2146538,Solanum dulcamara,OpenWetPoor
2146539,Solanum dulcamara,OpenWetPoor
2146541,Solanum dulcamara,OpenWetPoor
2146545,Solanum dulcamara,OpenWetPoor
2146548,Solanum dulcamara,OpenWetPoor
2146549,Solanum dulcamara,OpenWetPoor
2146550,Solanum dulcamara,OpenWetPoor
2146551,Solanum dulcamara,OpenWetPoor
2146586,Solanum dulcamara,OpenWetPoor
2148266,Solanum dulcamara,OpenWetPoor
2148268,Solanum dulcamara,OpenWetPoor
2148269,Solanum dulcamara,OpenWetPoor
2148309,Solanum dulcamara,OpenWetPoor
2148312,Solanum dulcamara,OpenWetPoor
2148313,Solanum dulcamara,OpenWetPoor
2148384,Solanum dulcamara,OpenWetPoor
2148814,Solanum dulcamara,OpenWetPoor
2148815,Solanum dulcamara,OpenWetPoor
2148816,Solanum dulcamara,OpenWetPoor
2148817,Solanum dulcamara,OpenWetPoor
2148818,Solanum dulcamara,OpenWetPoor
2148834,Solanum dulcamara,OpenWetPoor
2148838,Solanum dulcamara,OpenWetPoor
2148839,Solanum dulcamara,OpenWetPoor
2148840,Solanum dulcamara,OpenWetPoor
2148841,Solanum dulcamara,OpenWetPoor
2148845,Solanum dulcamara,OpenWetPoor
2148846,Solanum dulcamara,OpenWetPoor
2148847,Solanum dulcamara,OpenWetPoor
2148848,Solanum dulcamara,OpenWetPoor
2148849,Solanum dulcamara,OpenWetPoor
2148850,Solanum dulcamara,OpenWetPoor
2148854,Solanum dulcamara,OpenWetPoor
2150566,Solanum dulcamara,OpenWetPoor
2150567,Solanum dulcamara,OpenWetPoor
2150569,Solanum dulcamara,OpenWetPoor
2150611,Solanum dulcamara,OpenWetPoor
2150612,Solanum dulcamara,OpenWetPoor
2150613,Solanum dulcamara,OpenWetPoor
2151113,Solanum dulcamara,OpenWetPoor
2151114,Solanum dulcamara,OpenWetPoor
2151115,Solanum dulcamara,OpenWetPoor
2151116,Solanum dulcamara,OpenWetPoor
2151117,Solanum dulcamara,OpenWetPoor
2151118,Solanum dulcamara,OpenWetPoor
2151138,Solanum dulcamara,OpenWetPoor
2151139,Solanum dulcamara,OpenWetPoor
2151142,Solanum dulcamara,OpenWetPoor
2151143,Solanum dulcamara,OpenWetPoor
2151144,Solanum dulcamara,OpenWetPoor
2151146,Solanum dulcamara,OpenWetPoor
2151147,Solanum dulcamara,OpenWetPoor
2151149,Solanum dulcamara,OpenWetPoor
2152865,Solanum dulcamara,OpenWetPoor
2152866,Solanum dulcamara,OpenWetPoor
2152867,Solanum dulcamara,OpenWetPoor
2152868,Solanum dulcamara,OpenWetPoor
2152909,Solanum dulcamara,OpenWetPoor
2152911,Solanum dulcamara,OpenWetPoor
2152912,Solanum dulcamara,OpenWetPoor
2153413,Solanum dulcamara,OpenWetPoor
2153414,Solanum dulcamara,OpenWetPoor
2153416,Solanum dulcamara,OpenWetPoor
2153417,Solanum dulcamara,OpenWetPoor
2153418,Solanum dulcamara,OpenWetPoor
2153434,Solanum dulcamara,OpenWetPoor
2153439,Solanum dulcamara,OpenWetPoor
2153442,Solanum dulcamara,OpenWetPoor
2153443,Solanum dulcamara,OpenWetPoor
2153445,Solanum dulcamara,OpenWetPoor
2153446,Solanum dulcamara,OpenWetPoor
2154195,Solanum dulcamara,OpenWetPoor
2154196,Solanum dulcamara,OpenWetPoor
2155211,Solanum dulcamara,OpenWetPoor
2155716,Solanum dulcamara,OpenWetPoor
2155717,Solanum dulcamara,OpenWetPoor
2155718,Solanum dulcamara,OpenWetPoor
2155719,Solanum dulcamara,OpenWetPoor
2155720,Solanum dulcamara,OpenWetPoor
2155746,Solanum dulcamara,OpenWetPoor
2156495,Solanum dulcamara,OpenWetPoor
2156497,Solanum dulcamara,OpenWetPoor
2156506,Solanum dulcamara,OpenWetPoor
2157459,Solanum dulcamara,OpenWetPoor
2157803,Solanum dulcamara,OpenWetPoor
2157804,Solanum dulcamara,OpenWetPoor
2158015,Solanum dulcamara,OpenWetPoor
2158016,Solanum dulcamara,OpenWetPoor
2158017,Solanum dulcamara,OpenWetPoor
2158018,Solanum dulcamara,OpenWetPoor
2158020,Solanum dulcamara,OpenWetPoor
2158716,Solanum dulcamara,OpenWetPoor
2158717,Solanum dulcamara,OpenWetPoor
2158794,Solanum dulcamara,OpenWetPoor
2158799,Solanum dulcamara,OpenWetPoor
2158801,Solanum dulcamara,OpenWetPoor
2158804,Solanum dulcamara,OpenWetPoor
2158806,Solanum dulcamara,OpenWetPoor
2158807,Solanum dulcamara,OpenWetPoor
2158810,Solanum dulcamara,OpenWetPoor
2159759,Solanum dulcamara,OpenWetPoor
2159760,Solanum dulcamara,OpenWetPoor
2160101,Solanum dulcamara,OpenWetPoor
2160102,Solanum dulcamara,OpenWetPoor
2160103,Solanum dulcamara,OpenWetPoor
2160104,Solanum dulcamara,OpenWetPoor
2160105,Solanum dulcamara,OpenWetPoor
2160213,Solanum dulcamara,OpenWetPoor
2160215,Solanum dulcamara,OpenWetPoor
2160320,Solanum dulcamara,OpenWetPoor
2161094,Solanum dulcamara,OpenWetPoor
2161096,Solanum dulcamara,OpenWetPoor
2161097,Solanum dulcamara,OpenWetPoor
2161099,Solanum dulcamara,OpenWetPoor
2161102,Solanum dulcamara,OpenWetPoor
2161108,Solanum dulcamara,OpenWetPoor
2161109,Solanum dulcamara,OpenWetPoor
2161110,Solanum dulcamara,OpenWetPoor
2162401,Solanum dulcamara,OpenWetPoor
2162402,Solanum dulcamara,OpenWetPoor
2162404,Solanum dulcamara,OpenWetPoor
2162405,Solanum dulcamara,OpenWetPoor
2163313,Solanum dulcamara,OpenWetPoor
2163352,Solanum dulcamara,OpenWetPoor
2163353,Solanum dulcamara,OpenWetPoor
2163395,Solanum dulcamara,OpenWetPoor
2163397,Solanum dulcamara,OpenWetPoor
2163399,Solanum dulcamara,OpenWetPoor
2163405,Solanum dulcamara,OpenWetPoor
2163408,Solanum dulcamara,OpenWetPoor
2164700,Solanum dulcamara,OpenWetPoor
2164704,Solanum dulcamara,OpenWetPoor
2165651,Solanum dulcamara,OpenWetPoor
2165653,Solanum dulcamara,OpenWetPoor
2165695,Solanum dulcamara,OpenWetPoor
2165696,Solanum dulcamara,OpenWetPoor
2167000,Solanum dulcamara,OpenWetPoor
2167006,Solanum dulcamara,OpenWetPoor
2167995,Solanum dulcamara,OpenWetPoor
2167998,Solanum dulcamara,OpenWetPoor
2168001,Solanum dulcamara,OpenWetPoor
2169300,Solanum dulcamara,OpenWetPoor
2169306,Solanum dulcamara,OpenWetPoor
2170295,Solanum dulcamara,OpenWetPoor
2171602,Solanum dulcamara,OpenWetPoor
2171603,Solanum dulcamara,OpenWetPoor
2171604,Solanum dulcamara,OpenWetPoor
2171606,Solanum dulcamara,OpenWetPoor
2172513,Solanum dulcamara,OpenWetPoor
2172514,Solanum dulcamara,OpenWetPoor
2172515,Solanum dulcamara,OpenWetPoor
2172593,Solanum dulcamara,OpenWetPoor
2172594,Solanum dulcamara,OpenWetPoor
2173903,Solanum dulcamara,OpenWetPoor
2173904,Solanum dulcamara,OpenWetPoor
2173905,Solanum dulcamara,OpenWetPoor
2174816,Solanum dulcamara,OpenWetPoor
2174893,Solanum dulcamara,OpenWetPoor
2174894,Solanum dulcamara,OpenWetPoor
2174896,Solanum dulcamara,OpenWetPoor
2174897,Solanum dulcamara,OpenWetPoor
2176353,Solanum dulcamara,OpenWetPoor
2176384,Solanum dulcamara,OpenWetPoor
2176385,Solanum dulcamara,OpenWetPoor
2177106,Solanum dulcamara,OpenWetPoor
2177117,Solanum dulcamara,OpenWetPoor
2177192,Solanum dulcamara,OpenWetPoor
2177193,Solanum dulcamara,OpenWetPoor
2177194,Solanum dulcamara,OpenWetPoor
2177196,Solanum dulcamara,OpenWetPoor
2177198,Solanum dulcamara,OpenWetPoor
2178653,Solanum dulcamara,OpenWetPoor
2178654,Solanum dulcamara,OpenWetPoor
2178680,Solanum dulcamara,OpenWetPoor
2178682,Solanum dulcamara,OpenWetPoor
2178683,Solanum dulcamara,OpenWetPoor
2178684,Solanum dulcamara,OpenWetPoor
2178685,Solanum dulcamara,OpenWetPoor
2179491,Solanum dulcamara,OpenWetPoor
2179492,Solanum dulcamara,OpenWetPoor
2179493,Solanum dulcamara,OpenWetPoor
2179494,Solanum dulcamara,OpenWetPoor
2179495,Solanum dulcamara,OpenWetPoor
2179496,Solanum dulcamara,OpenWetPoor
2179497,Solanum dulcamara,OpenWetPoor
2180954,Solanum dulcamara,OpenWetPoor
2180978,Solanum dulcamara,OpenWetPoor
2180980,Solanum dulcamara,OpenWetPoor
2180981,Solanum dulcamara,OpenWetPoor
2180982,Solanum dulcamara,OpenWetPoor
2181791,Solanum dulcamara,OpenWetPoor
2181792,Solanum dulcamara,OpenWetPoor
2181793,Solanum dulcamara,OpenWetPoor
2181794,Solanum dulcamara,OpenWetPoor
2181795,Solanum dulcamara,OpenWetPoor
2181796,Solanum dulcamara,OpenWetPoor
2181799,Solanum dulcamara,OpenWetPoor
2183281,Solanum dulcamara,OpenWetPoor
2183284,Solanum dulcamara,OpenWetPoor
2183285,Solanum dulcamara,OpenWetPoor
2184091,Solanum dulcamara,OpenWetPoor
2184098,Solanum dulcamara,OpenWetPoor
2185555,Solanum dulcamara,OpenWetPoor
2185579,Solanum dulcamara,OpenWetPoor
2185583,Solanum dulcamara,OpenWetPoor
2185585,Solanum dulcamara,OpenWetPoor
2185588,Solanum dulcamara,OpenWetPoor
2186393,Solanum dulcamara,OpenWetPoor
2186397,Solanum dulcamara,OpenWetPoor
2186398,Solanum dulcamara,OpenWetPoor
2186436,Solanum dulcamara,OpenWetPoor
2187855,Solanum dulcamara,OpenWetPoor
2187886,Solanum dulcamara,OpenWetPoor
2187887,Solanum dulcamara,OpenWetPoor
2188696,Solanum dulcamara,OpenWetPoor
2188735,Solanum dulcamara,OpenWetPoor
2188736,Solanum dulcamara,OpenWetPoor
2188737,Solanum dulcamara,OpenWetPoor
2188738,Solanum dulcamara,OpenWetPoor
2189698,Solanum dulcamara,OpenWetPoor
2189699,Solanum dulcamara,OpenWetPoor
2190155,Solanum dulcamara,OpenWetPoor
2190913,Solanum dulcamara,OpenWetPoor
2190995,Solanum dulcamara,OpenWetPoor
2190996,Solanum dulcamara,OpenWetPoor
2191035,Solanum dulcamara,OpenWetPoor
2191036,Solanum dulcamara,OpenWetPoor
2191037,Solanum dulcamara,OpenWetPoor
2191038,Solanum dulcamara,OpenWetPoor
2193336,Solanum dulcamara,OpenWetPoor
2193337,Solanum dulcamara,OpenWetPoor
2193338,Solanum dulcamara,OpenWetPoor
2197799,Solanum dulcamara,OpenWetPoor
2197800,Solanum dulcamara,OpenWetPoor
2199366,Solanum dulcamara,OpenWetPoor
2199464,Solanum dulcamara,OpenWetPoor
2200101,Solanum dulcamara,OpenWetPoor
2200187,Solanum dulcamara,OpenWetPoor
2200193,Solanum dulcamara,OpenWetPoor
2200194,Solanum dulcamara,OpenWetPoor
2201667,Solanum dulcamara,OpenWetPoor
2202487,Solanum dulcamara,OpenWetPoor
2202494,Solanum dulcamara,OpenWetPoor
2204787,Solanum dulcamara,OpenWetPoor
2206364,Solanum dulcamara,OpenWetPoor
2206365,Solanum dulcamara,OpenWetPoor
2206418,Solanum dulcamara,OpenWetPoor
2207053,Solanum dulcamara,OpenWetPoor
2207087,Solanum dulcamara,OpenWetPoor
2208704,Solanum dulcamara,OpenWetPoor
2209386,Solanum dulcamara,OpenWetPoor
2209387,Solanum dulcamara,OpenWetPoor
2211003,Solanum dulcamara,OpenWetPoor
2211652,Solanum dulcamara,OpenWetPoor
2211686,Solanum dulcamara,OpenWetPoor
2211687,Solanum dulcamara,OpenWetPoor
2213985,Solanum dulcamara,OpenWetPoor
2213986,Solanum dulcamara,OpenWetPoor
2213994,Solanum dulcamara,OpenWetPoor
2214040,Solanum dulcamara,OpenWetPoor
2215476,Solanum dulcamara,OpenWetPoor
2215614,Solanum dulcamara,OpenWetPoor
2215615,Solanum dulcamara,OpenWetPoor
2216294,Solanum dulcamara,OpenWetPoor
2218598,Solanum dulcamara,OpenWetPoor
2218599,Solanum dulcamara,OpenWetPoor
2220024,Solanum dulcamara,OpenWetPoor
2220899,Solanum dulcamara,OpenWetPoor
2221915,Solanum dulcamara,OpenWetPoor
2222373,Solanum dulcamara,OpenWetPoor
2224213,Solanum dulcamara,OpenWetPoor
2224214,Solanum dulcamara,OpenWetPoor
2224215,Solanum dulcamara,OpenWetPoor
2224673,Solanum dulcamara,OpenWetPoor
2224674,Solanum dulcamara,OpenWetPoor
2226513,Solanum dulcamara,OpenWetPoor
2226515,Solanum dulcamara,OpenWetPoor
2228815,Solanum dulcamara,OpenWetPoor
2229219,Solanum dulcamara,OpenWetPoor
2231516,Solanum dulcamara,OpenWetPoor
2231518,Solanum dulcamara,OpenWetPoor
2231539,Solanum dulcamara,OpenWetPoor
2231561,Solanum dulcamara,OpenWetPoor
2233541,Solanum dulcamara,OpenWetPoor
2233542,Solanum dulcamara,OpenWetPoor
2233543,Solanum dulcamara,OpenWetPoor
2233812,Solanum dulcamara,OpenWetPoor
2233858,Solanum dulcamara,OpenWetPoor
2233859,Solanum dulcamara,OpenWetPoor
2233861,Solanum dulcamara,OpenWetPoor
2233875,Solanum dulcamara,OpenWetPoor
2234597,Solanum dulcamara,OpenWetPoor
2235841,Solanum dulcamara,OpenWetPoor
2235842,Solanum dulcamara,OpenWetPoor
2236111,Solanum dulcamara,OpenWetPoor
2236118,Solanum dulcamara,OpenWetPoor
2236142,Solanum dulcamara,OpenWetPoor
2236145,Solanum dulcamara,OpenWetPoor
2236161,Solanum dulcamara,OpenWetPoor
2236162,Solanum dulcamara,OpenWetPoor
2238140,Solanum dulcamara,OpenWetPoor
2238410,Solanum dulcamara,OpenWetPoor
2238459,Solanum dulcamara,OpenWetPoor
2238473,Solanum dulcamara,OpenWetPoor
2238530,Solanum dulcamara,OpenWetPoor
2239170,Solanum dulcamara,OpenWetPoor
2239257,Solanum dulcamara,OpenWetPoor
2240440,Solanum dulcamara,OpenWetPoor
2240714,Solanum dulcamara,OpenWetPoor
2240725,Solanum dulcamara,OpenWetPoor
2240734,Solanum dulcamara,OpenWetPoor
2240736,Solanum dulcamara,OpenWetPoor
2240753,Solanum dulcamara,OpenWetPoor
2240755,Solanum dulcamara,OpenWetPoor
2240756,Solanum dulcamara,OpenWetPoor
2240828,Solanum dulcamara,OpenWetPoor
2240829,Solanum dulcamara,OpenWetPoor
2241469,Solanum dulcamara,OpenWetPoor
2241470,Solanum dulcamara,OpenWetPoor
2242738,Solanum dulcamara,OpenWetPoor
2242739,Solanum dulcamara,OpenWetPoor
2243017,Solanum dulcamara,OpenWetPoor
2243018,Solanum dulcamara,OpenWetPoor
2243026,Solanum dulcamara,OpenWetPoor
2243036,Solanum dulcamara,OpenWetPoor
2243042,Solanum dulcamara,OpenWetPoor
2243044,Solanum dulcamara,OpenWetPoor
2243045,Solanum dulcamara,OpenWetPoor
2243055,Solanum dulcamara,OpenWetPoor
2243056,Solanum dulcamara,OpenWetPoor
2243104,Solanum dulcamara,OpenWetPoor
2243128,Solanum dulcamara,OpenWetPoor
2243129,Solanum dulcamara,OpenWetPoor
2243769,Solanum dulcamara,OpenWetPoor
2243857,Solanum dulcamara,OpenWetPoor
2245039,Solanum dulcamara,OpenWetPoor
2245300,Solanum dulcamara,OpenWetPoor
2245326,Solanum dulcamara,OpenWetPoor
2245342,Solanum dulcamara,OpenWetPoor
2245356,Solanum dulcamara,OpenWetPoor
2245394,Solanum dulcamara,OpenWetPoor
2245422,Solanum dulcamara,OpenWetPoor
2245423,Solanum dulcamara,OpenWetPoor
2245424,Solanum dulcamara,OpenWetPoor
2245425,Solanum dulcamara,OpenWetPoor
2245426,Solanum dulcamara,OpenWetPoor
2246157,Solanum dulcamara,OpenWetPoor
2246158,Solanum dulcamara,OpenWetPoor
2246175,Solanum dulcamara,OpenWetPoor
2247338,Solanum dulcamara,OpenWetPoor
2247339,Solanum dulcamara,OpenWetPoor
2247600,Solanum dulcamara,OpenWetPoor
2247601,Solanum dulcamara,OpenWetPoor
2247641,Solanum dulcamara,OpenWetPoor
2247643,Solanum dulcamara,OpenWetPoor
2247644,Solanum dulcamara,OpenWetPoor
2247645,Solanum dulcamara,OpenWetPoor
2247646,Solanum dulcamara,OpenWetPoor
2247655,Solanum dulcamara,OpenWetPoor
2247672,Solanum dulcamara,OpenWetPoor
2247673,Solanum dulcamara,OpenWetPoor
2247693,Solanum dulcamara,OpenWetPoor
2247701,Solanum dulcamara,OpenWetPoor
2247723,Solanum dulcamara,OpenWetPoor
2247725,Solanum dulcamara,OpenWetPoor
2248459,Solanum dulcamara,OpenWetPoor
2248474,Solanum dulcamara,OpenWetPoor
2248475,Solanum dulcamara,OpenWetPoor
2249527,Solanum dulcamara,OpenWetPoor
2249528,Solanum dulcamara,OpenWetPoor
2249529,Solanum dulcamara,OpenWetPoor
2249530,Solanum dulcamara,OpenWetPoor
2249895,Solanum dulcamara,OpenWetPoor
2249901,Solanum dulcamara,OpenWetPoor
2249904,Solanum dulcamara,OpenWetPoor
2249942,Solanum dulcamara,OpenWetPoor
2249943,Solanum dulcamara,OpenWetPoor
2249972,Solanum dulcamara,OpenWetPoor
2249973,Solanum dulcamara,OpenWetPoor
2249974,Solanum dulcamara,OpenWetPoor
2249975,Solanum dulcamara,OpenWetPoor
2249992,Solanum dulcamara,OpenWetPoor
2249993,Solanum dulcamara,OpenWetPoor
2249996,Solanum dulcamara,OpenWetPoor
2250000,Solanum dulcamara,OpenWetPoor
2250001,Solanum dulcamara,OpenWetPoor
2250759,Solanum dulcamara,OpenWetPoor
2250760,Solanum dulcamara,OpenWetPoor
2251826,Solanum dulcamara,OpenWetPoor
2251827,Solanum dulcamara,OpenWetPoor
2251828,Solanum dulcamara,OpenWetPoor
2251829,Solanum dulcamara,OpenWetPoor
2251830,Solanum dulcamara,OpenWetPoor
2251831,Solanum dulcamara,OpenWetPoor
2252186,Solanum dulcamara,OpenWetPoor
2252203,Solanum dulcamara,OpenWetPoor
2252204,Solanum dulcamara,OpenWetPoor
2252248,Solanum dulcamara,OpenWetPoor
2252249,Solanum dulcamara,OpenWetPoor
2252251,Solanum dulcamara,OpenWetPoor
2252268,Solanum dulcamara,OpenWetPoor
2252271,Solanum dulcamara,OpenWetPoor
2252274,Solanum dulcamara,OpenWetPoor
2252275,Solanum dulcamara,OpenWetPoor
2252295,Solanum dulcamara,OpenWetPoor
2252296,Solanum dulcamara,OpenWetPoor
2252297,Solanum dulcamara,OpenWetPoor
2252299,Solanum dulcamara,OpenWetPoor
2252300,Solanum dulcamara,OpenWetPoor
2252302,Solanum dulcamara,OpenWetPoor
2252303,Solanum dulcamara,OpenWetPoor
2252306,Solanum dulcamara,OpenWetPoor
2252307,Solanum dulcamara,OpenWetPoor
2252426,Solanum dulcamara,OpenWetPoor
2254125,Solanum dulcamara,OpenWetPoor
2254127,Solanum dulcamara,OpenWetPoor
2254128,Solanum dulcamara,OpenWetPoor
2254129,Solanum dulcamara,OpenWetPoor
2254130,Solanum dulcamara,OpenWetPoor
2254470,Solanum dulcamara,OpenWetPoor
2254471,Solanum dulcamara,OpenWetPoor
2254473,Solanum dulcamara,OpenWetPoor
2254490,Solanum dulcamara,OpenWetPoor
2254539,Solanum dulcamara,OpenWetPoor
2254548,Solanum dulcamara,OpenWetPoor
2254551,Solanum dulcamara,OpenWetPoor
2254552,Solanum dulcamara,OpenWetPoor
2254569,Solanum dulcamara,OpenWetPoor
2254570,Solanum dulcamara,OpenWetPoor
2254571,Solanum dulcamara,OpenWetPoor
2254572,Solanum dulcamara,OpenWetPoor
2254573,Solanum dulcamara,OpenWetPoor
2254600,Solanum dulcamara,OpenWetPoor
2256422,Solanum dulcamara,OpenWetPoor
2256424,Solanum dulcamara,OpenWetPoor
2256425,Solanum dulcamara,OpenWetPoor
2256426,Solanum dulcamara,OpenWetPoor
2256428,Solanum dulcamara,OpenWetPoor
2256429,Solanum dulcamara,OpenWetPoor
2256430,Solanum dulcamara,OpenWetPoor
2256431,Solanum dulcamara,OpenWetPoor
2256770,Solanum dulcamara,OpenWetPoor
2256773,Solanum dulcamara,OpenWetPoor
2256838,Solanum dulcamara,OpenWetPoor
2256852,Solanum dulcamara,OpenWetPoor
2256854,Solanum dulcamara,OpenWetPoor
2256869,Solanum dulcamara,OpenWetPoor
2256902,Solanum dulcamara,OpenWetPoor
2258722,Solanum dulcamara,OpenWetPoor
2258723,Solanum dulcamara,OpenWetPoor
2258724,Solanum dulcamara,OpenWetPoor
2258725,Solanum dulcamara,OpenWetPoor
2258726,Solanum dulcamara,OpenWetPoor
2258727,Solanum dulcamara,OpenWetPoor
2258728,Solanum dulcamara,OpenWetPoor
2258729,Solanum dulcamara,OpenWetPoor
2258730,Solanum dulcamara,OpenWetPoor
2258731,Solanum dulcamara,OpenWetPoor
2259070,Solanum dulcamara,OpenWetPoor
2259071,Solanum dulcamara,OpenWetPoor
2259072,Solanum dulcamara,OpenWetPoor
2259102,Solanum dulcamara,OpenWetPoor
2259138,Solanum dulcamara,OpenWetPoor
2259148,Solanum dulcamara,OpenWetPoor
2259149,Solanum dulcamara,OpenWetPoor
2259150,Solanum dulcamara,OpenWetPoor
2259151,Solanum dulcamara,OpenWetPoor
2259167,Solanum dulcamara,OpenWetPoor
2259190,Solanum dulcamara,OpenWetPoor
2259327,Solanum dulcamara,OpenWetPoor
2261023,Solanum dulcamara,OpenWetPoor
2261024,Solanum dulcamara,OpenWetPoor
2261025,Solanum dulcamara,OpenWetPoor
2261026,Solanum dulcamara,OpenWetPoor
2261027,Solanum dulcamara,OpenWetPoor
2261028,Solanum dulcamara,OpenWetPoor
2261030,Solanum dulcamara,OpenWetPoor
2261031,Solanum dulcamara,OpenWetPoor
2261371,Solanum dulcamara,OpenWetPoor
2261372,Solanum dulcamara,OpenWetPoor
2261437,Solanum dulcamara,OpenWetPoor
2261443,Solanum dulcamara,OpenWetPoor
2261445,Solanum dulcamara,OpenWetPoor
2261446,Solanum dulcamara,OpenWetPoor
2261447,Solanum dulcamara,OpenWetPoor
2261448,Solanum dulcamara,OpenWetPoor
2261449,Solanum dulcamara,OpenWetPoor
2261450,Solanum dulcamara,OpenWetPoor
2263322,Solanum dulcamara,OpenWetPoor
2263323,Solanum dulcamara,OpenWetPoor
2263325,Solanum dulcamara,OpenWetPoor
2263326,Solanum dulcamara,OpenWetPoor
2263327,Solanum dulcamara,OpenWetPoor
2263329,Solanum dulcamara,OpenWetPoor
2263330,Solanum dulcamara,OpenWetPoor
2263332,Solanum dulcamara,OpenWetPoor
2263738,Solanum dulcamara,OpenWetPoor
2263744,Solanum dulcamara,OpenWetPoor
2263745,Solanum dulcamara,OpenWetPoor
2263746,Solanum dulcamara,OpenWetPoor
2263748,Solanum dulcamara,OpenWetPoor
2263749,Solanum dulcamara,OpenWetPoor
2263750,Solanum dulcamara,OpenWetPoor
2263927,Solanum dulcamara,OpenWetPoor
2265623,Solanum dulcamara,OpenWetPoor
2265625,Solanum dulcamara,OpenWetPoor
2265626,Solanum dulcamara,OpenWetPoor
2265627,Solanum dulcamara,OpenWetPoor
2265629,Solanum dulcamara,OpenWetPoor
2265631,Solanum dulcamara,OpenWetPoor
2265632,Solanum dulcamara,OpenWetPoor
2265633,Solanum dulcamara,OpenWetPoor
2266036,Solanum dulcamara,OpenWetPoor
2266042,Solanum dulcamara,OpenWetPoor
2266050,Solanum dulcamara,OpenWetPoor
2267923,Solanum dulcamara,OpenWetPoor
2267924,Solanum dulcamara,OpenWetPoor
2267925,Solanum dulcamara,OpenWetPoor
2267926,Solanum dulcamara,OpenWetPoor
2267927,Solanum dulcamara,OpenWetPoor
2267929,Solanum dulcamara,OpenWetPoor
2267930,Solanum dulcamara,OpenWetPoor
2267932,Solanum dulcamara,OpenWetPoor
2268342,Solanum dulcamara,OpenWetPoor
2268344,Solanum dulcamara,OpenWetPoor
2268527,Solanum dulcamara,OpenWetPoor
2269086,Solanum dulcamara,OpenWetPoor
2269089,Solanum dulcamara,OpenWetPoor
2270224,Solanum dulcamara,OpenWetPoor
2270225,Solanum dulcamara,OpenWetPoor
2270229,Solanum dulcamara,OpenWetPoor
2270230,Solanum dulcamara,OpenWetPoor
2270231,Solanum dulcamara,OpenWetPoor
2270232,Solanum dulcamara,OpenWetPoor
2271387,Solanum dulcamara,OpenWetPoor
2273657,Solanum dulcamara,OpenWetPoor
2273660,Solanum dulcamara,OpenWetPoor
2274822,Solanum dulcamara,OpenWetPoor
2275237,Solanum dulcamara,OpenWetPoor
2275239,Solanum dulcamara,OpenWetPoor
2275957,Solanum dulcamara,OpenWetPoor
2275983,Solanum dulcamara,OpenWetPoor
2275984,Solanum dulcamara,OpenWetPoor
2277120,Solanum dulcamara,OpenWetPoor
2277121,Solanum dulcamara,OpenWetPoor
2277123,Solanum dulcamara,OpenWetPoor
2277124,Solanum dulcamara,OpenWetPoor
2277241,Solanum dulcamara,OpenWetPoor
2277242,Solanum dulcamara,OpenWetPoor
2277536,Solanum dulcamara,OpenWetPoor
2278283,Solanum dulcamara,OpenWetPoor
2279421,Solanum dulcamara,OpenWetPoor
2279424,Solanum dulcamara,OpenWetPoor
2279541,Solanum dulcamara,OpenWetPoor
2279837,Solanum dulcamara,OpenWetPoor
2280025,Solanum dulcamara,OpenWetPoor
2281721,Solanum dulcamara,OpenWetPoor
2281841,Solanum dulcamara,OpenWetPoor
2282152,Solanum dulcamara,OpenWetPoor
2284019,Solanum dulcamara,OpenWetPoor
2284020,Solanum dulcamara,OpenWetPoor
2284023,Solanum dulcamara,OpenWetPoor
2284141,Solanum dulcamara,OpenWetPoor
2284142,Solanum dulcamara,OpenWetPoor
2284438,Solanum dulcamara,OpenWetPoor
2284440,Solanum dulcamara,OpenWetPoor
2284477,Solanum dulcamara,OpenWetPoor
2286319,Solanum dulcamara,OpenWetPoor
2286741,Solanum dulcamara,OpenWetPoor
2286742,Solanum dulcamara,OpenWetPoor
2286778,Solanum dulcamara,OpenWetPoor
2287469,Solanum dulcamara,OpenWetPoor
2287470,Solanum dulcamara,OpenWetPoor
2287481,Solanum dulcamara,OpenWetPoor
2289039,Solanum dulcamara,OpenWetPoor
2289041,Solanum dulcamara,OpenWetPoor
2289131,Solanum dulcamara,OpenWetPoor
2289768,Solanum dulcamara,OpenWetPoor
2289769,Solanum dulcamara,OpenWetPoor
2289770,Solanum dulcamara,OpenWetPoor
2289771,Solanum dulcamara,OpenWetPoor
2291342,Solanum dulcamara,OpenWetPoor
2291344,Solanum dulcamara,OpenWetPoor
2291431,Solanum dulcamara,OpenWetPoor
2292058,Solanum dulcamara,OpenWetPoor
2292059,Solanum dulcamara,OpenWetPoor
2292060,Solanum dulcamara,OpenWetPoor
2292068,Solanum dulcamara,OpenWetPoor
2292069,Solanum dulcamara,OpenWetPoor
2293642,Solanum dulcamara,OpenWetPoor
2293644,Solanum dulcamara,OpenWetPoor
2293731,Solanum dulcamara,OpenWetPoor
2293732,Solanum dulcamara,OpenWetPoor
2293739,Solanum dulcamara,OpenWetPoor
2293816,Solanum dulcamara,OpenWetPoor
2293817,Solanum dulcamara,OpenWetPoor
2294336,Solanum dulcamara,OpenWetPoor
2294337,Solanum dulcamara,OpenWetPoor
2294338,Solanum dulcamara,OpenWetPoor
2294359,Solanum dulcamara,OpenWetPoor
2294360,Solanum dulcamara,OpenWetPoor
2294368,Solanum dulcamara,OpenWetPoor
2296024,Solanum dulcamara,OpenWetPoor
2296033,Solanum dulcamara,OpenWetPoor
2296042,Solanum dulcamara,OpenWetPoor
2296114,Solanum dulcamara,OpenWetPoor
2296116,Solanum dulcamara,OpenWetPoor
2296669,Solanum dulcamara,OpenWetPoor
2298242,Solanum dulcamara,OpenWetPoor
2298245,Solanum dulcamara,OpenWetPoor
2298325,Solanum dulcamara,OpenWetPoor
2298333,Solanum dulcamara,OpenWetPoor
2298339,Solanum dulcamara,OpenWetPoor
2298340,Solanum dulcamara,OpenWetPoor
2298410,Solanum dulcamara,OpenWetPoor
2298412,Solanum dulcamara,OpenWetPoor
2298938,Solanum dulcamara,OpenWetPoor
2298940,Solanum dulcamara,OpenWetPoor
2298941,Solanum dulcamara,OpenWetPoor
2298958,Solanum dulcamara,OpenWetPoor
2298959,Solanum dulcamara,OpenWetPoor
2300544,Solanum dulcamara,OpenWetPoor
2300633,Solanum dulcamara,OpenWetPoor
2300634,Solanum dulcamara,OpenWetPoor
2300638,Solanum dulcamara,OpenWetPoor
2300708,Solanum dulcamara,OpenWetPoor
2300709,Solanum dulcamara,OpenWetPoor
2300710,Solanum dulcamara,OpenWetPoor
2300711,Solanum dulcamara,OpenWetPoor
2301238,Solanum dulcamara,OpenWetPoor
2301239,Solanum dulcamara,OpenWetPoor
2301240,Solanum dulcamara,OpenWetPoor
2301259,Solanum dulcamara,OpenWetPoor
2302846,Solanum dulcamara,OpenWetPoor
2302850,Solanum dulcamara,OpenWetPoor
2302934,Solanum dulcamara,OpenWetPoor
2302937,Solanum dulcamara,OpenWetPoor
2303006,Solanum dulcamara,OpenWetPoor
2303007,Solanum dulcamara,OpenWetPoor
2303008,Solanum dulcamara,OpenWetPoor
2303013,Solanum dulcamara,OpenWetPoor
2303015,Solanum dulcamara,OpenWetPoor
2303538,Solanum dulcamara,OpenWetPoor
2303539,Solanum dulcamara,OpenWetPoor
2303540,Solanum dulcamara,OpenWetPoor
2303541,Solanum dulcamara,OpenWetPoor
2305149,Solanum dulcamara,OpenWetPoor
2305150,Solanum dulcamara,OpenWetPoor
2305151,Solanum dulcamara,OpenWetPoor
2305212,Solanum dulcamara,OpenWetPoor
2305231,Solanum dulcamara,OpenWetPoor
2305307,Solanum dulcamara,OpenWetPoor
2305839,Solanum dulcamara,OpenWetPoor
2305841,Solanum dulcamara,OpenWetPoor
2305928,Solanum dulcamara,OpenWetPoor
2305950,Solanum dulcamara,OpenWetPoor
2305951,Solanum dulcamara,OpenWetPoor
2305977,Solanum dulcamara,OpenWetPoor
2305978,Solanum dulcamara,OpenWetPoor
2307446,Solanum dulcamara,OpenWetPoor
2307450,Solanum dulcamara,OpenWetPoor
2307451,Solanum dulcamara,OpenWetPoor
2307533,Solanum dulcamara,OpenWetPoor
2308228,Solanum dulcamara,OpenWetPoor
2308250,Solanum dulcamara,OpenWetPoor
2308251,Solanum dulcamara,OpenWetPoor
2308277,Solanum dulcamara,OpenWetPoor
2308278,Solanum dulcamara,OpenWetPoor
2308279,Solanum dulcamara,OpenWetPoor
2309749,Solanum dulcamara,OpenWetPoor
2309750,Solanum dulcamara,OpenWetPoor
2309816,Solanum dulcamara,OpenWetPoor
2309817,Solanum dulcamara,OpenWetPoor
2310550,Solanum dulcamara,OpenWetPoor
2310552,Solanum dulcamara,OpenWetPoor
2312049,Solanum dulcamara,OpenWetPoor
2312054,Solanum dulcamara,OpenWetPoor
2312055,Solanum dulcamara,OpenWetPoor
2312116,Solanum dulcamara,OpenWetPoor
2312700,Solanum dulcamara,OpenWetPoor
2312849,Solanum dulcamara,OpenWetPoor
2312852,Solanum dulcamara,OpenWetPoor
2314302,Solanum dulcamara,OpenWetPoor
2314352,Solanum dulcamara,OpenWetPoor
2314355,Solanum dulcamara,OpenWetPoor
2314998,Solanum dulcamara,OpenWetPoor
2315172,Solanum dulcamara,OpenWetPoor
2316650,Solanum dulcamara,OpenWetPoor
2316652,Solanum dulcamara,OpenWetPoor
2317295,Solanum dulcamara,OpenWetPoor
2317453,Solanum dulcamara,OpenWetPoor
2317471,Solanum dulcamara,OpenWetPoor
2317472,Solanum dulcamara,OpenWetPoor
2318946,Solanum dulcamara,OpenWetPoor
2318947,Solanum dulcamara,OpenWetPoor
2318948,Solanum dulcamara,OpenWetPoor
2318949,Solanum dulcamara,OpenWetPoor
2318951,Solanum dulcamara,OpenWetPoor
2319593,Solanum dulcamara,OpenWetPoor
2319594,Solanum dulcamara,OpenWetPoor
2319595,Solanum dulcamara,OpenWetPoor
2319601,Solanum dulcamara,OpenWetPoor
2319718,Solanum dulcamara,OpenWetPoor
2319719,Solanum dulcamara,OpenWetPoor
2319720,Solanum dulcamara,OpenWetPoor
2319721,Solanum dulcamara,OpenWetPoor
2319750,Solanum dulcamara,OpenWetPoor
2319771,Solanum dulcamara,OpenWetPoor
2319772,Solanum dulcamara,OpenWetPoor
2321203,Solanum dulcamara,OpenWetPoor
2321246,Solanum dulcamara,OpenWetPoor
2321248,Solanum dulcamara,OpenWetPoor
2321249,Solanum dulcamara,OpenWetPoor
2321250,Solanum dulcamara,OpenWetPoor
2321252,Solanum dulcamara,OpenWetPoor
2321892,Solanum dulcamara,OpenWetPoor
2321893,Solanum dulcamara,OpenWetPoor
2321894,Solanum dulcamara,OpenWetPoor
2321900,Solanum dulcamara,OpenWetPoor
2322018,Solanum dulcamara,OpenWetPoor
2322019,Solanum dulcamara,OpenWetPoor
2322020,Solanum dulcamara,OpenWetPoor
2322021,Solanum dulcamara,OpenWetPoor
2322053,Solanum dulcamara,OpenWetPoor
2322071,Solanum dulcamara,OpenWetPoor
2323128,Solanum dulcamara,OpenWetPoor
2323129,Solanum dulcamara,OpenWetPoor
2323130,Solanum dulcamara,OpenWetPoor
2323212,Solanum dulcamara,OpenWetPoor
2323548,Solanum dulcamara,OpenWetPoor
2323551,Solanum dulcamara,OpenWetPoor
2324200,Solanum dulcamara,OpenWetPoor
2324318,Solanum dulcamara,OpenWetPoor
2324319,Solanum dulcamara,OpenWetPoor
2324320,Solanum dulcamara,OpenWetPoor
2325428,Solanum dulcamara,OpenWetPoor
2325429,Solanum dulcamara,OpenWetPoor
2325430,Solanum dulcamara,OpenWetPoor
2325444,Solanum dulcamara,OpenWetPoor
2325445,Solanum dulcamara,OpenWetPoor
2325803,Solanum dulcamara,OpenWetPoor
2325851,Solanum dulcamara,OpenWetPoor
2325854,Solanum dulcamara,OpenWetPoor
2325931,Solanum dulcamara,OpenWetPoor
2325932,Solanum dulcamara,OpenWetPoor
2325933,Solanum dulcamara,OpenWetPoor
2326003,Solanum dulcamara,OpenWetPoor
2327742,Solanum dulcamara,OpenWetPoor
2327743,Solanum dulcamara,OpenWetPoor
2327744,Solanum dulcamara,OpenWetPoor
2327745,Solanum dulcamara,OpenWetPoor
2328149,Solanum dulcamara,OpenWetPoor
2328151,Solanum dulcamara,OpenWetPoor
2328152,Solanum dulcamara,OpenWetPoor
2328154,Solanum dulcamara,OpenWetPoor
2328232,Solanum dulcamara,OpenWetPoor
2328302,Solanum dulcamara,OpenWetPoor
2330042,Solanum dulcamara,OpenWetPoor
2330044,Solanum dulcamara,OpenWetPoor
2330404,Solanum dulcamara,OpenWetPoor
2330451,Solanum dulcamara,OpenWetPoor
2330452,Solanum dulcamara,OpenWetPoor
2330455,Solanum dulcamara,OpenWetPoor
2330602,Solanum dulcamara,OpenWetPoor
2331137,Solanum dulcamara,OpenWetPoor
2331138,Solanum dulcamara,OpenWetPoor
2331313,Solanum dulcamara,OpenWetPoor
2331314,Solanum dulcamara,OpenWetPoor
2331315,Solanum dulcamara,OpenWetPoor
2332342,Solanum dulcamara,OpenWetPoor
2332343,Solanum dulcamara,OpenWetPoor
2332344,Solanum dulcamara,OpenWetPoor
2332749,Solanum dulcamara,OpenWetPoor
2332751,Solanum dulcamara,OpenWetPoor
2332753,Solanum dulcamara,OpenWetPoor
2332756,Solanum dulcamara,OpenWetPoor
2333433,Solanum dulcamara,OpenWetPoor
2333614,Solanum dulcamara,OpenWetPoor
2333616,Solanum dulcamara,OpenWetPoor
2334643,Solanum dulcamara,OpenWetPoor
2334644,Solanum dulcamara,OpenWetPoor
2334645,Solanum dulcamara,OpenWetPoor
2335050,Solanum dulcamara,OpenWetPoor
2335052,Solanum dulcamara,OpenWetPoor
2335053,Solanum dulcamara,OpenWetPoor
2335054,Solanum dulcamara,OpenWetPoor
2335056,Solanum dulcamara,OpenWetPoor
2335912,Solanum dulcamara,OpenWetPoor
2335914,Solanum dulcamara,OpenWetPoor
2335915,Solanum dulcamara,OpenWetPoor
2337351,Solanum dulcamara,OpenWetPoor
2337352,Solanum dulcamara,OpenWetPoor
2337355,Solanum dulcamara,OpenWetPoor
2337357,Solanum dulcamara,OpenWetPoor
2338045,Solanum dulcamara,OpenWetPoor
2338048,Solanum dulcamara,OpenWetPoor
2338214,Solanum dulcamara,OpenWetPoor
2338215,Solanum dulcamara,OpenWetPoor
2339652,Solanum dulcamara,OpenWetPoor
2341958,Solanum dulcamara,OpenWetPoor
2342535,Solanum dulcamara,OpenWetPoor
2344253,Solanum dulcamara,OpenWetPoor
2344257,Solanum dulcamara,OpenWetPoor
2344836,Solanum dulcamara,OpenWetPoor
2346557,Solanum dulcamara,OpenWetPoor
2347137,Solanum dulcamara,OpenWetPoor
2347424,Solanum dulcamara,OpenWetPoor
2347425,Solanum dulcamara,OpenWetPoor
2347426,Solanum dulcamara,OpenWetPoor
2347427,Solanum dulcamara,OpenWetPoor
2348788,Solanum dulcamara,OpenWetPoor
2348853,Solanum dulcamara,OpenWetPoor
2348854,Solanum dulcamara,OpenWetPoor
2348857,Solanum dulcamara,OpenWetPoor
2349437,Solanum dulcamara,OpenWetPoor
2349724,Solanum dulcamara,OpenWetPoor
2349726,Solanum dulcamara,OpenWetPoor
2349727,Solanum dulcamara,OpenWetPoor
2349728,Solanum dulcamara,OpenWetPoor
2349729,Solanum dulcamara,OpenWetPoor
2351089,Solanum dulcamara,OpenWetPoor
2354277,Solanum dulcamara,OpenWetPoor
2354326,Solanum dulcamara,OpenWetPoor
2355498,Solanum dulcamara,OpenWetPoor
2356626,Solanum dulcamara,OpenWetPoor
2356631,Solanum dulcamara,OpenWetPoor
2356632,Solanum dulcamara,OpenWetPoor
2357795,Solanum dulcamara,OpenWetPoor
2357798,Solanum dulcamara,OpenWetPoor
2357991,Solanum dulcamara,OpenWetPoor
2358049,Solanum dulcamara,OpenWetPoor
2358051,Solanum dulcamara,OpenWetPoor
2358926,Solanum dulcamara,OpenWetPoor
2358931,Solanum dulcamara,OpenWetPoor
2358932,Solanum dulcamara,OpenWetPoor
2360354,Solanum dulcamara,OpenWetPoor
2361232,Solanum dulcamara,OpenWetPoor
2364955,Solanum dulcamara,OpenWetPoor
2365747,Solanum dulcamara,OpenWetPoor
2367254,Solanum dulcamara,OpenWetPoor
2367959,Solanum dulcamara,OpenWetPoor
2370347,Solanum dulcamara,OpenWetPoor
2372665,Solanum dulcamara,OpenWetPoor
2373843,Solanum dulcamara,OpenWetPoor
2374151,Solanum dulcamara,OpenWetPoor
2376142,Solanum dulcamara,OpenWetPoor
2376143,Solanum dulcamara,OpenWetPoor
2376144,Solanum dulcamara,OpenWetPoor
2376146,Solanum dulcamara,OpenWetPoor
2377265,Solanum dulcamara,OpenWetPoor
2377273,Solanum dulcamara,OpenWetPoor
2379560,Solanum dulcamara,OpenWetPoor
2379568,Solanum dulcamara,OpenWetPoor
2379572,Solanum dulcamara,OpenWetPoor
2379636,Solanum dulcamara,OpenWetPoor
2380993,Solanum dulcamara,OpenWetPoor
2381076,Solanum dulcamara,OpenWetPoor
2381077,Solanum dulcamara,OpenWetPoor
2381763,Solanum dulcamara,OpenWetPoor
2381866,Solanum dulcamara,OpenWetPoor
2381936,Solanum dulcamara,OpenWetPoor
2384064,Solanum dulcamara,OpenWetPoor
2384236,Solanum dulcamara,OpenWetPoor
2385798,Solanum dulcamara,OpenWetPoor
2386366,Solanum dulcamara,OpenWetPoor
2387954,Solanum dulcamara,OpenWetPoor
2387998,Solanum dulcamara,OpenWetPoor
2388096,Solanum dulcamara,OpenWetPoor
2388098,Solanum dulcamara,OpenWetPoor
2389912,Solanum dulcamara,OpenWetPoor
2389913,Solanum dulcamara,OpenWetPoor
2389914,Solanum dulcamara,OpenWetPoor
2390395,Solanum dulcamara,OpenWetPoor
2390396,Solanum dulcamara,OpenWetPoor
2390397,Solanum dulcamara,OpenWetPoor
2390398,Solanum dulcamara,OpenWetPoor
2391056,Solanum dulcamara,OpenWetPoor
2392210,Solanum dulcamara,OpenWetPoor
2392212,Solanum dulcamara,OpenWetPoor
2392213,Solanum dulcamara,OpenWetPoor
2392214,Solanum dulcamara,OpenWetPoor
2392411,Solanum dulcamara,OpenWetPoor
2392543,Solanum dulcamara,OpenWetPoor
2392692,Solanum dulcamara,OpenWetPoor
2392695,Solanum dulcamara,OpenWetPoor
2392696,Solanum dulcamara,OpenWetPoor
2392697,Solanum dulcamara,OpenWetPoor
2394510,Solanum dulcamara,OpenWetPoor
2394512,Solanum dulcamara,OpenWetPoor
2394514,Solanum dulcamara,OpenWetPoor
2394515,Solanum dulcamara,OpenWetPoor
2394516,Solanum dulcamara,OpenWetPoor
2394517,Solanum dulcamara,OpenWetPoor
2394992,Solanum dulcamara,OpenWetPoor
2394994,Solanum dulcamara,OpenWetPoor
2394997,Solanum dulcamara,OpenWetPoor
2395658,Solanum dulcamara,OpenWetPoor
2396811,Solanum dulcamara,OpenWetPoor
2396814,Solanum dulcamara,OpenWetPoor
2396815,Solanum dulcamara,OpenWetPoor
2396816,Solanum dulcamara,OpenWetPoor
2396817,Solanum dulcamara,OpenWetPoor
2397138,Solanum dulcamara,OpenWetPoor
2399115,Solanum dulcamara,OpenWetPoor
2399116,Solanum dulcamara,OpenWetPoor
2399117,Solanum dulcamara,OpenWetPoor
2399118,Solanum dulcamara,OpenWetPoor
2399313,Solanum dulcamara,OpenWetPoor
2399624,Solanum dulcamara,OpenWetPoor
2400152,Solanum dulcamara,OpenWetPoor
2400153,Solanum dulcamara,OpenWetPoor
2400178,Solanum dulcamara,OpenWetPoor
2401924,Solanum dulcamara,OpenWetPoor
2402451,Solanum dulcamara,OpenWetPoor
2402453,Solanum dulcamara,OpenWetPoor
2402454,Solanum dulcamara,OpenWetPoor
2402518,Solanum dulcamara,OpenWetPoor
2402618,Solanum dulcamara,OpenWetPoor
2403640,Solanum dulcamara,OpenWetPoor
2403714,Solanum dulcamara,OpenWetPoor
2404068,Solanum dulcamara,OpenWetPoor
2405940,Solanum dulcamara,OpenWetPoor
2405941,Solanum dulcamara,OpenWetPoor
2406241,Solanum dulcamara,OpenWetPoor
2406251,Solanum dulcamara,OpenWetPoor
2406362,Solanum dulcamara,OpenWetPoor
2406363,Solanum dulcamara,OpenWetPoor
2406364,Solanum dulcamara,OpenWetPoor
2407058,Solanum dulcamara,OpenWetPoor
2408241,Solanum dulcamara,OpenWetPoor
2408242,Solanum dulcamara,OpenWetPoor
2408665,Solanum dulcamara,OpenWetPoor
2408667,Solanum dulcamara,OpenWetPoor
2408669,Solanum dulcamara,OpenWetPoor
2409472,Solanum dulcamara,OpenWetPoor
2409473,Solanum dulcamara,OpenWetPoor
2410540,Solanum dulcamara,OpenWetPoor
2410542,Solanum dulcamara,OpenWetPoor
2410850,Solanum dulcamara,OpenWetPoor
2410961,Solanum dulcamara,OpenWetPoor
2410962,Solanum dulcamara,OpenWetPoor
2410963,Solanum dulcamara,OpenWetPoor
2410967,Solanum dulcamara,OpenWetPoor
2410971,Solanum dulcamara,OpenWetPoor
2411724,Solanum dulcamara,OpenWetPoor
2411725,Solanum dulcamara,OpenWetPoor
2412840,Solanum dulcamara,OpenWetPoor
2412841,Solanum dulcamara,OpenWetPoor
2413203,Solanum dulcamara,OpenWetPoor
2413264,Solanum dulcamara,OpenWetPoor
2413265,Solanum dulcamara,OpenWetPoor
2413974,Solanum dulcamara,OpenWetPoor
2414023,Solanum dulcamara,OpenWetPoor
2414024,Solanum dulcamara,OpenWetPoor
2414025,Solanum dulcamara,OpenWetPoor
2415140,Solanum dulcamara,OpenWetPoor
2415504,Solanum dulcamara,OpenWetPoor
2416325,Solanum dulcamara,OpenWetPoor
2420176,Solanum dulcamara,OpenWetPoor
2422476,Solanum dulcamara,OpenWetPoor
2423164,Solanum dulcamara,OpenWetPoor
2423303,Solanum dulcamara,OpenWetPoor
2424777,Solanum dulcamara,OpenWetPoor
2427027,Solanum dulcamara,OpenWetPoor
2427075,Solanum dulcamara,OpenWetPoor
2427078,Solanum dulcamara,OpenWetPoor
2427079,Solanum dulcamara,OpenWetPoor
2429132,Solanum dulcamara,OpenWetPoor
2429134,Solanum dulcamara,OpenWetPoor
2429135,Solanum dulcamara,OpenWetPoor
2429318,Solanum dulcamara,OpenWetPoor
2429319,Solanum dulcamara,OpenWetPoor
2429377,Solanum dulcamara,OpenWetPoor
2429967,Solanum dulcamara,OpenWetPoor
2431432,Solanum dulcamara,OpenWetPoor
2431433,Solanum dulcamara,OpenWetPoor
2431435,Solanum dulcamara,OpenWetPoor
2431617,Solanum dulcamara,OpenWetPoor
2431618,Solanum dulcamara,OpenWetPoor
2431671,Solanum dulcamara,OpenWetPoor
2431672,Solanum dulcamara,OpenWetPoor
2431673,Solanum dulcamara,OpenWetPoor
2433734,Solanum dulcamara,OpenWetPoor
2433971,Solanum dulcamara,OpenWetPoor
2433972,Solanum dulcamara,OpenWetPoor
2433973,Solanum dulcamara,OpenWetPoor
2436272,Solanum dulcamara,OpenWetPoor
2436956,Solanum dulcamara,OpenWetPoor
2437114,Solanum dulcamara,OpenWetPoor
2438578,Solanum dulcamara,OpenWetPoor
2439413,Solanum dulcamara,OpenWetPoor
2440879,Solanum dulcamara,OpenWetPoor
2440882,Solanum dulcamara,OpenWetPoor
2441713,Solanum dulcamara,OpenWetPoor
2443178,Solanum dulcamara,OpenWetPoor
2443179,Solanum dulcamara,OpenWetPoor
2443180,Solanum dulcamara,OpenWetPoor
2443182,Solanum dulcamara,OpenWetPoor
2443278,Solanum dulcamara,OpenWetPoor
2443280,Solanum dulcamara,OpenWetPoor
2444013,Solanum dulcamara,OpenWetPoor
2445482,Solanum dulcamara,OpenWetPoor
2445498,Solanum dulcamara,OpenWetPoor
2445500,Solanum dulcamara,OpenWetPoor
2445577,Solanum dulcamara,OpenWetPoor
2445578,Solanum dulcamara,OpenWetPoor
2445579,Solanum dulcamara,OpenWetPoor
2445580,Solanum dulcamara,OpenWetPoor
2445581,Solanum dulcamara,OpenWetPoor
2445582,Solanum dulcamara,OpenWetPoor
2447781,Solanum dulcamara,OpenWetPoor
2447784,Solanum dulcamara,OpenWetPoor
2447797,Solanum dulcamara,OpenWetPoor
2447798,Solanum dulcamara,OpenWetPoor
2447854,Solanum dulcamara,OpenWetPoor
2447877,Solanum dulcamara,OpenWetPoor
2447878,Solanum dulcamara,OpenWetPoor
2447880,Solanum dulcamara,OpenWetPoor
2448362,Solanum dulcamara,OpenWetPoor
2450084,Solanum dulcamara,OpenWetPoor
2450085,Solanum dulcamara,OpenWetPoor
2450178,Solanum dulcamara,OpenWetPoor
2450181,Solanum dulcamara,OpenWetPoor
2450182,Solanum dulcamara,OpenWetPoor
2452456,Solanum dulcamara,OpenWetPoor
2452478,Solanum dulcamara,OpenWetPoor
2452481,Solanum dulcamara,OpenWetPoor
2454298,Solanum dulcamara,OpenWetPoor
2454299,Solanum dulcamara,OpenWetPoor
2454300,Solanum dulcamara,OpenWetPoor
2454301,Solanum dulcamara,OpenWetPoor
2454756,Solanum dulcamara,OpenWetPoor
2454757,Solanum dulcamara,OpenWetPoor
2454779,Solanum dulcamara,OpenWetPoor
2454780,Solanum dulcamara,OpenWetPoor
2456597,Solanum dulcamara,OpenWetPoor
2456598,Solanum dulcamara,OpenWetPoor
2456599,Solanum dulcamara,OpenWetPoor
2457057,Solanum dulcamara,OpenWetPoor
2457081,Solanum dulcamara,OpenWetPoor
2457088,Solanum dulcamara,OpenWetPoor
2457089,Solanum dulcamara,OpenWetPoor
2458844,Solanum dulcamara,OpenWetPoor
2458845,Solanum dulcamara,OpenWetPoor
2458898,Solanum dulcamara,OpenWetPoor
2458899,Solanum dulcamara,OpenWetPoor
2459388,Solanum dulcamara,OpenWetPoor
2459389,Solanum dulcamara,OpenWetPoor
2459390,Solanum dulcamara,OpenWetPoor
2461146,Solanum dulcamara,OpenWetPoor
2461199,Solanum dulcamara,OpenWetPoor
2461665,Solanum dulcamara,OpenWetPoor
2461666,Solanum dulcamara,OpenWetPoor
2461667,Solanum dulcamara,OpenWetPoor
2461680,Solanum dulcamara,OpenWetPoor
2461689,Solanum dulcamara,OpenWetPoor
2463964,Solanum dulcamara,OpenWetPoor
2463965,Solanum dulcamara,OpenWetPoor
2463966,Solanum dulcamara,OpenWetPoor
2463988,Solanum dulcamara,OpenWetPoor
2463989,Solanum dulcamara,OpenWetPoor
2465746,Solanum dulcamara,OpenWetPoor
2465747,Solanum dulcamara,OpenWetPoor
2466265,Solanum dulcamara,OpenWetPoor
2466286,Solanum dulcamara,OpenWetPoor
2466918,Solanum dulcamara,OpenWetPoor
2468046,Solanum dulcamara,OpenWetPoor
2468499,Solanum dulcamara,OpenWetPoor
2468500,Solanum dulcamara,OpenWetPoor
2468504,Solanum dulcamara,OpenWetPoor
2468505,Solanum dulcamara,OpenWetPoor
2468508,Solanum dulcamara,OpenWetPoor
2468509,Solanum dulcamara,OpenWetPoor
2468513,Solanum dulcamara,OpenWetPoor
2468516,Solanum dulcamara,OpenWetPoor
2468517,Solanum dulcamara,OpenWetPoor
2468585,Solanum dulcamara,OpenWetPoor
2468586,Solanum dulcamara,OpenWetPoor
2469313,Solanum dulcamara,OpenWetPoor
2470799,Solanum dulcamara,OpenWetPoor
2470808,Solanum dulcamara,OpenWetPoor
2470815,Solanum dulcamara,OpenWetPoor
2471612,Solanum dulcamara,OpenWetPoor
2473099,Solanum dulcamara,OpenWetPoor
2473100,Solanum dulcamara,OpenWetPoor
2473101,Solanum dulcamara,OpenWetPoor
2475271,Solanum dulcamara,OpenWetPoor
2475400,Solanum dulcamara,OpenWetPoor
2475412,Solanum dulcamara,OpenWetPoor
2476145,Solanum dulcamara,OpenWetPoor
2476146,Solanum dulcamara,OpenWetPoor
2476147,Solanum dulcamara,OpenWetPoor
2477671,Solanum dulcamara,OpenWetPoor
2478446,Solanum dulcamara,OpenWetPoor
2479872,Solanum dulcamara,OpenWetPoor
2479908,Solanum dulcamara,OpenWetPoor
2480229,Solanum dulcamara,OpenWetPoor
2480230,Solanum dulcamara,OpenWetPoor
2480813,Solanum dulcamara,OpenWetPoor
2480814,Solanum dulcamara,OpenWetPoor
2481772,Solanum dulcamara,OpenWetPoor
2482207,Solanum dulcamara,OpenWetPoor
2482212,Solanum dulcamara,OpenWetPoor
2482265,Solanum dulcamara,OpenWetPoor
2482528,Solanum dulcamara,OpenWetPoor
2482529,Solanum dulcamara,OpenWetPoor
2482530,Solanum dulcamara,OpenWetPoor
2482531,Solanum dulcamara,OpenWetPoor
2483112,Solanum dulcamara,OpenWetPoor
2484230,Solanum dulcamara,OpenWetPoor
2484253,Solanum dulcamara,OpenWetPoor
2484501,Solanum dulcamara,OpenWetPoor
2484502,Solanum dulcamara,OpenWetPoor
2484503,Solanum dulcamara,OpenWetPoor
2484509,Solanum dulcamara,OpenWetPoor
2484510,Solanum dulcamara,OpenWetPoor
2484511,Solanum dulcamara,OpenWetPoor
2484828,Solanum dulcamara,OpenWetPoor
2485411,Solanum dulcamara,OpenWetPoor
2486531,Solanum dulcamara,OpenWetPoor
2486553,Solanum dulcamara,OpenWetPoor
2486801,Solanum dulcamara,OpenWetPoor
2486802,Solanum dulcamara,OpenWetPoor
2486803,Solanum dulcamara,OpenWetPoor
2486804,Solanum dulcamara,OpenWetPoor
2486805,Solanum dulcamara,OpenWetPoor
2486806,Solanum dulcamara,OpenWetPoor
2486808,Solanum dulcamara,OpenWetPoor
2486809,Solanum dulcamara,OpenWetPoor
2486810,Solanum dulcamara,OpenWetPoor
2486812,Solanum dulcamara,OpenWetPoor
2487128,Solanum dulcamara,OpenWetPoor
2487711,Solanum dulcamara,OpenWetPoor
2487712,Solanum dulcamara,OpenWetPoor
2487736,Solanum dulcamara,OpenWetPoor
2487737,Solanum dulcamara,OpenWetPoor
2489100,Solanum dulcamara,OpenWetPoor
2489101,Solanum dulcamara,OpenWetPoor
2489102,Solanum dulcamara,OpenWetPoor
2489103,Solanum dulcamara,OpenWetPoor
2489104,Solanum dulcamara,OpenWetPoor
2489106,Solanum dulcamara,OpenWetPoor
2489107,Solanum dulcamara,OpenWetPoor
2489110,Solanum dulcamara,OpenWetPoor
2489112,Solanum dulcamara,OpenWetPoor
2491153,Solanum dulcamara,OpenWetPoor
2491401,Solanum dulcamara,OpenWetPoor
2491402,Solanum dulcamara,OpenWetPoor
2491403,Solanum dulcamara,OpenWetPoor
2491404,Solanum dulcamara,OpenWetPoor
2491405,Solanum dulcamara,OpenWetPoor
2491407,Solanum dulcamara,OpenWetPoor
2491409,Solanum dulcamara,OpenWetPoor
2491414,Solanum dulcamara,OpenWetPoor
2493701,Solanum dulcamara,OpenWetPoor
2493702,Solanum dulcamara,OpenWetPoor
2493703,Solanum dulcamara,OpenWetPoor
2493704,Solanum dulcamara,OpenWetPoor
2493705,Solanum dulcamara,OpenWetPoor
2493707,Solanum dulcamara,OpenWetPoor
2493708,Solanum dulcamara,OpenWetPoor
2493709,Solanum dulcamara,OpenWetPoor
2493712,Solanum dulcamara,OpenWetPoor
2493714,Solanum dulcamara,OpenWetPoor
2494546,Solanum dulcamara,OpenWetPoor
2495577,Solanum dulcamara,OpenWetPoor
2495578,Solanum dulcamara,OpenWetPoor
2495758,Solanum dulcamara,OpenWetPoor
2496002,Solanum dulcamara,OpenWetPoor
2496003,Solanum dulcamara,OpenWetPoor
2496004,Solanum dulcamara,OpenWetPoor
2496005,Solanum dulcamara,OpenWetPoor
2496006,Solanum dulcamara,OpenWetPoor
2496007,Solanum dulcamara,OpenWetPoor
2496008,Solanum dulcamara,OpenWetPoor
2496010,Solanum dulcamara,OpenWetPoor
2496013,Solanum dulcamara,OpenWetPoor
2496014,Solanum dulcamara,OpenWetPoor
2496015,Solanum dulcamara,OpenWetPoor
2496812,Solanum dulcamara,OpenWetPoor
2496847,Solanum dulcamara,OpenWetPoor
2496848,Solanum dulcamara,OpenWetPoor
2496850,Solanum dulcamara,OpenWetPoor
2497877,Solanum dulcamara,OpenWetPoor
2498054,Solanum dulcamara,OpenWetPoor
2498059,Solanum dulcamara,OpenWetPoor
2498302,Solanum dulcamara,OpenWetPoor
2498303,Solanum dulcamara,OpenWetPoor
2498304,Solanum dulcamara,OpenWetPoor
2498305,Solanum dulcamara,OpenWetPoor
2498306,Solanum dulcamara,OpenWetPoor
2498307,Solanum dulcamara,OpenWetPoor
2498308,Solanum dulcamara,OpenWetPoor
2498310,Solanum dulcamara,OpenWetPoor
2499148,Solanum dulcamara,OpenWetPoor
2500175,Solanum dulcamara,OpenWetPoor
2500176,Solanum dulcamara,OpenWetPoor
2500356,Solanum dulcamara,OpenWetPoor
2500601,Solanum dulcamara,OpenWetPoor
2500602,Solanum dulcamara,OpenWetPoor
2500603,Solanum dulcamara,OpenWetPoor
2500604,Solanum dulcamara,OpenWetPoor
2500610,Solanum dulcamara,OpenWetPoor
2500612,Solanum dulcamara,OpenWetPoor
2502476,Solanum dulcamara,OpenWetPoor
2502898,Solanum dulcamara,OpenWetPoor
2502899,Solanum dulcamara,OpenWetPoor
2502900,Solanum dulcamara,OpenWetPoor
2502901,Solanum dulcamara,OpenWetPoor
2502902,Solanum dulcamara,OpenWetPoor
2502903,Solanum dulcamara,OpenWetPoor
2502908,Solanum dulcamara,OpenWetPoor
2502910,Solanum dulcamara,OpenWetPoor
2503775,Solanum dulcamara,OpenWetPoor
2503836,Solanum dulcamara,OpenWetPoor
2503837,Solanum dulcamara,OpenWetPoor
2504776,Solanum dulcamara,OpenWetPoor
2505048,Solanum dulcamara,OpenWetPoor
2505050,Solanum dulcamara,OpenWetPoor
2505196,Solanum dulcamara,OpenWetPoor
2505197,Solanum dulcamara,OpenWetPoor
2505198,Solanum dulcamara,OpenWetPoor
2505199,Solanum dulcamara,OpenWetPoor
2505200,Solanum dulcamara,OpenWetPoor
2505201,Solanum dulcamara,OpenWetPoor
2505202,Solanum dulcamara,OpenWetPoor
2505203,Solanum dulcamara,OpenWetPoor
2505204,Solanum dulcamara,OpenWetPoor
2505206,Solanum dulcamara,OpenWetPoor
2505207,Solanum dulcamara,OpenWetPoor
2505211,Solanum dulcamara,OpenWetPoor
2506077,Solanum dulcamara,OpenWetPoor
2506138,Solanum dulcamara,OpenWetPoor
2507350,Solanum dulcamara,OpenWetPoor
2507489,Solanum dulcamara,OpenWetPoor
2507490,Solanum dulcamara,OpenWetPoor
2507491,Solanum dulcamara,OpenWetPoor
2507492,Solanum dulcamara,OpenWetPoor
2507493,Solanum dulcamara,OpenWetPoor
2507494,Solanum dulcamara,OpenWetPoor
2507495,Solanum dulcamara,OpenWetPoor
2507496,Solanum dulcamara,OpenWetPoor
2507497,Solanum dulcamara,OpenWetPoor
2507498,Solanum dulcamara,OpenWetPoor
2507499,Solanum dulcamara,OpenWetPoor
2507500,Solanum dulcamara,OpenWetPoor
2507502,Solanum dulcamara,OpenWetPoor
2507503,Solanum dulcamara,OpenWetPoor
2507504,Solanum dulcamara,OpenWetPoor
2507507,Solanum dulcamara,OpenWetPoor
2507508,Solanum dulcamara,OpenWetPoor
2507509,Solanum dulcamara,OpenWetPoor
2508285,Solanum dulcamara,OpenWetPoor
2508378,Solanum dulcamara,OpenWetPoor
2508439,Solanum dulcamara,OpenWetPoor
2509649,Solanum dulcamara,OpenWetPoor
2509651,Solanum dulcamara,OpenWetPoor
2509652,Solanum dulcamara,OpenWetPoor
2509789,Solanum dulcamara,OpenWetPoor
2509791,Solanum dulcamara,OpenWetPoor
2509792,Solanum dulcamara,OpenWetPoor
2509794,Solanum dulcamara,OpenWetPoor
2509795,Solanum dulcamara,OpenWetPoor
2509796,Solanum dulcamara,OpenWetPoor
2509797,Solanum dulcamara,OpenWetPoor
2509798,Solanum dulcamara,OpenWetPoor
2509801,Solanum dulcamara,OpenWetPoor
2509802,Solanum dulcamara,OpenWetPoor
2510585,Solanum dulcamara,OpenWetPoor
2510678,Solanum dulcamara,OpenWetPoor
2511949,Solanum dulcamara,OpenWetPoor
2511950,Solanum dulcamara,OpenWetPoor
2511951,Solanum dulcamara,OpenWetPoor
2511952,Solanum dulcamara,OpenWetPoor
2512091,Solanum dulcamara,OpenWetPoor
2512094,Solanum dulcamara,OpenWetPoor
2512095,Solanum dulcamara,OpenWetPoor
2512099,Solanum dulcamara,OpenWetPoor
2512100,Solanum dulcamara,OpenWetPoor
2512101,Solanum dulcamara,OpenWetPoor
2512103,Solanum dulcamara,OpenWetPoor
2512977,Solanum dulcamara,OpenWetPoor
2512978,Solanum dulcamara,OpenWetPoor
2514245,Solanum dulcamara,OpenWetPoor
2514248,Solanum dulcamara,OpenWetPoor
2514249,Solanum dulcamara,OpenWetPoor
2514250,Solanum dulcamara,OpenWetPoor
2514251,Solanum dulcamara,OpenWetPoor
2514392,Solanum dulcamara,OpenWetPoor
2514394,Solanum dulcamara,OpenWetPoor
2514395,Solanum dulcamara,OpenWetPoor
2514397,Solanum dulcamara,OpenWetPoor
2514398,Solanum dulcamara,OpenWetPoor
2514399,Solanum dulcamara,OpenWetPoor
2514400,Solanum dulcamara,OpenWetPoor
2514401,Solanum dulcamara,OpenWetPoor
2514403,Solanum dulcamara,OpenWetPoor
2514404,Solanum dulcamara,OpenWetPoor
2514405,Solanum dulcamara,OpenWetPoor
2515278,Solanum dulcamara,OpenWetPoor
2516273,Solanum dulcamara,OpenWetPoor
2516274,Solanum dulcamara,OpenWetPoor
2516462,Solanum dulcamara,OpenWetPoor
2516545,Solanum dulcamara,OpenWetPoor
2516549,Solanum dulcamara,OpenWetPoor
2516550,Solanum dulcamara,OpenWetPoor
2516693,Solanum dulcamara,OpenWetPoor
2516694,Solanum dulcamara,OpenWetPoor
2516695,Solanum dulcamara,OpenWetPoor
2516696,Solanum dulcamara,OpenWetPoor
2516697,Solanum dulcamara,OpenWetPoor
2516698,Solanum dulcamara,OpenWetPoor
2516699,Solanum dulcamara,OpenWetPoor
2516700,Solanum dulcamara,OpenWetPoor
2516701,Solanum dulcamara,OpenWetPoor
2516702,Solanum dulcamara,OpenWetPoor
2516703,Solanum dulcamara,OpenWetPoor
2516704,Solanum dulcamara,OpenWetPoor
2516705,Solanum dulcamara,OpenWetPoor
2518574,Solanum dulcamara,OpenWetPoor
2518994,Solanum dulcamara,OpenWetPoor
2518996,Solanum dulcamara,OpenWetPoor
2518997,Solanum dulcamara,OpenWetPoor
2518998,Solanum dulcamara,OpenWetPoor
2518999,Solanum dulcamara,OpenWetPoor
2519000,Solanum dulcamara,OpenWetPoor
2519314,Solanum dulcamara,OpenWetPoor
2521292,Solanum dulcamara,OpenWetPoor
2521293,Solanum dulcamara,OpenWetPoor
2521613,Solanum dulcamara,OpenWetPoor
2521614,Solanum dulcamara,OpenWetPoor
2523187,Solanum dulcamara,OpenWetPoor
2523188,Solanum dulcamara,OpenWetPoor
2523189,Solanum dulcamara,OpenWetPoor
2523190,Solanum dulcamara,OpenWetPoor
2523593,Solanum dulcamara,OpenWetPoor
2524385,Solanum dulcamara,OpenWetPoor
2525487,Solanum dulcamara,OpenWetPoor
2525488,Solanum dulcamara,OpenWetPoor
2525489,Solanum dulcamara,OpenWetPoor
2525490,Solanum dulcamara,OpenWetPoor
2525715,Solanum dulcamara,OpenWetPoor
2525716,Solanum dulcamara,OpenWetPoor
2525761,Solanum dulcamara,OpenWetPoor
2526728,Solanum dulcamara,OpenWetPoor
2526729,Solanum dulcamara,OpenWetPoor
2526772,Solanum dulcamara,OpenWetPoor
2526775,Solanum dulcamara,OpenWetPoor
2527785,Solanum dulcamara,OpenWetPoor
2527788,Solanum dulcamara,OpenWetPoor
2527789,Solanum dulcamara,OpenWetPoor
2527791,Solanum dulcamara,OpenWetPoor
2527801,Solanum dulcamara,OpenWetPoor
2527802,Solanum dulcamara,OpenWetPoor
2527803,Solanum dulcamara,OpenWetPoor
2527990,Solanum dulcamara,OpenWetPoor
2527991,Solanum dulcamara,OpenWetPoor
2528015,Solanum dulcamara,OpenWetPoor
2528057,Solanum dulcamara,OpenWetPoor
2529029,Solanum dulcamara,OpenWetPoor
2529070,Solanum dulcamara,OpenWetPoor
2529071,Solanum dulcamara,OpenWetPoor
2530081,Solanum dulcamara,OpenWetPoor
2530082,Solanum dulcamara,OpenWetPoor
2530084,Solanum dulcamara,OpenWetPoor
2530085,Solanum dulcamara,OpenWetPoor
2530089,Solanum dulcamara,OpenWetPoor
2530090,Solanum dulcamara,OpenWetPoor
2530091,Solanum dulcamara,OpenWetPoor
2530092,Solanum dulcamara,OpenWetPoor
2530101,Solanum dulcamara,OpenWetPoor
2530102,Solanum dulcamara,OpenWetPoor
2530298,Solanum dulcamara,OpenWetPoor
2530313,Solanum dulcamara,OpenWetPoor
2530314,Solanum dulcamara,OpenWetPoor
2530357,Solanum dulcamara,OpenWetPoor
2530358,Solanum dulcamara,OpenWetPoor
2530359,Solanum dulcamara,OpenWetPoor
2531330,Solanum dulcamara,OpenWetPoor
2532382,Solanum dulcamara,OpenWetPoor
2532383,Solanum dulcamara,OpenWetPoor
2532384,Solanum dulcamara,OpenWetPoor
2532385,Solanum dulcamara,OpenWetPoor
2532386,Solanum dulcamara,OpenWetPoor
2532387,Solanum dulcamara,OpenWetPoor
2532388,Solanum dulcamara,OpenWetPoor
2532389,Solanum dulcamara,OpenWetPoor
2532390,Solanum dulcamara,OpenWetPoor
2532391,Solanum dulcamara,OpenWetPoor
2532399,Solanum dulcamara,OpenWetPoor
2532400,Solanum dulcamara,OpenWetPoor
2532401,Solanum dulcamara,OpenWetPoor
2532595,Solanum dulcamara,OpenWetPoor
2532657,Solanum dulcamara,OpenWetPoor
2532658,Solanum dulcamara,OpenWetPoor
2532659,Solanum dulcamara,OpenWetPoor
2534687,Solanum dulcamara,OpenWetPoor
2534698,Solanum dulcamara,OpenWetPoor
2534699,Solanum dulcamara,OpenWetPoor
2534700,Solanum dulcamara,OpenWetPoor
2534702,Solanum dulcamara,OpenWetPoor
2535418,Solanum dulcamara,OpenWetPoor
2535889,Solanum dulcamara,OpenWetPoor
2537000,Solanum dulcamara,OpenWetPoor
2537001,Solanum dulcamara,OpenWetPoor
2537718,Solanum dulcamara,OpenWetPoor
2538189,Solanum dulcamara,OpenWetPoor
2538213,Solanum dulcamara,OpenWetPoor
2539278,Solanum dulcamara,OpenWetPoor
2539299,Solanum dulcamara,OpenWetPoor
2540022,Solanum dulcamara,OpenWetPoor
2540362,Solanum dulcamara,OpenWetPoor
2540481,Solanum dulcamara,OpenWetPoor
2540491,Solanum dulcamara,OpenWetPoor
2542077,Solanum dulcamara,OpenWetPoor
2542322,Solanum dulcamara,OpenWetPoor
2542791,Solanum dulcamara,OpenWetPoor
2542871,Solanum dulcamara,OpenWetPoor
2542872,Solanum dulcamara,OpenWetPoor
2544377,Solanum dulcamara,OpenWetPoor
2544618,Solanum dulcamara,OpenWetPoor
2544622,Solanum dulcamara,OpenWetPoor
2544623,Solanum dulcamara,OpenWetPoor
2545099,Solanum dulcamara,OpenWetPoor
2545171,Solanum dulcamara,OpenWetPoor
2545172,Solanum dulcamara,OpenWetPoor
2545173,Solanum dulcamara,OpenWetPoor
2545174,Solanum dulcamara,OpenWetPoor
2546645,Solanum dulcamara,OpenWetPoor
2546646,Solanum dulcamara,OpenWetPoor
2546753,Solanum dulcamara,OpenWetPoor
2546923,Solanum dulcamara,OpenWetPoor
2547384,Solanum dulcamara,OpenWetPoor
2547385,Solanum dulcamara,OpenWetPoor
2547473,Solanum dulcamara,OpenWetPoor
2548945,Solanum dulcamara,OpenWetPoor
2548946,Solanum dulcamara,OpenWetPoor
2549051,Solanum dulcamara,OpenWetPoor
2549052,Solanum dulcamara,OpenWetPoor
2549053,Solanum dulcamara,OpenWetPoor
2549767,Solanum dulcamara,OpenWetPoor
2549768,Solanum dulcamara,OpenWetPoor
2551351,Solanum dulcamara,OpenWetPoor
2552003,Solanum dulcamara,OpenWetPoor
2552068,Solanum dulcamara,OpenWetPoor
2552069,Solanum dulcamara,OpenWetPoor
2553087,Solanum dulcamara,OpenWetPoor
2553088,Solanum dulcamara,OpenWetPoor
2553107,Solanum dulcamara,OpenWetPoor
2553108,Solanum dulcamara,OpenWetPoor
2553109,Solanum dulcamara,OpenWetPoor
2553110,Solanum dulcamara,OpenWetPoor
2554253,Solanum dulcamara,OpenWetPoor
2554367,Solanum dulcamara,OpenWetPoor
2555388,Solanum dulcamara,OpenWetPoor
2555407,Solanum dulcamara,OpenWetPoor
2555408,Solanum dulcamara,OpenWetPoor
2555409,Solanum dulcamara,OpenWetPoor
2555410,Solanum dulcamara,OpenWetPoor
2555841,Solanum dulcamara,OpenWetPoor
2555842,Solanum dulcamara,OpenWetPoor
2556667,Solanum dulcamara,OpenWetPoor
2557677,Solanum dulcamara,OpenWetPoor
2557687,Solanum dulcamara,OpenWetPoor
2557688,Solanum dulcamara,OpenWetPoor
2557689,Solanum dulcamara,OpenWetPoor
2557690,Solanum dulcamara,OpenWetPoor
2557709,Solanum dulcamara,OpenWetPoor
2557710,Solanum dulcamara,OpenWetPoor
2557711,Solanum dulcamara,OpenWetPoor
2558874,Solanum dulcamara,OpenWetPoor
2558967,Solanum dulcamara,OpenWetPoor
2558969,Solanum dulcamara,OpenWetPoor
2558983,Solanum dulcamara,OpenWetPoor
2558991,Solanum dulcamara,OpenWetPoor
2559978,Solanum dulcamara,OpenWetPoor
2559985,Solanum dulcamara,OpenWetPoor
2559986,Solanum dulcamara,OpenWetPoor
2559988,Solanum dulcamara,OpenWetPoor
2559990,Solanum dulcamara,OpenWetPoor
2559991,Solanum dulcamara,OpenWetPoor
2560008,Solanum dulcamara,OpenWetPoor
2560009,Solanum dulcamara,OpenWetPoor
2560010,Solanum dulcamara,OpenWetPoor
2560443,Solanum dulcamara,OpenWetPoor
2561174,Solanum dulcamara,OpenWetPoor
2562278,Solanum dulcamara,OpenWetPoor
2562286,Solanum dulcamara,OpenWetPoor
2562288,Solanum dulcamara,OpenWetPoor
2562291,Solanum dulcamara,OpenWetPoor
2562292,Solanum dulcamara,OpenWetPoor
2562308,Solanum dulcamara,OpenWetPoor
2562309,Solanum dulcamara,OpenWetPoor
2563569,Solanum dulcamara,OpenWetPoor
2564588,Solanum dulcamara,OpenWetPoor
2564590,Solanum dulcamara,OpenWetPoor
2564591,Solanum dulcamara,OpenWetPoor
2564592,Solanum dulcamara,OpenWetPoor
2565725,Solanum dulcamara,OpenWetPoor
2565869,Solanum dulcamara,OpenWetPoor
2565881,Solanum dulcamara,OpenWetPoor
2566888,Solanum dulcamara,OpenWetPoor
2567161,Solanum dulcamara,OpenWetPoor
2567881,Solanum dulcamara,OpenWetPoor
2567882,Solanum dulcamara,OpenWetPoor
2567883,Solanum dulcamara,OpenWetPoor
2568024,Solanum dulcamara,OpenWetPoor
2569462,Solanum dulcamara,OpenWetPoor
2569644,Solanum dulcamara,OpenWetPoor
2569915,Solanum dulcamara,OpenWetPoor
2572215,Solanum dulcamara,OpenWetPoor
2572722,Solanum dulcamara,OpenWetPoor
2572740,Solanum dulcamara,OpenWetPoor
2572759,Solanum dulcamara,OpenWetPoor
2572760,Solanum dulcamara,OpenWetPoor
2574314,Solanum dulcamara,OpenWetPoor
2575020,Solanum dulcamara,OpenWetPoor
2575040,Solanum dulcamara,OpenWetPoor
2575041,Solanum dulcamara,OpenWetPoor
2575065,Solanum dulcamara,OpenWetPoor
2575066,Solanum dulcamara,OpenWetPoor
2576614,Solanum dulcamara,OpenWetPoor
2577320,Solanum dulcamara,OpenWetPoor
2577321,Solanum dulcamara,OpenWetPoor
2577409,Solanum dulcamara,OpenWetPoor
2579493,Solanum dulcamara,OpenWetPoor
2580711,Solanum dulcamara,OpenWetPoor
2580712,Solanum dulcamara,OpenWetPoor
2580713,Solanum dulcamara,OpenWetPoor
2580714,Solanum dulcamara,OpenWetPoor
2581792,Solanum dulcamara,OpenWetPoor
2581793,Solanum dulcamara,OpenWetPoor
2581929,Solanum dulcamara,OpenWetPoor
2582977,Solanum dulcamara,OpenWetPoor
2582978,Solanum dulcamara,OpenWetPoor
2583011,Solanum dulcamara,OpenWetPoor
2583014,Solanum dulcamara,OpenWetPoor
2583097,Solanum dulcamara,OpenWetPoor
2584229,Solanum dulcamara,OpenWetPoor
2584259,Solanum dulcamara,OpenWetPoor
2584263,Solanum dulcamara,OpenWetPoor
2584264,Solanum dulcamara,OpenWetPoor
2585278,Solanum dulcamara,OpenWetPoor
2585311,Solanum dulcamara,OpenWetPoor
2585314,Solanum dulcamara,OpenWetPoor
2585396,Solanum dulcamara,OpenWetPoor
2585397,Solanum dulcamara,OpenWetPoor
2586358,Solanum dulcamara,OpenWetPoor
2586393,Solanum dulcamara,OpenWetPoor
2586529,Solanum dulcamara,OpenWetPoor
2586531,Solanum dulcamara,OpenWetPoor
2586556,Solanum dulcamara,OpenWetPoor
2586558,Solanum dulcamara,OpenWetPoor
2586559,Solanum dulcamara,OpenWetPoor
2586560,Solanum dulcamara,OpenWetPoor
2586561,Solanum dulcamara,OpenWetPoor
2586562,Solanum dulcamara,OpenWetPoor
2587601,Solanum dulcamara,OpenWetPoor
2587602,Solanum dulcamara,OpenWetPoor
2587612,Solanum dulcamara,OpenWetPoor
2587695,Solanum dulcamara,OpenWetPoor
2587696,Solanum dulcamara,OpenWetPoor
2588555,Solanum dulcamara,OpenWetPoor
2588658,Solanum dulcamara,OpenWetPoor
2588694,Solanum dulcamara,OpenWetPoor
2588828,Solanum dulcamara,OpenWetPoor
2588829,Solanum dulcamara,OpenWetPoor
2588832,Solanum dulcamara,OpenWetPoor
2588833,Solanum dulcamara,OpenWetPoor
2588854,Solanum dulcamara,OpenWetPoor
2588855,Solanum dulcamara,OpenWetPoor
2588856,Solanum dulcamara,OpenWetPoor
2588859,Solanum dulcamara,OpenWetPoor
2588861,Solanum dulcamara,OpenWetPoor
2589902,Solanum dulcamara,OpenWetPoor
2589903,Solanum dulcamara,OpenWetPoor
2589912,Solanum dulcamara,OpenWetPoor
2590958,Solanum dulcamara,OpenWetPoor
2590994,Solanum dulcamara,OpenWetPoor
2590995,Solanum dulcamara,OpenWetPoor
2591089,Solanum dulcamara,OpenWetPoor
2591090,Solanum dulcamara,OpenWetPoor
2591091,Solanum dulcamara,OpenWetPoor
2591126,Solanum dulcamara,OpenWetPoor
2591127,Solanum dulcamara,OpenWetPoor
2591129,Solanum dulcamara,OpenWetPoor
2591130,Solanum dulcamara,OpenWetPoor
2591131,Solanum dulcamara,OpenWetPoor
2591134,Solanum dulcamara,OpenWetPoor
2591135,Solanum dulcamara,OpenWetPoor
2591136,Solanum dulcamara,OpenWetPoor
2591137,Solanum dulcamara,OpenWetPoor
2591154,Solanum dulcamara,OpenWetPoor
2591155,Solanum dulcamara,OpenWetPoor
2591156,Solanum dulcamara,OpenWetPoor
2592178,Solanum dulcamara,OpenWetPoor
2592202,Solanum dulcamara,OpenWetPoor
2592203,Solanum dulcamara,OpenWetPoor
2593255,Solanum dulcamara,OpenWetPoor
2593256,Solanum dulcamara,OpenWetPoor
2593296,Solanum dulcamara,OpenWetPoor
2593389,Solanum dulcamara,OpenWetPoor
2593390,Solanum dulcamara,OpenWetPoor
2593391,Solanum dulcamara,OpenWetPoor
2593392,Solanum dulcamara,OpenWetPoor
2593393,Solanum dulcamara,OpenWetPoor
2593427,Solanum dulcamara,OpenWetPoor
2593428,Solanum dulcamara,OpenWetPoor
2593434,Solanum dulcamara,OpenWetPoor
2593435,Solanum dulcamara,OpenWetPoor
2593436,Solanum dulcamara,OpenWetPoor
2593437,Solanum dulcamara,OpenWetPoor
2593455,Solanum dulcamara,OpenWetPoor
2594478,Solanum dulcamara,OpenWetPoor
2594502,Solanum dulcamara,OpenWetPoor
2594503,Solanum dulcamara,OpenWetPoor
2595553,Solanum dulcamara,OpenWetPoor
2595554,Solanum dulcamara,OpenWetPoor
2595555,Solanum dulcamara,OpenWetPoor
2595556,Solanum dulcamara,OpenWetPoor
2595727,Solanum dulcamara,OpenWetPoor
2595729,Solanum dulcamara,OpenWetPoor
2595734,Solanum dulcamara,OpenWetPoor
2595735,Solanum dulcamara,OpenWetPoor
2595736,Solanum dulcamara,OpenWetPoor
2595737,Solanum dulcamara,OpenWetPoor
2595743,Solanum dulcamara,OpenWetPoor
2595744,Solanum dulcamara,OpenWetPoor
2596801,Solanum dulcamara,OpenWetPoor
2596802,Solanum dulcamara,OpenWetPoor
2596803,Solanum dulcamara,OpenWetPoor
2597853,Solanum dulcamara,OpenWetPoor
2597854,Solanum dulcamara,OpenWetPoor
2597855,Solanum dulcamara,OpenWetPoor
2597977,Solanum dulcamara,OpenWetPoor
2598028,Solanum dulcamara,OpenWetPoor
2598035,Solanum dulcamara,OpenWetPoor
2598039,Solanum dulcamara,OpenWetPoor
2598042,Solanum dulcamara,OpenWetPoor
2598044,Solanum dulcamara,OpenWetPoor
2599100,Solanum dulcamara,OpenWetPoor
2599101,Solanum dulcamara,OpenWetPoor
2599103,Solanum dulcamara,OpenWetPoor
2599545,Solanum dulcamara,OpenWetPoor
2599745,Solanum dulcamara,OpenWetPoor
2600153,Solanum dulcamara,OpenWetPoor
2600154,Solanum dulcamara,OpenWetPoor
2600343,Solanum dulcamara,OpenWetPoor
2600344,Solanum dulcamara,OpenWetPoor
2601401,Solanum dulcamara,OpenWetPoor
2602045,Solanum dulcamara,OpenWetPoor
2602646,Solanum dulcamara,OpenWetPoor
2604347,Solanum dulcamara,OpenWetPoor
2604942,Solanum dulcamara,OpenWetPoor
2604946,Solanum dulcamara,OpenWetPoor
2604947,Solanum dulcamara,OpenWetPoor
2605977,Solanum dulcamara,OpenWetPoor
2606645,Solanum dulcamara,OpenWetPoor
2606646,Solanum dulcamara,OpenWetPoor
2606648,Solanum dulcamara,OpenWetPoor
2606649,Solanum dulcamara,OpenWetPoor
2607049,Solanum dulcamara,OpenWetPoor
2607050,Solanum dulcamara,OpenWetPoor
2607177,Solanum dulcamara,OpenWetPoor
2607240,Solanum dulcamara,OpenWetPoor
2607244,Solanum dulcamara,OpenWetPoor
2607331,Solanum dulcamara,OpenWetPoor
2608277,Solanum dulcamara,OpenWetPoor
2608946,Solanum dulcamara,OpenWetPoor
2608947,Solanum dulcamara,OpenWetPoor
2608948,Solanum dulcamara,OpenWetPoor
2608949,Solanum dulcamara,OpenWetPoor
2609347,Solanum dulcamara,OpenWetPoor
2609348,Solanum dulcamara,OpenWetPoor
2609539,Solanum dulcamara,OpenWetPoor
2609547,Solanum dulcamara,OpenWetPoor
2609553,Solanum dulcamara,OpenWetPoor
2609631,Solanum dulcamara,OpenWetPoor
2610577,Solanum dulcamara,OpenWetPoor
2610656,Solanum dulcamara,OpenWetPoor
2611246,Solanum dulcamara,OpenWetPoor
2611249,Solanum dulcamara,OpenWetPoor
2611647,Solanum dulcamara,OpenWetPoor
2611648,Solanum dulcamara,OpenWetPoor
2611839,Solanum dulcamara,OpenWetPoor
2611840,Solanum dulcamara,OpenWetPoor
2611841,Solanum dulcamara,OpenWetPoor
2611843,Solanum dulcamara,OpenWetPoor
2612956,Solanum dulcamara,OpenWetPoor
2613947,Solanum dulcamara,OpenWetPoor
2613948,Solanum dulcamara,OpenWetPoor
2614134,Solanum dulcamara,OpenWetPoor
2614135,Solanum dulcamara,OpenWetPoor
2614137,Solanum dulcamara,OpenWetPoor
2614138,Solanum dulcamara,OpenWetPoor
2614142,Solanum dulcamara,OpenWetPoor
2615177,Solanum dulcamara,OpenWetPoor
2615256,Solanum dulcamara,OpenWetPoor
2615682,Solanum dulcamara,OpenWetPoor
2615683,Solanum dulcamara,OpenWetPoor
2615841,Solanum dulcamara,OpenWetPoor
2615842,Solanum dulcamara,OpenWetPoor
2615843,Solanum dulcamara,OpenWetPoor
2616433,Solanum dulcamara,OpenWetPoor
2617477,Solanum dulcamara,OpenWetPoor
2617557,Solanum dulcamara,OpenWetPoor
2617558,Solanum dulcamara,OpenWetPoor
2618141,Solanum dulcamara,OpenWetPoor
2618142,Solanum dulcamara,OpenWetPoor
2618143,Solanum dulcamara,OpenWetPoor
2618745,Solanum dulcamara,OpenWetPoor
2619799,Solanum dulcamara,OpenWetPoor
2619800,Solanum dulcamara,OpenWetPoor
2619857,Solanum dulcamara,OpenWetPoor
2620447,Solanum dulcamara,OpenWetPoor
2621046,Solanum dulcamara,OpenWetPoor
2622097,Solanum dulcamara,OpenWetPoor
2622099,Solanum dulcamara,OpenWetPoor
2622101,Solanum dulcamara,OpenWetPoor
2622748,Solanum dulcamara,OpenWetPoor
2622749,Solanum dulcamara,OpenWetPoor
2623114,Solanum dulcamara,OpenWetPoor
2623115,Solanum dulcamara,OpenWetPoor
2623116,Solanum dulcamara,OpenWetPoor
2623346,Solanum dulcamara,OpenWetPoor
2624377,Solanum dulcamara,OpenWetPoor
2625047,Solanum dulcamara,OpenWetPoor
2625413,Solanum dulcamara,OpenWetPoor
2625414,Solanum dulcamara,OpenWetPoor
2625415,Solanum dulcamara,OpenWetPoor
2625416,Solanum dulcamara,OpenWetPoor
2625417,Solanum dulcamara,OpenWetPoor
2627713,Solanum dulcamara,OpenWetPoor
2627716,Solanum dulcamara,OpenWetPoor
2627717,Solanum dulcamara,OpenWetPoor
2627948,Solanum dulcamara,OpenWetPoor
2627949,Solanum dulcamara,OpenWetPoor
2629473,Solanum dulcamara,OpenWetPoor
2629900,Solanum dulcamara,OpenWetPoor
2630248,Solanum dulcamara,OpenWetPoor
2630250,Solanum dulcamara,OpenWetPoor
2630251,Solanum dulcamara,OpenWetPoor
2631401,Solanum dulcamara,OpenWetPoor
2631941,Solanum dulcamara,OpenWetPoor
2631942,Solanum dulcamara,OpenWetPoor
2632127,Solanum dulcamara,OpenWetPoor
2632199,Solanum dulcamara,OpenWetPoor
2632200,Solanum dulcamara,OpenWetPoor
2632552,Solanum dulcamara,OpenWetPoor
2633702,Solanum dulcamara,OpenWetPoor
2634241,Solanum dulcamara,OpenWetPoor
2634242,Solanum dulcamara,OpenWetPoor
2634246,Solanum dulcamara,OpenWetPoor
2634498,Solanum dulcamara,OpenWetPoor
2634499,Solanum dulcamara,OpenWetPoor
2634501,Solanum dulcamara,OpenWetPoor
2634502,Solanum dulcamara,OpenWetPoor
2636545,Solanum dulcamara,OpenWetPoor
2638256,Solanum dulcamara,OpenWetPoor
2639469,Solanum dulcamara,OpenWetPoor
2640963,Solanum dulcamara,OpenWetPoor
2641046,Solanum dulcamara,OpenWetPoor
2641047,Solanum dulcamara,OpenWetPoor
2641048,Solanum dulcamara,OpenWetPoor
2641051,Solanum dulcamara,OpenWetPoor
2641052,Solanum dulcamara,OpenWetPoor
2641054,Solanum dulcamara,OpenWetPoor
2641442,Solanum dulcamara,OpenWetPoor
2641443,Solanum dulcamara,OpenWetPoor
2641445,Solanum dulcamara,OpenWetPoor
2641446,Solanum dulcamara,OpenWetPoor
2641447,Solanum dulcamara,OpenWetPoor
2641448,Solanum dulcamara,OpenWetPoor
2641449,Solanum dulcamara,OpenWetPoor
2641786,Solanum dulcamara,OpenWetPoor
2642779,Solanum dulcamara,OpenWetPoor
2642780,Solanum dulcamara,OpenWetPoor
2643348,Solanum dulcamara,OpenWetPoor
2643349,Solanum dulcamara,OpenWetPoor
2643351,Solanum dulcamara,OpenWetPoor
2643352,Solanum dulcamara,OpenWetPoor
2643355,Solanum dulcamara,OpenWetPoor
2643745,Solanum dulcamara,OpenWetPoor
2643746,Solanum dulcamara,OpenWetPoor
2643747,Solanum dulcamara,OpenWetPoor
2643748,Solanum dulcamara,OpenWetPoor
2645152,Solanum dulcamara,OpenWetPoor
2645646,Solanum dulcamara,OpenWetPoor
2645647,Solanum dulcamara,OpenWetPoor
2645648,Solanum dulcamara,OpenWetPoor
2645649,Solanum dulcamara,OpenWetPoor
2646317,Solanum dulcamara,OpenWetPoor
2646336,Solanum dulcamara,OpenWetPoor
2647453,Solanum dulcamara,OpenWetPoor
2647947,Solanum dulcamara,OpenWetPoor
2649754,Solanum dulcamara,OpenWetPoor
2650247,Solanum dulcamara,OpenWetPoor
2650249,Solanum dulcamara,OpenWetPoor
2651991,Solanum dulcamara,OpenWetPoor
2652365,Solanum dulcamara,OpenWetPoor
2652549,Solanum dulcamara,OpenWetPoor
2652550,Solanum dulcamara,OpenWetPoor
2653273,Solanum dulcamara,OpenWetPoor
2653274,Solanum dulcamara,OpenWetPoor
2654665,Solanum dulcamara,OpenWetPoor
2654668,Solanum dulcamara,OpenWetPoor
2654669,Solanum dulcamara,OpenWetPoor
2654764,Solanum dulcamara,OpenWetPoor
2654765,Solanum dulcamara,OpenWetPoor
2654846,Solanum dulcamara,OpenWetPoor
2654847,Solanum dulcamara,OpenWetPoor
2654849,Solanum dulcamara,OpenWetPoor
2655573,Solanum dulcamara,OpenWetPoor
2657147,Solanum dulcamara,OpenWetPoor
2657503,Solanum dulcamara,OpenWetPoor
2657874,Solanum dulcamara,OpenWetPoor
2657875,Solanum dulcamara,OpenWetPoor
2658882,Solanum dulcamara,OpenWetPoor
2658891,Solanum dulcamara,OpenWetPoor
2658892,Solanum dulcamara,OpenWetPoor
2659365,Solanum dulcamara,OpenWetPoor
2659801,Solanum dulcamara,OpenWetPoor
2659804,Solanum dulcamara,OpenWetPoor
2660162,Solanum dulcamara,OpenWetPoor
2661190,Solanum dulcamara,OpenWetPoor
2661191,Solanum dulcamara,OpenWetPoor
2662086,Solanum dulcamara,OpenWetPoor
2662088,Solanum dulcamara,OpenWetPoor
2662089,Solanum dulcamara,OpenWetPoor
2662090,Solanum dulcamara,OpenWetPoor
2662101,Solanum dulcamara,OpenWetPoor
2662105,Solanum dulcamara,OpenWetPoor
2662144,Solanum dulcamara,OpenWetPoor
2662146,Solanum dulcamara,OpenWetPoor
2662450,Solanum dulcamara,OpenWetPoor
2663490,Solanum dulcamara,OpenWetPoor
2663663,Solanum dulcamara,OpenWetPoor
2664045,Solanum dulcamara,OpenWetPoor
2664387,Solanum dulcamara,OpenWetPoor
2664390,Solanum dulcamara,OpenWetPoor
2664391,Solanum dulcamara,OpenWetPoor
2664402,Solanum dulcamara,OpenWetPoor
2664445,Solanum dulcamara,OpenWetPoor
2664750,Solanum dulcamara,OpenWetPoor
2664777,Solanum dulcamara,OpenWetPoor
2665789,Solanum dulcamara,OpenWetPoor
2665791,Solanum dulcamara,OpenWetPoor
2665797,Solanum dulcamara,OpenWetPoor
2666746,Solanum dulcamara,OpenWetPoor
2667050,Solanum dulcamara,OpenWetPoor
2667053,Solanum dulcamara,OpenWetPoor
2667077,Solanum dulcamara,OpenWetPoor
2668091,Solanum dulcamara,OpenWetPoor
2668092,Solanum dulcamara,OpenWetPoor
2668096,Solanum dulcamara,OpenWetPoor
2668097,Solanum dulcamara,OpenWetPoor
2668098,Solanum dulcamara,OpenWetPoor
2668099,Solanum dulcamara,OpenWetPoor
2668260,Solanum dulcamara,OpenWetPoor
2668263,Solanum dulcamara,OpenWetPoor
2669038,Solanum dulcamara,OpenWetPoor
2669043,Solanum dulcamara,OpenWetPoor
2669353,Solanum dulcamara,OpenWetPoor
2670386,Solanum dulcamara,OpenWetPoor
2670387,Solanum dulcamara,OpenWetPoor
2670393,Solanum dulcamara,OpenWetPoor
2670395,Solanum dulcamara,OpenWetPoor
2670396,Solanum dulcamara,OpenWetPoor
2670397,Solanum dulcamara,OpenWetPoor
2670398,Solanum dulcamara,OpenWetPoor
2670399,Solanum dulcamara,OpenWetPoor
2670402,Solanum dulcamara,OpenWetPoor
2670403,Solanum dulcamara,OpenWetPoor
2670578,Solanum dulcamara,OpenWetPoor
2670579,Solanum dulcamara,OpenWetPoor
2671336,Solanum dulcamara,OpenWetPoor
2671337,Solanum dulcamara,OpenWetPoor
2671339,Solanum dulcamara,OpenWetPoor
2671647,Solanum dulcamara,OpenWetPoor
2672694,Solanum dulcamara,OpenWetPoor
2672699,Solanum dulcamara,OpenWetPoor
2672869,Solanum dulcamara,OpenWetPoor
2672870,Solanum dulcamara,OpenWetPoor
2672877,Solanum dulcamara,OpenWetPoor
2672878,Solanum dulcamara,OpenWetPoor
2672880,Solanum dulcamara,OpenWetPoor
2672881,Solanum dulcamara,OpenWetPoor
2673036,Solanum dulcamara,OpenWetPoor
2673636,Solanum dulcamara,OpenWetPoor
2673639,Solanum dulcamara,OpenWetPoor
2673943,Solanum dulcamara,OpenWetPoor
2675169,Solanum dulcamara,OpenWetPoor
2675170,Solanum dulcamara,OpenWetPoor
2675180,Solanum dulcamara,OpenWetPoor
2675181,Solanum dulcamara,OpenWetPoor
2675921,Solanum dulcamara,OpenWetPoor
2675922,Solanum dulcamara,OpenWetPoor
2675923,Solanum dulcamara,OpenWetPoor
2675924,Solanum dulcamara,OpenWetPoor
2675939,Solanum dulcamara,OpenWetPoor
2675940,Solanum dulcamara,OpenWetPoor
2676205,Solanum dulcamara,OpenWetPoor
2677468,Solanum dulcamara,OpenWetPoor
2678221,Solanum dulcamara,OpenWetPoor
2678222,Solanum dulcamara,OpenWetPoor
2678223,Solanum dulcamara,OpenWetPoor
2678224,Solanum dulcamara,OpenWetPoor
2678235,Solanum dulcamara,OpenWetPoor
2678236,Solanum dulcamara,OpenWetPoor
2678257,Solanum dulcamara,OpenWetPoor
2678342,Solanum dulcamara,OpenWetPoor
2678344,Solanum dulcamara,OpenWetPoor
2678345,Solanum dulcamara,OpenWetPoor
2678346,Solanum dulcamara,OpenWetPoor
2678387,Solanum dulcamara,OpenWetPoor
2679766,Solanum dulcamara,OpenWetPoor
2679767,Solanum dulcamara,OpenWetPoor
2679776,Solanum dulcamara,OpenWetPoor
2679777,Solanum dulcamara,OpenWetPoor
2680522,Solanum dulcamara,OpenWetPoor
2680523,Solanum dulcamara,OpenWetPoor
2680524,Solanum dulcamara,OpenWetPoor
2680525,Solanum dulcamara,OpenWetPoor
2680534,Solanum dulcamara,OpenWetPoor
2680535,Solanum dulcamara,OpenWetPoor
2680536,Solanum dulcamara,OpenWetPoor
2680539,Solanum dulcamara,OpenWetPoor
2680600,Solanum dulcamara,OpenWetPoor
2680640,Solanum dulcamara,OpenWetPoor
2680641,Solanum dulcamara,OpenWetPoor
2680642,Solanum dulcamara,OpenWetPoor
2681905,Solanum dulcamara,OpenWetPoor
2681906,Solanum dulcamara,OpenWetPoor
2681907,Solanum dulcamara,OpenWetPoor
2681919,Solanum dulcamara,OpenWetPoor
2681920,Solanum dulcamara,OpenWetPoor
2682076,Solanum dulcamara,OpenWetPoor
2682077,Solanum dulcamara,OpenWetPoor
2682825,Solanum dulcamara,OpenWetPoor
2682826,Solanum dulcamara,OpenWetPoor
2682827,Solanum dulcamara,OpenWetPoor
2682830,Solanum dulcamara,OpenWetPoor
2682831,Solanum dulcamara,OpenWetPoor
2682832,Solanum dulcamara,OpenWetPoor
2682834,Solanum dulcamara,OpenWetPoor
2682838,Solanum dulcamara,OpenWetPoor
2682839,Solanum dulcamara,OpenWetPoor
2682896,Solanum dulcamara,OpenWetPoor
2682898,Solanum dulcamara,OpenWetPoor
2682899,Solanum dulcamara,OpenWetPoor
2682900,Solanum dulcamara,OpenWetPoor
2682901,Solanum dulcamara,OpenWetPoor
2682902,Solanum dulcamara,OpenWetPoor
2682903,Solanum dulcamara,OpenWetPoor
2682904,Solanum dulcamara,OpenWetPoor
2682940,Solanum dulcamara,OpenWetPoor
2682941,Solanum dulcamara,OpenWetPoor
2682942,Solanum dulcamara,OpenWetPoor
2682943,Solanum dulcamara,OpenWetPoor
2684204,Solanum dulcamara,OpenWetPoor
2684205,Solanum dulcamara,OpenWetPoor
2684206,Solanum dulcamara,OpenWetPoor
2684207,Solanum dulcamara,OpenWetPoor
2684219,Solanum dulcamara,OpenWetPoor
2684221,Solanum dulcamara,OpenWetPoor
2684290,Solanum dulcamara,OpenWetPoor
2684372,Solanum dulcamara,OpenWetPoor
2684375,Solanum dulcamara,OpenWetPoor
2684376,Solanum dulcamara,OpenWetPoor
2684377,Solanum dulcamara,OpenWetPoor
2684378,Solanum dulcamara,OpenWetPoor
2685124,Solanum dulcamara,OpenWetPoor
2685125,Solanum dulcamara,OpenWetPoor
2685126,Solanum dulcamara,OpenWetPoor
2685127,Solanum dulcamara,OpenWetPoor
2685129,Solanum dulcamara,OpenWetPoor
2685130,Solanum dulcamara,OpenWetPoor
2685131,Solanum dulcamara,OpenWetPoor
2685132,Solanum dulcamara,OpenWetPoor
2685133,Solanum dulcamara,OpenWetPoor
2685134,Solanum dulcamara,OpenWetPoor
2685138,Solanum dulcamara,OpenWetPoor
2685139,Solanum dulcamara,OpenWetPoor
2685198,Solanum dulcamara,OpenWetPoor
2685199,Solanum dulcamara,OpenWetPoor
2685200,Solanum dulcamara,OpenWetPoor
2685201,Solanum dulcamara,OpenWetPoor
2685202,Solanum dulcamara,OpenWetPoor
2685203,Solanum dulcamara,OpenWetPoor
2685204,Solanum dulcamara,OpenWetPoor
2685244,Solanum dulcamara,OpenWetPoor
2686504,Solanum dulcamara,OpenWetPoor
2686505,Solanum dulcamara,OpenWetPoor
2686506,Solanum dulcamara,OpenWetPoor
2686507,Solanum dulcamara,OpenWetPoor
2686519,Solanum dulcamara,OpenWetPoor
2686591,Solanum dulcamara,OpenWetPoor
2686673,Solanum dulcamara,OpenWetPoor
2686677,Solanum dulcamara,OpenWetPoor
2687425,Solanum dulcamara,OpenWetPoor
2687426,Solanum dulcamara,OpenWetPoor
2687429,Solanum dulcamara,OpenWetPoor
2687430,Solanum dulcamara,OpenWetPoor
2687431,Solanum dulcamara,OpenWetPoor
2687432,Solanum dulcamara,OpenWetPoor
2687433,Solanum dulcamara,OpenWetPoor
2687435,Solanum dulcamara,OpenWetPoor
2687438,Solanum dulcamara,OpenWetPoor
2687498,Solanum dulcamara,OpenWetPoor
2687501,Solanum dulcamara,OpenWetPoor
2687502,Solanum dulcamara,OpenWetPoor
2687503,Solanum dulcamara,OpenWetPoor
2687540,Solanum dulcamara,OpenWetPoor
2687541,Solanum dulcamara,OpenWetPoor
2687543,Solanum dulcamara,OpenWetPoor
2687544,Solanum dulcamara,OpenWetPoor
2688805,Solanum dulcamara,OpenWetPoor
2688807,Solanum dulcamara,OpenWetPoor
2688808,Solanum dulcamara,OpenWetPoor
2688820,Solanum dulcamara,OpenWetPoor
2689729,Solanum dulcamara,OpenWetPoor
2689730,Solanum dulcamara,OpenWetPoor
2689731,Solanum dulcamara,OpenWetPoor
2689732,Solanum dulcamara,OpenWetPoor
2689733,Solanum dulcamara,OpenWetPoor
2689734,Solanum dulcamara,OpenWetPoor
2689735,Solanum dulcamara,OpenWetPoor
2689736,Solanum dulcamara,OpenWetPoor
2689737,Solanum dulcamara,OpenWetPoor
2689753,Solanum dulcamara,OpenWetPoor
2689754,Solanum dulcamara,OpenWetPoor
2689798,Solanum dulcamara,OpenWetPoor
2689799,Solanum dulcamara,OpenWetPoor
2689800,Solanum dulcamara,OpenWetPoor
2689801,Solanum dulcamara,OpenWetPoor
2689802,Solanum dulcamara,OpenWetPoor
2689841,Solanum dulcamara,OpenWetPoor
2689842,Solanum dulcamara,OpenWetPoor
2691086,Solanum dulcamara,OpenWetPoor
2691105,Solanum dulcamara,OpenWetPoor
2691107,Solanum dulcamara,OpenWetPoor
2691243,Solanum dulcamara,OpenWetPoor
2691259,Solanum dulcamara,OpenWetPoor
2691260,Solanum dulcamara,OpenWetPoor
2691487,Solanum dulcamara,OpenWetPoor
2691488,Solanum dulcamara,OpenWetPoor
2691489,Solanum dulcamara,OpenWetPoor
2692032,Solanum dulcamara,OpenWetPoor
2692034,Solanum dulcamara,OpenWetPoor
2692035,Solanum dulcamara,OpenWetPoor
2692036,Solanum dulcamara,OpenWetPoor
2692037,Solanum dulcamara,OpenWetPoor
2692052,Solanum dulcamara,OpenWetPoor
2692098,Solanum dulcamara,OpenWetPoor
2692099,Solanum dulcamara,OpenWetPoor
2692101,Solanum dulcamara,OpenWetPoor
2692240,Solanum dulcamara,OpenWetPoor
2692377,Solanum dulcamara,OpenWetPoor
2692460,Solanum dulcamara,OpenWetPoor
2693386,Solanum dulcamara,OpenWetPoor
2693387,Solanum dulcamara,OpenWetPoor
2693542,Solanum dulcamara,OpenWetPoor
2693551,Solanum dulcamara,OpenWetPoor
2693558,Solanum dulcamara,OpenWetPoor
2693559,Solanum dulcamara,OpenWetPoor
2693775,Solanum dulcamara,OpenWetPoor
2693859,Solanum dulcamara,OpenWetPoor
2694334,Solanum dulcamara,OpenWetPoor
2694335,Solanum dulcamara,OpenWetPoor
2694339,Solanum dulcamara,OpenWetPoor
2694351,Solanum dulcamara,OpenWetPoor
2694352,Solanum dulcamara,OpenWetPoor
2694354,Solanum dulcamara,OpenWetPoor
2694355,Solanum dulcamara,OpenWetPoor
2694541,Solanum dulcamara,OpenWetPoor
2694678,Solanum dulcamara,OpenWetPoor
2694760,Solanum dulcamara,OpenWetPoor
2695686,Solanum dulcamara,OpenWetPoor
2695687,Solanum dulcamara,OpenWetPoor
2695841,Solanum dulcamara,OpenWetPoor
2695842,Solanum dulcamara,OpenWetPoor
2696159,Solanum dulcamara,OpenWetPoor
2696636,Solanum dulcamara,OpenWetPoor
2696639,Solanum dulcamara,OpenWetPoor
2696651,Solanum dulcamara,OpenWetPoor
2696655,Solanum dulcamara,OpenWetPoor
2696728,Solanum dulcamara,OpenWetPoor
2696729,Solanum dulcamara,OpenWetPoor
2696730,Solanum dulcamara,OpenWetPoor
2696841,Solanum dulcamara,OpenWetPoor
2697985,Solanum dulcamara,OpenWetPoor
2697986,Solanum dulcamara,OpenWetPoor
2697987,Solanum dulcamara,OpenWetPoor
2697999,Solanum dulcamara,OpenWetPoor
2698000,Solanum dulcamara,OpenWetPoor
2698141,Solanum dulcamara,OpenWetPoor
2698939,Solanum dulcamara,OpenWetPoor
2698940,Solanum dulcamara,OpenWetPoor
2698954,Solanum dulcamara,OpenWetPoor
2698956,Solanum dulcamara,OpenWetPoor
2699026,Solanum dulcamara,OpenWetPoor
2699027,Solanum dulcamara,OpenWetPoor
2699029,Solanum dulcamara,OpenWetPoor
2699360,Solanum dulcamara,OpenWetPoor
2700285,Solanum dulcamara,OpenWetPoor
2700286,Solanum dulcamara,OpenWetPoor
2700298,Solanum dulcamara,OpenWetPoor
2700299,Solanum dulcamara,OpenWetPoor
2700300,Solanum dulcamara,OpenWetPoor
2700301,Solanum dulcamara,OpenWetPoor
2700440,Solanum dulcamara,OpenWetPoor
2700689,Solanum dulcamara,OpenWetPoor
2701237,Solanum dulcamara,OpenWetPoor
2701238,Solanum dulcamara,OpenWetPoor
2701239,Solanum dulcamara,OpenWetPoor
2701243,Solanum dulcamara,OpenWetPoor
2701244,Solanum dulcamara,OpenWetPoor
2701256,Solanum dulcamara,OpenWetPoor
2701257,Solanum dulcamara,OpenWetPoor
2701326,Solanum dulcamara,OpenWetPoor
2701329,Solanum dulcamara,OpenWetPoor
2701579,Solanum dulcamara,OpenWetPoor
2701660,Solanum dulcamara,OpenWetPoor
2702584,Solanum dulcamara,OpenWetPoor
2702585,Solanum dulcamara,OpenWetPoor
2702586,Solanum dulcamara,OpenWetPoor
2702597,Solanum dulcamara,OpenWetPoor
2702598,Solanum dulcamara,OpenWetPoor
2702599,Solanum dulcamara,OpenWetPoor
2702600,Solanum dulcamara,OpenWetPoor
2702601,Solanum dulcamara,OpenWetPoor
2702740,Solanum dulcamara,OpenWetPoor
2702748,Solanum dulcamara,OpenWetPoor
2702749,Solanum dulcamara,OpenWetPoor
2703536,Solanum dulcamara,OpenWetPoor
2703537,Solanum dulcamara,OpenWetPoor
2703540,Solanum dulcamara,OpenWetPoor
2703544,Solanum dulcamara,OpenWetPoor
2703557,Solanum dulcamara,OpenWetPoor
2703648,Solanum dulcamara,OpenWetPoor
2703960,Solanum dulcamara,OpenWetPoor
2704897,Solanum dulcamara,OpenWetPoor
2704898,Solanum dulcamara,OpenWetPoor
2704899,Solanum dulcamara,OpenWetPoor
2704900,Solanum dulcamara,OpenWetPoor
2704901,Solanum dulcamara,OpenWetPoor
2705836,Solanum dulcamara,OpenWetPoor
2705946,Solanum dulcamara,OpenWetPoor
2705948,Solanum dulcamara,OpenWetPoor
2705949,Solanum dulcamara,OpenWetPoor
2706260,Solanum dulcamara,OpenWetPoor
2706261,Solanum dulcamara,OpenWetPoor
2707198,Solanum dulcamara,OpenWetPoor
2707199,Solanum dulcamara,OpenWetPoor
2707200,Solanum dulcamara,OpenWetPoor
2707201,Solanum dulcamara,OpenWetPoor
2707350,Solanum dulcamara,OpenWetPoor
2708137,Solanum dulcamara,OpenWetPoor
2708138,Solanum dulcamara,OpenWetPoor
2708143,Solanum dulcamara,OpenWetPoor
2708145,Solanum dulcamara,OpenWetPoor
2708146,Solanum dulcamara,OpenWetPoor
2708247,Solanum dulcamara,OpenWetPoor
2708248,Solanum dulcamara,OpenWetPoor
2708344,Solanum dulcamara,OpenWetPoor
2708482,Solanum dulcamara,OpenWetPoor
2708561,Solanum dulcamara,OpenWetPoor
2709626,Solanum dulcamara,OpenWetPoor
2709627,Solanum dulcamara,OpenWetPoor
2709629,Solanum dulcamara,OpenWetPoor
2709647,Solanum dulcamara,OpenWetPoor
2709649,Solanum dulcamara,OpenWetPoor
2710438,Solanum dulcamara,OpenWetPoor
2710439,Solanum dulcamara,OpenWetPoor
2710441,Solanum dulcamara,OpenWetPoor
2710443,Solanum dulcamara,OpenWetPoor
2710445,Solanum dulcamara,OpenWetPoor
2710446,Solanum dulcamara,OpenWetPoor
2710459,Solanum dulcamara,OpenWetPoor
2710540,Solanum dulcamara,OpenWetPoor
2710541,Solanum dulcamara,OpenWetPoor
2710542,Solanum dulcamara,OpenWetPoor
2710543,Solanum dulcamara,OpenWetPoor
2710546,Solanum dulcamara,OpenWetPoor
2710547,Solanum dulcamara,OpenWetPoor
2710548,Solanum dulcamara,OpenWetPoor
2710549,Solanum dulcamara,OpenWetPoor
2710633,Solanum dulcamara,OpenWetPoor
2710644,Solanum dulcamara,OpenWetPoor
2710645,Solanum dulcamara,OpenWetPoor
2710786,Solanum dulcamara,OpenWetPoor
2710861,Solanum dulcamara,OpenWetPoor
2712297,Solanum dulcamara,OpenWetPoor
2712740,Solanum dulcamara,OpenWetPoor
2712746,Solanum dulcamara,OpenWetPoor
2712747,Solanum dulcamara,OpenWetPoor
2712760,Solanum dulcamara,OpenWetPoor
2712840,Solanum dulcamara,OpenWetPoor
2712843,Solanum dulcamara,OpenWetPoor
2712846,Solanum dulcamara,OpenWetPoor
2712847,Solanum dulcamara,OpenWetPoor
2712945,Solanum dulcamara,OpenWetPoor
2712946,Solanum dulcamara,OpenWetPoor
2713083,Solanum dulcamara,OpenWetPoor
2713086,Solanum dulcamara,OpenWetPoor
2714120,Solanum dulcamara,OpenWetPoor
2714284,Solanum dulcamara,OpenWetPoor
2714539,Solanum dulcamara,OpenWetPoor
2715041,Solanum dulcamara,OpenWetPoor
2715042,Solanum dulcamara,OpenWetPoor
2715045,Solanum dulcamara,OpenWetPoor
2715046,Solanum dulcamara,OpenWetPoor
2715047,Solanum dulcamara,OpenWetPoor
2715048,Solanum dulcamara,OpenWetPoor
2715281,Solanum dulcamara,OpenWetPoor
2715384,Solanum dulcamara,OpenWetPoor
2716512,Solanum dulcamara,OpenWetPoor
2716514,Solanum dulcamara,OpenWetPoor
2716515,Solanum dulcamara,OpenWetPoor
2717341,Solanum dulcamara,OpenWetPoor
2717342,Solanum dulcamara,OpenWetPoor
2717343,Solanum dulcamara,OpenWetPoor
2717346,Solanum dulcamara,OpenWetPoor
2717347,Solanum dulcamara,OpenWetPoor
2717348,Solanum dulcamara,OpenWetPoor
2718810,Solanum dulcamara,OpenWetPoor
2718811,Solanum dulcamara,OpenWetPoor
2718814,Solanum dulcamara,OpenWetPoor
2719084,Solanum dulcamara,OpenWetPoor
2719607,Solanum dulcamara,OpenWetPoor
2719608,Solanum dulcamara,OpenWetPoor
2719609,Solanum dulcamara,OpenWetPoor
2719642,Solanum dulcamara,OpenWetPoor
2719643,Solanum dulcamara,OpenWetPoor
2719644,Solanum dulcamara,OpenWetPoor
2719647,Solanum dulcamara,OpenWetPoor
2719648,Solanum dulcamara,OpenWetPoor
2721001,Solanum dulcamara,OpenWetPoor
2721382,Solanum dulcamara,OpenWetPoor
2721383,Solanum dulcamara,OpenWetPoor
2721907,Solanum dulcamara,OpenWetPoor
2721908,Solanum dulcamara,OpenWetPoor
2721909,Solanum dulcamara,OpenWetPoor
2721943,Solanum dulcamara,OpenWetPoor
2721944,Solanum dulcamara,OpenWetPoor
2721963,Solanum dulcamara,OpenWetPoor
2722001,Solanum dulcamara,OpenWetPoor
2722002,Solanum dulcamara,OpenWetPoor
2722003,Solanum dulcamara,OpenWetPoor
2722004,Solanum dulcamara,OpenWetPoor
2722179,Solanum dulcamara,OpenWetPoor
2722284,Solanum dulcamara,OpenWetPoor
2723300,Solanum dulcamara,OpenWetPoor
2723301,Solanum dulcamara,OpenWetPoor
2723302,Solanum dulcamara,OpenWetPoor
2723303,Solanum dulcamara,OpenWetPoor
2723397,Solanum dulcamara,OpenWetPoor
2723790,Solanum dulcamara,OpenWetPoor
2724208,Solanum dulcamara,OpenWetPoor
2724209,Solanum dulcamara,OpenWetPoor
2724210,Solanum dulcamara,OpenWetPoor
2724302,Solanum dulcamara,OpenWetPoor
2724303,Solanum dulcamara,OpenWetPoor
2724304,Solanum dulcamara,OpenWetPoor
2725602,Solanum dulcamara,OpenWetPoor
2725604,Solanum dulcamara,OpenWetPoor
2725615,Solanum dulcamara,OpenWetPoor
2725616,Solanum dulcamara,OpenWetPoor
2725619,Solanum dulcamara,OpenWetPoor
2725696,Solanum dulcamara,OpenWetPoor
2725697,Solanum dulcamara,OpenWetPoor
2726089,Solanum dulcamara,OpenWetPoor
2726090,Solanum dulcamara,OpenWetPoor
2726505,Solanum dulcamara,OpenWetPoor
2726508,Solanum dulcamara,OpenWetPoor
2726580,Solanum dulcamara,OpenWetPoor
2726604,Solanum dulcamara,OpenWetPoor
2726605,Solanum dulcamara,OpenWetPoor
2726606,Solanum dulcamara,OpenWetPoor
2726776,Solanum dulcamara,OpenWetPoor
2726777,Solanum dulcamara,OpenWetPoor
2726779,Solanum dulcamara,OpenWetPoor
2727903,Solanum dulcamara,OpenWetPoor
2727904,Solanum dulcamara,OpenWetPoor
2727928,Solanum dulcamara,OpenWetPoor
2727996,Solanum dulcamara,OpenWetPoor
2727997,Solanum dulcamara,OpenWetPoor
2728743,Solanum dulcamara,OpenWetPoor
2728806,Solanum dulcamara,OpenWetPoor
2728807,Solanum dulcamara,OpenWetPoor
2728808,Solanum dulcamara,OpenWetPoor
2728809,Solanum dulcamara,OpenWetPoor
2728810,Solanum dulcamara,OpenWetPoor
2728811,Solanum dulcamara,OpenWetPoor
2728861,Solanum dulcamara,OpenWetPoor
2728862,Solanum dulcamara,OpenWetPoor
2728880,Solanum dulcamara,OpenWetPoor
2728881,Solanum dulcamara,OpenWetPoor
2728902,Solanum dulcamara,OpenWetPoor
2728904,Solanum dulcamara,OpenWetPoor
2728905,Solanum dulcamara,OpenWetPoor
2728906,Solanum dulcamara,OpenWetPoor
2728907,Solanum dulcamara,OpenWetPoor
2730201,Solanum dulcamara,OpenWetPoor
2730202,Solanum dulcamara,OpenWetPoor
2730203,Solanum dulcamara,OpenWetPoor
2730227,Solanum dulcamara,OpenWetPoor
2730548,Solanum dulcamara,OpenWetPoor
2730549,Solanum dulcamara,OpenWetPoor
2730550,Solanum dulcamara,OpenWetPoor
2730551,Solanum dulcamara,OpenWetPoor
2731105,Solanum dulcamara,OpenWetPoor
2731108,Solanum dulcamara,OpenWetPoor
2731109,Solanum dulcamara,OpenWetPoor
2731110,Solanum dulcamara,OpenWetPoor
2731111,Solanum dulcamara,OpenWetPoor
2731209,Solanum dulcamara,OpenWetPoor
2732497,Solanum dulcamara,OpenWetPoor
2732527,Solanum dulcamara,OpenWetPoor
2732528,Solanum dulcamara,OpenWetPoor
2732529,Solanum dulcamara,OpenWetPoor
2732530,Solanum dulcamara,OpenWetPoor
2732531,Solanum dulcamara,OpenWetPoor
2732847,Solanum dulcamara,OpenWetPoor
2732849,Solanum dulcamara,OpenWetPoor
2732850,Solanum dulcamara,OpenWetPoor
2732852,Solanum dulcamara,OpenWetPoor
2734795,Solanum dulcamara,OpenWetPoor
2734798,Solanum dulcamara,OpenWetPoor
2734829,Solanum dulcamara,OpenWetPoor
2734904,Solanum dulcamara,OpenWetPoor
2734905,Solanum dulcamara,OpenWetPoor
2735145,Solanum dulcamara,OpenWetPoor
2735146,Solanum dulcamara,OpenWetPoor
2735149,Solanum dulcamara,OpenWetPoor
2735809,Solanum dulcamara,OpenWetPoor
2736155,Solanum dulcamara,OpenWetPoor
2737096,Solanum dulcamara,OpenWetPoor
2737098,Solanum dulcamara,OpenWetPoor
2737099,Solanum dulcamara,OpenWetPoor
2737100,Solanum dulcamara,OpenWetPoor
2737101,Solanum dulcamara,OpenWetPoor
2737102,Solanum dulcamara,OpenWetPoor
2737110,Solanum dulcamara,OpenWetPoor
2737112,Solanum dulcamara,OpenWetPoor
2737113,Solanum dulcamara,OpenWetPoor
2737130,Solanum dulcamara,OpenWetPoor
2737204,Solanum dulcamara,OpenWetPoor
2737444,Solanum dulcamara,OpenWetPoor
2737445,Solanum dulcamara,OpenWetPoor
2738060,Solanum dulcamara,OpenWetPoor
2738061,Solanum dulcamara,OpenWetPoor
2738062,Solanum dulcamara,OpenWetPoor
2738115,Solanum dulcamara,OpenWetPoor
2738116,Solanum dulcamara,OpenWetPoor
2738455,Solanum dulcamara,OpenWetPoor
2739398,Solanum dulcamara,OpenWetPoor
2739399,Solanum dulcamara,OpenWetPoor
2739400,Solanum dulcamara,OpenWetPoor
2739401,Solanum dulcamara,OpenWetPoor
2739402,Solanum dulcamara,OpenWetPoor
2739409,Solanum dulcamara,OpenWetPoor
2739410,Solanum dulcamara,OpenWetPoor
2739411,Solanum dulcamara,OpenWetPoor
2739413,Solanum dulcamara,OpenWetPoor
2739504,Solanum dulcamara,OpenWetPoor
2739742,Solanum dulcamara,OpenWetPoor
2739744,Solanum dulcamara,OpenWetPoor
2739745,Solanum dulcamara,OpenWetPoor
2739746,Solanum dulcamara,OpenWetPoor
2740410,Solanum dulcamara,OpenWetPoor
2740416,Solanum dulcamara,OpenWetPoor
2740513,Solanum dulcamara,OpenWetPoor
2740514,Solanum dulcamara,OpenWetPoor
2740754,Solanum dulcamara,OpenWetPoor
2740755,Solanum dulcamara,OpenWetPoor
2741699,Solanum dulcamara,OpenWetPoor
2741700,Solanum dulcamara,OpenWetPoor
2741701,Solanum dulcamara,OpenWetPoor
2741702,Solanum dulcamara,OpenWetPoor
2741703,Solanum dulcamara,OpenWetPoor
2741711,Solanum dulcamara,OpenWetPoor
2741804,Solanum dulcamara,OpenWetPoor
2742016,Solanum dulcamara,OpenWetPoor
2742040,Solanum dulcamara,OpenWetPoor
2742041,Solanum dulcamara,OpenWetPoor
2742043,Solanum dulcamara,OpenWetPoor
2742714,Solanum dulcamara,OpenWetPoor
2742812,Solanum dulcamara,OpenWetPoor
2742814,Solanum dulcamara,OpenWetPoor
2743053,Solanum dulcamara,OpenWetPoor
2743054,Solanum dulcamara,OpenWetPoor
2743055,Solanum dulcamara,OpenWetPoor
2744001,Solanum dulcamara,OpenWetPoor
2744002,Solanum dulcamara,OpenWetPoor
2744103,Solanum dulcamara,OpenWetPoor
2744136,Solanum dulcamara,OpenWetPoor
2744137,Solanum dulcamara,OpenWetPoor
2744317,Solanum dulcamara,OpenWetPoor
2744335,Solanum dulcamara,OpenWetPoor
2744336,Solanum dulcamara,OpenWetPoor
2744341,Solanum dulcamara,OpenWetPoor
2744343,Solanum dulcamara,OpenWetPoor
2745112,Solanum dulcamara,OpenWetPoor
2745113,Solanum dulcamara,OpenWetPoor
2745114,Solanum dulcamara,OpenWetPoor
2745353,Solanum dulcamara,OpenWetPoor
2745354,Solanum dulcamara,OpenWetPoor
2746301,Solanum dulcamara,OpenWetPoor
2746635,Solanum dulcamara,OpenWetPoor
2746636,Solanum dulcamara,OpenWetPoor
2746637,Solanum dulcamara,OpenWetPoor
2746638,Solanum dulcamara,OpenWetPoor
2746640,Solanum dulcamara,OpenWetPoor
2747414,Solanum dulcamara,OpenWetPoor
2747474,Solanum dulcamara,OpenWetPoor
2747653,Solanum dulcamara,OpenWetPoor
2747654,Solanum dulcamara,OpenWetPoor
2747655,Solanum dulcamara,OpenWetPoor
2747656,Solanum dulcamara,OpenWetPoor
2747657,Solanum dulcamara,OpenWetPoor
2747658,Solanum dulcamara,OpenWetPoor
2748934,Solanum dulcamara,OpenWetPoor
2748938,Solanum dulcamara,OpenWetPoor
2748939,Solanum dulcamara,OpenWetPoor
2748941,Solanum dulcamara,OpenWetPoor
2749575,Solanum dulcamara,OpenWetPoor
2749773,Solanum dulcamara,OpenWetPoor
2749944,Solanum dulcamara,OpenWetPoor
2749954,Solanum dulcamara,OpenWetPoor
2749955,Solanum dulcamara,OpenWetPoor
2749956,Solanum dulcamara,OpenWetPoor
2749957,Solanum dulcamara,OpenWetPoor
2749958,Solanum dulcamara,OpenWetPoor
2749959,Solanum dulcamara,OpenWetPoor
2750917,Solanum dulcamara,OpenWetPoor
2750918,Solanum dulcamara,OpenWetPoor
2750919,Solanum dulcamara,OpenWetPoor
2751223,Solanum dulcamara,OpenWetPoor
2751233,Solanum dulcamara,OpenWetPoor
2751234,Solanum dulcamara,OpenWetPoor
2751235,Solanum dulcamara,OpenWetPoor
2751873,Solanum dulcamara,OpenWetPoor
2751878,Solanum dulcamara,OpenWetPoor
2752243,Solanum dulcamara,OpenWetPoor
2752253,Solanum dulcamara,OpenWetPoor
2752254,Solanum dulcamara,OpenWetPoor
2752255,Solanum dulcamara,OpenWetPoor
2752256,Solanum dulcamara,OpenWetPoor
2752258,Solanum dulcamara,OpenWetPoor
2752259,Solanum dulcamara,OpenWetPoor
2753215,Solanum dulcamara,OpenWetPoor
2753216,Solanum dulcamara,OpenWetPoor
2753217,Solanum dulcamara,OpenWetPoor
2753218,Solanum dulcamara,OpenWetPoor
2753220,Solanum dulcamara,OpenWetPoor
2753514,Solanum dulcamara,OpenWetPoor
2753525,Solanum dulcamara,OpenWetPoor
2753530,Solanum dulcamara,OpenWetPoor
2753531,Solanum dulcamara,OpenWetPoor
2753532,Solanum dulcamara,OpenWetPoor
2753533,Solanum dulcamara,OpenWetPoor
2753620,Solanum dulcamara,OpenWetPoor
2754172,Solanum dulcamara,OpenWetPoor
2754554,Solanum dulcamara,OpenWetPoor
2754555,Solanum dulcamara,OpenWetPoor
2754556,Solanum dulcamara,OpenWetPoor
2754557,Solanum dulcamara,OpenWetPoor
2754558,Solanum dulcamara,OpenWetPoor
2754559,Solanum dulcamara,OpenWetPoor
2755516,Solanum dulcamara,OpenWetPoor
2755517,Solanum dulcamara,OpenWetPoor
2755519,Solanum dulcamara,OpenWetPoor
2755520,Solanum dulcamara,OpenWetPoor
2755815,Solanum dulcamara,OpenWetPoor
2755824,Solanum dulcamara,OpenWetPoor
2755920,Solanum dulcamara,OpenWetPoor
2755921,Solanum dulcamara,OpenWetPoor
2756470,Solanum dulcamara,OpenWetPoor
2756476,Solanum dulcamara,OpenWetPoor
2756477,Solanum dulcamara,OpenWetPoor
2756854,Solanum dulcamara,OpenWetPoor
2756855,Solanum dulcamara,OpenWetPoor
2756856,Solanum dulcamara,OpenWetPoor
2756857,Solanum dulcamara,OpenWetPoor
2756858,Solanum dulcamara,OpenWetPoor
2757818,Solanum dulcamara,OpenWetPoor
2757819,Solanum dulcamara,OpenWetPoor
2758124,Solanum dulcamara,OpenWetPoor
2758132,Solanum dulcamara,OpenWetPoor
2758222,Solanum dulcamara,OpenWetPoor
2758223,Solanum dulcamara,OpenWetPoor
2758769,Solanum dulcamara,OpenWetPoor
2758770,Solanum dulcamara,OpenWetPoor
2758771,Solanum dulcamara,OpenWetPoor
2758781,Solanum dulcamara,OpenWetPoor
2759154,Solanum dulcamara,OpenWetPoor
2759155,Solanum dulcamara,OpenWetPoor
2759156,Solanum dulcamara,OpenWetPoor
2759157,Solanum dulcamara,OpenWetPoor
2759158,Solanum dulcamara,OpenWetPoor
2760423,Solanum dulcamara,OpenWetPoor
2760432,Solanum dulcamara,OpenWetPoor
2760522,Solanum dulcamara,OpenWetPoor
2760523,Solanum dulcamara,OpenWetPoor
2761068,Solanum dulcamara,OpenWetPoor
2761069,Solanum dulcamara,OpenWetPoor
2761070,Solanum dulcamara,OpenWetPoor
2761071,Solanum dulcamara,OpenWetPoor
2761455,Solanum dulcamara,OpenWetPoor
2761456,Solanum dulcamara,OpenWetPoor
2761457,Solanum dulcamara,OpenWetPoor
2762720,Solanum dulcamara,OpenWetPoor
2762721,Solanum dulcamara,OpenWetPoor
2762722,Solanum dulcamara,OpenWetPoor
2762723,Solanum dulcamara,OpenWetPoor
2762726,Solanum dulcamara,OpenWetPoor
2762727,Solanum dulcamara,OpenWetPoor
2762731,Solanum dulcamara,OpenWetPoor
2762822,Solanum dulcamara,OpenWetPoor
2762823,Solanum dulcamara,OpenWetPoor
2763369,Solanum dulcamara,OpenWetPoor
2763370,Solanum dulcamara,OpenWetPoor
2763371,Solanum dulcamara,OpenWetPoor
2763372,Solanum dulcamara,OpenWetPoor
2763527,Solanum dulcamara,OpenWetPoor
2765020,Solanum dulcamara,OpenWetPoor
2765021,Solanum dulcamara,OpenWetPoor
2765022,Solanum dulcamara,OpenWetPoor
2765025,Solanum dulcamara,OpenWetPoor
2765026,Solanum dulcamara,OpenWetPoor
2765123,Solanum dulcamara,OpenWetPoor
2765668,Solanum dulcamara,OpenWetPoor
2765669,Solanum dulcamara,OpenWetPoor
2765671,Solanum dulcamara,OpenWetPoor
2765673,Solanum dulcamara,OpenWetPoor
2765680,Solanum dulcamara,OpenWetPoor
2765870,Solanum dulcamara,OpenWetPoor
2765986,Solanum dulcamara,OpenWetPoor
2767320,Solanum dulcamara,OpenWetPoor
2767322,Solanum dulcamara,OpenWetPoor
2767324,Solanum dulcamara,OpenWetPoor
2767325,Solanum dulcamara,OpenWetPoor
2767327,Solanum dulcamara,OpenWetPoor
2767328,Solanum dulcamara,OpenWetPoor
2767329,Solanum dulcamara,OpenWetPoor
2767968,Solanum dulcamara,OpenWetPoor
2767969,Solanum dulcamara,OpenWetPoor
2767970,Solanum dulcamara,OpenWetPoor
2767971,Solanum dulcamara,OpenWetPoor
2768170,Solanum dulcamara,OpenWetPoor
2768286,Solanum dulcamara,OpenWetPoor
2769620,Solanum dulcamara,OpenWetPoor
2769621,Solanum dulcamara,OpenWetPoor
2769624,Solanum dulcamara,OpenWetPoor
2769625,Solanum dulcamara,OpenWetPoor
2769626,Solanum dulcamara,OpenWetPoor
2769627,Solanum dulcamara,OpenWetPoor
2770267,Solanum dulcamara,OpenWetPoor
2770269,Solanum dulcamara,OpenWetPoor
2770270,Solanum dulcamara,OpenWetPoor
2771754,Solanum dulcamara,OpenWetPoor
2771755,Solanum dulcamara,OpenWetPoor
2771920,Solanum dulcamara,OpenWetPoor
2771921,Solanum dulcamara,OpenWetPoor
2771925,Solanum dulcamara,OpenWetPoor
2772569,Solanum dulcamara,OpenWetPoor
2772571,Solanum dulcamara,OpenWetPoor
2772769,Solanum dulcamara,OpenWetPoor
2774218,Solanum dulcamara,OpenWetPoor
2774867,Solanum dulcamara,OpenWetPoor
2774870,Solanum dulcamara,OpenWetPoor
2774873,Solanum dulcamara,OpenWetPoor
2774874,Solanum dulcamara,OpenWetPoor
2774881,Solanum dulcamara,OpenWetPoor
2775068,Solanum dulcamara,OpenWetPoor
2775069,Solanum dulcamara,OpenWetPoor
2776357,Solanum dulcamara,OpenWetPoor
2776358,Solanum dulcamara,OpenWetPoor
2776518,Solanum dulcamara,OpenWetPoor
2776520,Solanum dulcamara,OpenWetPoor
2777166,Solanum dulcamara,OpenWetPoor
2777170,Solanum dulcamara,OpenWetPoor
2777171,Solanum dulcamara,OpenWetPoor
2777173,Solanum dulcamara,OpenWetPoor
2777174,Solanum dulcamara,OpenWetPoor
2778819,Solanum dulcamara,OpenWetPoor
2778820,Solanum dulcamara,OpenWetPoor
2778821,Solanum dulcamara,OpenWetPoor
2779469,Solanum dulcamara,OpenWetPoor
2779470,Solanum dulcamara,OpenWetPoor
2779471,Solanum dulcamara,OpenWetPoor
2779473,Solanum dulcamara,OpenWetPoor
2779858,Solanum dulcamara,OpenWetPoor
2779861,Solanum dulcamara,OpenWetPoor
2779862,Solanum dulcamara,OpenWetPoor
2780882,Solanum dulcamara,OpenWetPoor
2780883,Solanum dulcamara,OpenWetPoor
2780884,Solanum dulcamara,OpenWetPoor
2781116,Solanum dulcamara,OpenWetPoor
2781117,Solanum dulcamara,OpenWetPoor
2781118,Solanum dulcamara,OpenWetPoor
2781121,Solanum dulcamara,OpenWetPoor
2781769,Solanum dulcamara,OpenWetPoor
2781770,Solanum dulcamara,OpenWetPoor
2781771,Solanum dulcamara,OpenWetPoor
2782161,Solanum dulcamara,OpenWetPoor
2783063,Solanum dulcamara,OpenWetPoor
2783115,Solanum dulcamara,OpenWetPoor
2783181,Solanum dulcamara,OpenWetPoor
2783182,Solanum dulcamara,OpenWetPoor
2783183,Solanum dulcamara,OpenWetPoor
2783184,Solanum dulcamara,OpenWetPoor
2783185,Solanum dulcamara,OpenWetPoor
2783417,Solanum dulcamara,OpenWetPoor
2783418,Solanum dulcamara,OpenWetPoor
2783705,Solanum dulcamara,OpenWetPoor
2784065,Solanum dulcamara,OpenWetPoor
2784069,Solanum dulcamara,OpenWetPoor
2784071,Solanum dulcamara,OpenWetPoor
2784073,Solanum dulcamara,OpenWetPoor
2784284,Solanum dulcamara,OpenWetPoor
2785412,Solanum dulcamara,OpenWetPoor
2785413,Solanum dulcamara,OpenWetPoor
2785414,Solanum dulcamara,OpenWetPoor
2785480,Solanum dulcamara,OpenWetPoor
2785483,Solanum dulcamara,OpenWetPoor
2785718,Solanum dulcamara,OpenWetPoor
2785862,Solanum dulcamara,OpenWetPoor
2785863,Solanum dulcamara,OpenWetPoor
2785864,Solanum dulcamara,OpenWetPoor
2786364,Solanum dulcamara,OpenWetPoor
2786366,Solanum dulcamara,OpenWetPoor
2786368,Solanum dulcamara,OpenWetPoor
2786369,Solanum dulcamara,OpenWetPoor
2786370,Solanum dulcamara,OpenWetPoor
2787662,Solanum dulcamara,OpenWetPoor
2787710,Solanum dulcamara,OpenWetPoor
2787713,Solanum dulcamara,OpenWetPoor
2787756,Solanum dulcamara,OpenWetPoor
2787780,Solanum dulcamara,OpenWetPoor
2787783,Solanum dulcamara,OpenWetPoor
2788018,Solanum dulcamara,OpenWetPoor
2788163,Solanum dulcamara,OpenWetPoor
2788664,Solanum dulcamara,OpenWetPoor
2788669,Solanum dulcamara,OpenWetPoor
2788670,Solanum dulcamara,OpenWetPoor
2788671,Solanum dulcamara,OpenWetPoor
2788976,Solanum dulcamara,OpenWetPoor
2790055,Solanum dulcamara,OpenWetPoor
2790078,Solanum dulcamara,OpenWetPoor
2790079,Solanum dulcamara,OpenWetPoor
2790080,Solanum dulcamara,OpenWetPoor
2790082,Solanum dulcamara,OpenWetPoor
2790462,Solanum dulcamara,OpenWetPoor
2790967,Solanum dulcamara,OpenWetPoor
2790968,Solanum dulcamara,OpenWetPoor
2790969,Solanum dulcamara,OpenWetPoor
2790970,Solanum dulcamara,OpenWetPoor
2790971,Solanum dulcamara,OpenWetPoor
2792356,Solanum dulcamara,OpenWetPoor
2792378,Solanum dulcamara,OpenWetPoor
2792379,Solanum dulcamara,OpenWetPoor
2793260,Solanum dulcamara,OpenWetPoor
2793262,Solanum dulcamara,OpenWetPoor
2793266,Solanum dulcamara,OpenWetPoor
2793267,Solanum dulcamara,OpenWetPoor
2793269,Solanum dulcamara,OpenWetPoor
2793270,Solanum dulcamara,OpenWetPoor
2793399,Solanum dulcamara,OpenWetPoor
2793400,Solanum dulcamara,OpenWetPoor
2794654,Solanum dulcamara,OpenWetPoor
2794655,Solanum dulcamara,OpenWetPoor
2794656,Solanum dulcamara,OpenWetPoor
2794657,Solanum dulcamara,OpenWetPoor
2794658,Solanum dulcamara,OpenWetPoor
2794676,Solanum dulcamara,OpenWetPoor
2794677,Solanum dulcamara,OpenWetPoor
2794678,Solanum dulcamara,OpenWetPoor
2795068,Solanum dulcamara,OpenWetPoor
2795069,Solanum dulcamara,OpenWetPoor
2795564,Solanum dulcamara,OpenWetPoor
2795566,Solanum dulcamara,OpenWetPoor
2795567,Solanum dulcamara,OpenWetPoor
2795568,Solanum dulcamara,OpenWetPoor
2795569,Solanum dulcamara,OpenWetPoor
2795629,Solanum dulcamara,OpenWetPoor
2795700,Solanum dulcamara,OpenWetPoor
2796955,Solanum dulcamara,OpenWetPoor
2796956,Solanum dulcamara,OpenWetPoor
2796957,Solanum dulcamara,OpenWetPoor
2796958,Solanum dulcamara,OpenWetPoor
2796976,Solanum dulcamara,OpenWetPoor
2797368,Solanum dulcamara,OpenWetPoor
2797369,Solanum dulcamara,OpenWetPoor
2797861,Solanum dulcamara,OpenWetPoor
2797863,Solanum dulcamara,OpenWetPoor
2797867,Solanum dulcamara,OpenWetPoor
2797868,Solanum dulcamara,OpenWetPoor
2797869,Solanum dulcamara,OpenWetPoor
2797871,Solanum dulcamara,OpenWetPoor
2799275,Solanum dulcamara,OpenWetPoor
2799276,Solanum dulcamara,OpenWetPoor
2799669,Solanum dulcamara,OpenWetPoor
2800161,Solanum dulcamara,OpenWetPoor
2800163,Solanum dulcamara,OpenWetPoor
2800164,Solanum dulcamara,OpenWetPoor
2800165,Solanum dulcamara,OpenWetPoor
2800168,Solanum dulcamara,OpenWetPoor
2800187,Solanum dulcamara,OpenWetPoor
2800227,Solanum dulcamara,OpenWetPoor
2800228,Solanum dulcamara,OpenWetPoor
2801544,Solanum dulcamara,OpenWetPoor
2801546,Solanum dulcamara,OpenWetPoor
2801551,Solanum dulcamara,OpenWetPoor
2801575,Solanum dulcamara,OpenWetPoor
2801964,Solanum dulcamara,OpenWetPoor
2801965,Solanum dulcamara,OpenWetPoor
2801967,Solanum dulcamara,OpenWetPoor
2801968,Solanum dulcamara,OpenWetPoor
2802462,Solanum dulcamara,OpenWetPoor
2802463,Solanum dulcamara,OpenWetPoor
2802464,Solanum dulcamara,OpenWetPoor
2802465,Solanum dulcamara,OpenWetPoor
2802468,Solanum dulcamara,OpenWetPoor
2802469,Solanum dulcamara,OpenWetPoor
2802487,Solanum dulcamara,OpenWetPoor
2802526,Solanum dulcamara,OpenWetPoor
2802527,Solanum dulcamara,OpenWetPoor
2802529,Solanum dulcamara,OpenWetPoor
2803843,Solanum dulcamara,OpenWetPoor
2803844,Solanum dulcamara,OpenWetPoor
2803845,Solanum dulcamara,OpenWetPoor
2803849,Solanum dulcamara,OpenWetPoor
2803850,Solanum dulcamara,OpenWetPoor
2803851,Solanum dulcamara,OpenWetPoor
2803852,Solanum dulcamara,OpenWetPoor
2804264,Solanum dulcamara,OpenWetPoor
2804265,Solanum dulcamara,OpenWetPoor
2804761,Solanum dulcamara,OpenWetPoor
2804762,Solanum dulcamara,OpenWetPoor
2804763,Solanum dulcamara,OpenWetPoor
2804764,Solanum dulcamara,OpenWetPoor
2804766,Solanum dulcamara,OpenWetPoor
2806133,Solanum dulcamara,OpenWetPoor
2806134,Solanum dulcamara,OpenWetPoor
2806143,Solanum dulcamara,OpenWetPoor
2806144,Solanum dulcamara,OpenWetPoor
2806145,Solanum dulcamara,OpenWetPoor
2806147,Solanum dulcamara,OpenWetPoor
2806148,Solanum dulcamara,OpenWetPoor
2806149,Solanum dulcamara,OpenWetPoor
2806151,Solanum dulcamara,OpenWetPoor
2806152,Solanum dulcamara,OpenWetPoor
2806153,Solanum dulcamara,OpenWetPoor
2806154,Solanum dulcamara,OpenWetPoor
2806155,Solanum dulcamara,OpenWetPoor
2806156,Solanum dulcamara,OpenWetPoor
2807062,Solanum dulcamara,OpenWetPoor
2807063,Solanum dulcamara,OpenWetPoor
2807064,Solanum dulcamara,OpenWetPoor
2807065,Solanum dulcamara,OpenWetPoor
2808409,Solanum dulcamara,OpenWetPoor
2808431,Solanum dulcamara,OpenWetPoor
2808434,Solanum dulcamara,OpenWetPoor
2808443,Solanum dulcamara,OpenWetPoor
2808444,Solanum dulcamara,OpenWetPoor
2808445,Solanum dulcamara,OpenWetPoor
2808446,Solanum dulcamara,OpenWetPoor
2808452,Solanum dulcamara,OpenWetPoor
2808455,Solanum dulcamara,OpenWetPoor
2808456,Solanum dulcamara,OpenWetPoor
2808462,Solanum dulcamara,OpenWetPoor
2808464,Solanum dulcamara,OpenWetPoor
2808866,Solanum dulcamara,OpenWetPoor
2809360,Solanum dulcamara,OpenWetPoor
2809361,Solanum dulcamara,OpenWetPoor
2809362,Solanum dulcamara,OpenWetPoor
2809365,Solanum dulcamara,OpenWetPoor
2809445,Solanum dulcamara,OpenWetPoor
2809572,Solanum dulcamara,OpenWetPoor
2809757,Solanum dulcamara,OpenWetPoor
2810660,Solanum dulcamara,OpenWetPoor
2810661,Solanum dulcamara,OpenWetPoor
2810662,Solanum dulcamara,OpenWetPoor
2810694,Solanum dulcamara,OpenWetPoor
2810696,Solanum dulcamara,OpenWetPoor
2810709,Solanum dulcamara,OpenWetPoor
2810710,Solanum dulcamara,OpenWetPoor
2810728,Solanum dulcamara,OpenWetPoor
2810729,Solanum dulcamara,OpenWetPoor
2810730,Solanum dulcamara,OpenWetPoor
2810731,Solanum dulcamara,OpenWetPoor
2810749,Solanum dulcamara,OpenWetPoor
2810750,Solanum dulcamara,OpenWetPoor
2810751,Solanum dulcamara,OpenWetPoor
2810754,Solanum dulcamara,OpenWetPoor
2810755,Solanum dulcamara,OpenWetPoor
2810756,Solanum dulcamara,OpenWetPoor
2810758,Solanum dulcamara,OpenWetPoor
2810761,Solanum dulcamara,OpenWetPoor
2810762,Solanum dulcamara,OpenWetPoor
2810763,Solanum dulcamara,OpenWetPoor
2810764,Solanum dulcamara,OpenWetPoor
2811661,Solanum dulcamara,OpenWetPoor
2811662,Solanum dulcamara,OpenWetPoor
2811663,Solanum dulcamara,OpenWetPoor
2811664,Solanum dulcamara,OpenWetPoor
2811665,Solanum dulcamara,OpenWetPoor
2811666,Solanum dulcamara,OpenWetPoor
2811736,Solanum dulcamara,OpenWetPoor
2811740,Solanum dulcamara,OpenWetPoor
2811744,Solanum dulcamara,OpenWetPoor
2811745,Solanum dulcamara,OpenWetPoor
2811746,Solanum dulcamara,OpenWetPoor
2811872,Solanum dulcamara,OpenWetPoor
2812057,Solanum dulcamara,OpenWetPoor
2812961,Solanum dulcamara,OpenWetPoor
2812962,Solanum dulcamara,OpenWetPoor
2812993,Solanum dulcamara,OpenWetPoor
2812994,Solanum dulcamara,OpenWetPoor
2812995,Solanum dulcamara,OpenWetPoor
2812997,Solanum dulcamara,OpenWetPoor
2812998,Solanum dulcamara,OpenWetPoor
2812999,Solanum dulcamara,OpenWetPoor
2813010,Solanum dulcamara,OpenWetPoor
2813012,Solanum dulcamara,OpenWetPoor
2813026,Solanum dulcamara,OpenWetPoor
2813027,Solanum dulcamara,OpenWetPoor
2813053,Solanum dulcamara,OpenWetPoor
2813054,Solanum dulcamara,OpenWetPoor
2813055,Solanum dulcamara,OpenWetPoor
2813056,Solanum dulcamara,OpenWetPoor
2813057,Solanum dulcamara,OpenWetPoor
2813058,Solanum dulcamara,OpenWetPoor
2813061,Solanum dulcamara,OpenWetPoor
2813062,Solanum dulcamara,OpenWetPoor
2813065,Solanum dulcamara,OpenWetPoor
2814034,Solanum dulcamara,OpenWetPoor
2814035,Solanum dulcamara,OpenWetPoor
2814036,Solanum dulcamara,OpenWetPoor
2814037,Solanum dulcamara,OpenWetPoor
2814040,Solanum dulcamara,OpenWetPoor
2814041,Solanum dulcamara,OpenWetPoor
2814042,Solanum dulcamara,OpenWetPoor
2814045,Solanum dulcamara,OpenWetPoor
2814046,Solanum dulcamara,OpenWetPoor
2814171,Solanum dulcamara,OpenWetPoor
2814172,Solanum dulcamara,OpenWetPoor
2815293,Solanum dulcamara,OpenWetPoor
2815302,Solanum dulcamara,OpenWetPoor
2815308,Solanum dulcamara,OpenWetPoor
2815312,Solanum dulcamara,OpenWetPoor
2815325,Solanum dulcamara,OpenWetPoor
2815326,Solanum dulcamara,OpenWetPoor
2815329,Solanum dulcamara,OpenWetPoor
2815354,Solanum dulcamara,OpenWetPoor
2815355,Solanum dulcamara,OpenWetPoor
2815356,Solanum dulcamara,OpenWetPoor
2815357,Solanum dulcamara,OpenWetPoor
2815363,Solanum dulcamara,OpenWetPoor
2815364,Solanum dulcamara,OpenWetPoor
2816334,Solanum dulcamara,OpenWetPoor
2816335,Solanum dulcamara,OpenWetPoor
2816336,Solanum dulcamara,OpenWetPoor
2816337,Solanum dulcamara,OpenWetPoor
2816338,Solanum dulcamara,OpenWetPoor
2816340,Solanum dulcamara,OpenWetPoor
2816341,Solanum dulcamara,OpenWetPoor
2816343,Solanum dulcamara,OpenWetPoor
2816345,Solanum dulcamara,OpenWetPoor
2817592,Solanum dulcamara,OpenWetPoor
2817593,Solanum dulcamara,OpenWetPoor
2817598,Solanum dulcamara,OpenWetPoor
2817602,Solanum dulcamara,OpenWetPoor
2817608,Solanum dulcamara,OpenWetPoor
2817610,Solanum dulcamara,OpenWetPoor
2817611,Solanum dulcamara,OpenWetPoor
2817612,Solanum dulcamara,OpenWetPoor
2817627,Solanum dulcamara,OpenWetPoor
2817628,Solanum dulcamara,OpenWetPoor
2817629,Solanum dulcamara,OpenWetPoor
2817740,Solanum dulcamara,OpenWetPoor
2818635,Solanum dulcamara,OpenWetPoor
2818637,Solanum dulcamara,OpenWetPoor
2818641,Solanum dulcamara,OpenWetPoor
2818642,Solanum dulcamara,OpenWetPoor
2818644,Solanum dulcamara,OpenWetPoor
2818645,Solanum dulcamara,OpenWetPoor
2818646,Solanum dulcamara,OpenWetPoor
2818773,Solanum dulcamara,OpenWetPoor
2819908,Solanum dulcamara,OpenWetPoor
2819909,Solanum dulcamara,OpenWetPoor
2819910,Solanum dulcamara,OpenWetPoor
2819926,Solanum dulcamara,OpenWetPoor
2820036,Solanum dulcamara,OpenWetPoor
2820038,Solanum dulcamara,OpenWetPoor
2820039,Solanum dulcamara,OpenWetPoor
2820935,Solanum dulcamara,OpenWetPoor
2820937,Solanum dulcamara,OpenWetPoor
2821073,Solanum dulcamara,OpenWetPoor
2822193,Solanum dulcamara,OpenWetPoor
2822209,Solanum dulcamara,OpenWetPoor
2822223,Solanum dulcamara,OpenWetPoor
2822224,Solanum dulcamara,OpenWetPoor
2822226,Solanum dulcamara,OpenWetPoor
2822335,Solanum dulcamara,OpenWetPoor
2822336,Solanum dulcamara,OpenWetPoor
2822337,Solanum dulcamara,OpenWetPoor
2822340,Solanum dulcamara,OpenWetPoor
2822341,Solanum dulcamara,OpenWetPoor
2822649,Solanum dulcamara,OpenWetPoor
2822650,Solanum dulcamara,OpenWetPoor
2823200,Solanum dulcamara,OpenWetPoor
2823201,Solanum dulcamara,OpenWetPoor
2823223,Solanum dulcamara,OpenWetPoor
2823224,Solanum dulcamara,OpenWetPoor
2823225,Solanum dulcamara,OpenWetPoor
2823226,Solanum dulcamara,OpenWetPoor
2824494,Solanum dulcamara,OpenWetPoor
2824523,Solanum dulcamara,OpenWetPoor
2824640,Solanum dulcamara,OpenWetPoor
2824643,Solanum dulcamara,OpenWetPoor
2824948,Solanum dulcamara,OpenWetPoor
2824949,Solanum dulcamara,OpenWetPoor
2824951,Solanum dulcamara,OpenWetPoor
2825501,Solanum dulcamara,OpenWetPoor
2825502,Solanum dulcamara,OpenWetPoor
2825520,Solanum dulcamara,OpenWetPoor
2825521,Solanum dulcamara,OpenWetPoor
2825522,Solanum dulcamara,OpenWetPoor
2825523,Solanum dulcamara,OpenWetPoor
2825526,Solanum dulcamara,OpenWetPoor
2825538,Solanum dulcamara,OpenWetPoor
2825539,Solanum dulcamara,OpenWetPoor
2825540,Solanum dulcamara,OpenWetPoor
2827746,Solanum dulcamara,OpenWetPoor
2827799,Solanum dulcamara,OpenWetPoor
2827800,Solanum dulcamara,OpenWetPoor
2827801,Solanum dulcamara,OpenWetPoor
2827802,Solanum dulcamara,OpenWetPoor
2827803,Solanum dulcamara,OpenWetPoor
2827819,Solanum dulcamara,OpenWetPoor
2827820,Solanum dulcamara,OpenWetPoor
2827821,Solanum dulcamara,OpenWetPoor
2827822,Solanum dulcamara,OpenWetPoor
2827823,Solanum dulcamara,OpenWetPoor
2827824,Solanum dulcamara,OpenWetPoor
2827826,Solanum dulcamara,OpenWetPoor
2827827,Solanum dulcamara,OpenWetPoor
2827829,Solanum dulcamara,OpenWetPoor
2827834,Solanum dulcamara,OpenWetPoor
2827840,Solanum dulcamara,OpenWetPoor
2827841,Solanum dulcamara,OpenWetPoor
2829094,Solanum dulcamara,OpenWetPoor
2829095,Solanum dulcamara,OpenWetPoor
2829096,Solanum dulcamara,OpenWetPoor
2829229,Solanum dulcamara,OpenWetPoor
2829244,Solanum dulcamara,OpenWetPoor
2830099,Solanum dulcamara,OpenWetPoor
2830100,Solanum dulcamara,OpenWetPoor
2830101,Solanum dulcamara,OpenWetPoor
2830103,Solanum dulcamara,OpenWetPoor
2830119,Solanum dulcamara,OpenWetPoor
2830120,Solanum dulcamara,OpenWetPoor
2830121,Solanum dulcamara,OpenWetPoor
2830122,Solanum dulcamara,OpenWetPoor
2830123,Solanum dulcamara,OpenWetPoor
2830126,Solanum dulcamara,OpenWetPoor
2830127,Solanum dulcamara,OpenWetPoor
2830128,Solanum dulcamara,OpenWetPoor
2830129,Solanum dulcamara,OpenWetPoor
2830130,Solanum dulcamara,OpenWetPoor
2830131,Solanum dulcamara,OpenWetPoor
2830133,Solanum dulcamara,OpenWetPoor
2830141,Solanum dulcamara,OpenWetPoor
2830147,Solanum dulcamara,OpenWetPoor
2830148,Solanum dulcamara,OpenWetPoor
2830354,Solanum dulcamara,OpenWetPoor
2831396,Solanum dulcamara,OpenWetPoor
2831448,Solanum dulcamara,OpenWetPoor
2831449,Solanum dulcamara,OpenWetPoor
2831451,Solanum dulcamara,OpenWetPoor
2831452,Solanum dulcamara,OpenWetPoor
2831544,Solanum dulcamara,OpenWetPoor
2831841,Solanum dulcamara,OpenWetPoor
2832399,Solanum dulcamara,OpenWetPoor
2832401,Solanum dulcamara,OpenWetPoor
2832403,Solanum dulcamara,OpenWetPoor
2832420,Solanum dulcamara,OpenWetPoor
2832421,Solanum dulcamara,OpenWetPoor
2832422,Solanum dulcamara,OpenWetPoor
2832423,Solanum dulcamara,OpenWetPoor
2832427,Solanum dulcamara,OpenWetPoor
2832428,Solanum dulcamara,OpenWetPoor
2832430,Solanum dulcamara,OpenWetPoor
2832431,Solanum dulcamara,OpenWetPoor
2832433,Solanum dulcamara,OpenWetPoor
2832446,Solanum dulcamara,OpenWetPoor
2832447,Solanum dulcamara,OpenWetPoor
2832654,Solanum dulcamara,OpenWetPoor
2832655,Solanum dulcamara,OpenWetPoor
2833748,Solanum dulcamara,OpenWetPoor
2833749,Solanum dulcamara,OpenWetPoor
2833751,Solanum dulcamara,OpenWetPoor
2833752,Solanum dulcamara,OpenWetPoor
2833753,Solanum dulcamara,OpenWetPoor
2833754,Solanum dulcamara,OpenWetPoor
2834140,Solanum dulcamara,OpenWetPoor
2834141,Solanum dulcamara,OpenWetPoor
2834142,Solanum dulcamara,OpenWetPoor
2834721,Solanum dulcamara,OpenWetPoor
2834722,Solanum dulcamara,OpenWetPoor
2834723,Solanum dulcamara,OpenWetPoor
2834727,Solanum dulcamara,OpenWetPoor
2834728,Solanum dulcamara,OpenWetPoor
2834731,Solanum dulcamara,OpenWetPoor
2834742,Solanum dulcamara,OpenWetPoor
2834746,Solanum dulcamara,OpenWetPoor
2834747,Solanum dulcamara,OpenWetPoor
2834952,Solanum dulcamara,OpenWetPoor
2834954,Solanum dulcamara,OpenWetPoor
2834955,Solanum dulcamara,OpenWetPoor
2836049,Solanum dulcamara,OpenWetPoor
2836050,Solanum dulcamara,OpenWetPoor
2836051,Solanum dulcamara,OpenWetPoor
2836052,Solanum dulcamara,OpenWetPoor
2836053,Solanum dulcamara,OpenWetPoor
2836054,Solanum dulcamara,OpenWetPoor
2836129,Solanum dulcamara,OpenWetPoor
2836440,Solanum dulcamara,OpenWetPoor
2836441,Solanum dulcamara,OpenWetPoor
2836442,Solanum dulcamara,OpenWetPoor
2837021,Solanum dulcamara,OpenWetPoor
2837022,Solanum dulcamara,OpenWetPoor
2837024,Solanum dulcamara,OpenWetPoor
2837025,Solanum dulcamara,OpenWetPoor
2837027,Solanum dulcamara,OpenWetPoor
2837028,Solanum dulcamara,OpenWetPoor
2837029,Solanum dulcamara,OpenWetPoor
2837030,Solanum dulcamara,OpenWetPoor
2837035,Solanum dulcamara,OpenWetPoor
2837046,Solanum dulcamara,OpenWetPoor
2837252,Solanum dulcamara,OpenWetPoor
2837253,Solanum dulcamara,OpenWetPoor
2837254,Solanum dulcamara,OpenWetPoor
2837258,Solanum dulcamara,OpenWetPoor
2838296,Solanum dulcamara,OpenWetPoor
2838351,Solanum dulcamara,OpenWetPoor
2838429,Solanum dulcamara,OpenWetPoor
2838466,Solanum dulcamara,OpenWetPoor
2838467,Solanum dulcamara,OpenWetPoor
2838468,Solanum dulcamara,OpenWetPoor
2838469,Solanum dulcamara,OpenWetPoor
2839324,Solanum dulcamara,OpenWetPoor
2839457,Solanum dulcamara,OpenWetPoor
2839458,Solanum dulcamara,OpenWetPoor
2839552,Solanum dulcamara,OpenWetPoor
2839553,Solanum dulcamara,OpenWetPoor
2840595,Solanum dulcamara,OpenWetPoor
2840638,Solanum dulcamara,OpenWetPoor
2840639,Solanum dulcamara,OpenWetPoor
2840640,Solanum dulcamara,OpenWetPoor
2840641,Solanum dulcamara,OpenWetPoor
2840767,Solanum dulcamara,OpenWetPoor
2841039,Solanum dulcamara,OpenWetPoor
2841645,Solanum dulcamara,OpenWetPoor
2841757,Solanum dulcamara,OpenWetPoor
2841853,Solanum dulcamara,OpenWetPoor
2842894,Solanum dulcamara,OpenWetPoor
2842895,Solanum dulcamara,OpenWetPoor
2842939,Solanum dulcamara,OpenWetPoor
2842940,Solanum dulcamara,OpenWetPoor
2843338,Solanum dulcamara,OpenWetPoor
2843519,Solanum dulcamara,OpenWetPoor
2843520,Solanum dulcamara,OpenWetPoor
2843846,Solanum dulcamara,OpenWetPoor
2844151,Solanum dulcamara,OpenWetPoor
2845195,Solanum dulcamara,OpenWetPoor
2845237,Solanum dulcamara,OpenWetPoor
2845238,Solanum dulcamara,OpenWetPoor
2845240,Solanum dulcamara,OpenWetPoor
2845241,Solanum dulcamara,OpenWetPoor
2845819,Solanum dulcamara,OpenWetPoor
2845820,Solanum dulcamara,OpenWetPoor
2845821,Solanum dulcamara,OpenWetPoor
2845822,Solanum dulcamara,OpenWetPoor
2845823,Solanum dulcamara,OpenWetPoor
2846144,Solanum dulcamara,OpenWetPoor
2846145,Solanum dulcamara,OpenWetPoor
2846146,Solanum dulcamara,OpenWetPoor
2846147,Solanum dulcamara,OpenWetPoor
2847493,Solanum dulcamara,OpenWetPoor
2847494,Solanum dulcamara,OpenWetPoor
2847538,Solanum dulcamara,OpenWetPoor
2847539,Solanum dulcamara,OpenWetPoor
2847540,Solanum dulcamara,OpenWetPoor
2848120,Solanum dulcamara,OpenWetPoor
2848121,Solanum dulcamara,OpenWetPoor
2848444,Solanum dulcamara,OpenWetPoor
2848445,Solanum dulcamara,OpenWetPoor
2848446,Solanum dulcamara,OpenWetPoor
2848447,Solanum dulcamara,OpenWetPoor
2848448,Solanum dulcamara,OpenWetPoor
2848450,Solanum dulcamara,OpenWetPoor
2848657,Solanum dulcamara,OpenWetPoor
2849794,Solanum dulcamara,OpenWetPoor
2850718,Solanum dulcamara,OpenWetPoor
2850720,Solanum dulcamara,OpenWetPoor
2850721,Solanum dulcamara,OpenWetPoor
2850722,Solanum dulcamara,OpenWetPoor
2850729,Solanum dulcamara,OpenWetPoor
2850730,Solanum dulcamara,OpenWetPoor
2850745,Solanum dulcamara,OpenWetPoor
2850746,Solanum dulcamara,OpenWetPoor
2850747,Solanum dulcamara,OpenWetPoor
2850748,Solanum dulcamara,OpenWetPoor
2850750,Solanum dulcamara,OpenWetPoor
2850957,Solanum dulcamara,OpenWetPoor
2850958,Solanum dulcamara,OpenWetPoor
2852245,Solanum dulcamara,OpenWetPoor
2852422,Solanum dulcamara,OpenWetPoor
2852454,Solanum dulcamara,OpenWetPoor
2852535,Solanum dulcamara,OpenWetPoor
2852537,Solanum dulcamara,OpenWetPoor
2852538,Solanum dulcamara,OpenWetPoor
2852705,Solanum dulcamara,OpenWetPoor
2852706,Solanum dulcamara,OpenWetPoor
2852707,Solanum dulcamara,OpenWetPoor
2852708,Solanum dulcamara,OpenWetPoor
2853018,Solanum dulcamara,OpenWetPoor
2853019,Solanum dulcamara,OpenWetPoor
2853020,Solanum dulcamara,OpenWetPoor
2853021,Solanum dulcamara,OpenWetPoor
2853022,Solanum dulcamara,OpenWetPoor
2853023,Solanum dulcamara,OpenWetPoor
2853025,Solanum dulcamara,OpenWetPoor
2853029,Solanum dulcamara,OpenWetPoor
2853030,Solanum dulcamara,OpenWetPoor
2853045,Solanum dulcamara,OpenWetPoor
2853046,Solanum dulcamara,OpenWetPoor
2853048,Solanum dulcamara,OpenWetPoor
2853050,Solanum dulcamara,OpenWetPoor
2854394,Solanum dulcamara,OpenWetPoor
2854545,Solanum dulcamara,OpenWetPoor
2854722,Solanum dulcamara,OpenWetPoor
2854754,Solanum dulcamara,OpenWetPoor
2854756,Solanum dulcamara,OpenWetPoor
2854760,Solanum dulcamara,OpenWetPoor
2854761,Solanum dulcamara,OpenWetPoor
2854837,Solanum dulcamara,OpenWetPoor
2854838,Solanum dulcamara,OpenWetPoor
2855005,Solanum dulcamara,OpenWetPoor
2855006,Solanum dulcamara,OpenWetPoor
2855007,Solanum dulcamara,OpenWetPoor
2855008,Solanum dulcamara,OpenWetPoor
2855019,Solanum dulcamara,OpenWetPoor
2855020,Solanum dulcamara,OpenWetPoor
2855319,Solanum dulcamara,OpenWetPoor
2855320,Solanum dulcamara,OpenWetPoor
2855321,Solanum dulcamara,OpenWetPoor
2855322,Solanum dulcamara,OpenWetPoor
2855323,Solanum dulcamara,OpenWetPoor
2855325,Solanum dulcamara,OpenWetPoor
2855344,Solanum dulcamara,OpenWetPoor
2855345,Solanum dulcamara,OpenWetPoor
2855346,Solanum dulcamara,OpenWetPoor
2855348,Solanum dulcamara,OpenWetPoor
2855349,Solanum dulcamara,OpenWetPoor
2855350,Solanum dulcamara,OpenWetPoor
2855558,Solanum dulcamara,OpenWetPoor
2855559,Solanum dulcamara,OpenWetPoor
2856694,Solanum dulcamara,OpenWetPoor
2856844,Solanum dulcamara,OpenWetPoor
2857054,Solanum dulcamara,OpenWetPoor
2857060,Solanum dulcamara,OpenWetPoor
2857137,Solanum dulcamara,OpenWetPoor
2857323,Solanum dulcamara,OpenWetPoor
2857326,Solanum dulcamara,OpenWetPoor
2857327,Solanum dulcamara,OpenWetPoor
2857328,Solanum dulcamara,OpenWetPoor
2857329,Solanum dulcamara,OpenWetPoor
2857620,Solanum dulcamara,OpenWetPoor
2857621,Solanum dulcamara,OpenWetPoor
2857623,Solanum dulcamara,OpenWetPoor
2857624,Solanum dulcamara,OpenWetPoor
2857644,Solanum dulcamara,OpenWetPoor
2857645,Solanum dulcamara,OpenWetPoor
2857646,Solanum dulcamara,OpenWetPoor
2857647,Solanum dulcamara,OpenWetPoor
2857648,Solanum dulcamara,OpenWetPoor
2857649,Solanum dulcamara,OpenWetPoor
2857650,Solanum dulcamara,OpenWetPoor
2857652,Solanum dulcamara,OpenWetPoor
2857858,Solanum dulcamara,OpenWetPoor
2857859,Solanum dulcamara,OpenWetPoor
2859144,Solanum dulcamara,OpenWetPoor
2859360,Solanum dulcamara,OpenWetPoor
2859361,Solanum dulcamara,OpenWetPoor
2859437,Solanum dulcamara,OpenWetPoor
2859628,Solanum dulcamara,OpenWetPoor
2859920,Solanum dulcamara,OpenWetPoor
2859921,Solanum dulcamara,OpenWetPoor
2859922,Solanum dulcamara,OpenWetPoor
2859944,Solanum dulcamara,OpenWetPoor
2859945,Solanum dulcamara,OpenWetPoor
2859946,Solanum dulcamara,OpenWetPoor
2859947,Solanum dulcamara,OpenWetPoor
2859948,Solanum dulcamara,OpenWetPoor
2859949,Solanum dulcamara,OpenWetPoor
2859950,Solanum dulcamara,OpenWetPoor
2860158,Solanum dulcamara,OpenWetPoor
2860159,Solanum dulcamara,OpenWetPoor
2860161,Solanum dulcamara,OpenWetPoor
2861354,Solanum dulcamara,OpenWetPoor
2861661,Solanum dulcamara,OpenWetPoor
2861733,Solanum dulcamara,OpenWetPoor
2861736,Solanum dulcamara,OpenWetPoor
2861882,Solanum dulcamara,OpenWetPoor
2861883,Solanum dulcamara,OpenWetPoor
2861892,Solanum dulcamara,OpenWetPoor
2861893,Solanum dulcamara,OpenWetPoor
2861895,Solanum dulcamara,OpenWetPoor
2861927,Solanum dulcamara,OpenWetPoor
2861929,Solanum dulcamara,OpenWetPoor
2862220,Solanum dulcamara,OpenWetPoor
2862221,Solanum dulcamara,OpenWetPoor
2862245,Solanum dulcamara,OpenWetPoor
2862247,Solanum dulcamara,OpenWetPoor
2862248,Solanum dulcamara,OpenWetPoor
2862249,Solanum dulcamara,OpenWetPoor
2862250,Solanum dulcamara,OpenWetPoor
2862457,Solanum dulcamara,OpenWetPoor
2862461,Solanum dulcamara,OpenWetPoor
2863587,Solanum dulcamara,OpenWetPoor
2863588,Solanum dulcamara,OpenWetPoor
2863591,Solanum dulcamara,OpenWetPoor
2863654,Solanum dulcamara,OpenWetPoor
2863668,Solanum dulcamara,OpenWetPoor
2863961,Solanum dulcamara,OpenWetPoor
2864182,Solanum dulcamara,OpenWetPoor
2864183,Solanum dulcamara,OpenWetPoor
2864191,Solanum dulcamara,OpenWetPoor
2864192,Solanum dulcamara,OpenWetPoor
2864232,Solanum dulcamara,OpenWetPoor
2864233,Solanum dulcamara,OpenWetPoor
2864520,Solanum dulcamara,OpenWetPoor
2864545,Solanum dulcamara,OpenWetPoor
2864546,Solanum dulcamara,OpenWetPoor
2864551,Solanum dulcamara,OpenWetPoor
2864761,Solanum dulcamara,OpenWetPoor
2865955,Solanum dulcamara,OpenWetPoor
2865969,Solanum dulcamara,OpenWetPoor
2865970,Solanum dulcamara,OpenWetPoor
2866261,Solanum dulcamara,OpenWetPoor
2866264,Solanum dulcamara,OpenWetPoor
2866280,Solanum dulcamara,OpenWetPoor
2866334,Solanum dulcamara,OpenWetPoor
2866491,Solanum dulcamara,OpenWetPoor
2866527,Solanum dulcamara,OpenWetPoor
2866531,Solanum dulcamara,OpenWetPoor
2866532,Solanum dulcamara,OpenWetPoor
2866533,Solanum dulcamara,OpenWetPoor
2866534,Solanum dulcamara,OpenWetPoor
2866850,Solanum dulcamara,OpenWetPoor
2866851,Solanum dulcamara,OpenWetPoor
2867057,Solanum dulcamara,OpenWetPoor
2867059,Solanum dulcamara,OpenWetPoor
2868190,Solanum dulcamara,OpenWetPoor
2868191,Solanum dulcamara,OpenWetPoor
2868270,Solanum dulcamara,OpenWetPoor
2868564,Solanum dulcamara,OpenWetPoor
2868565,Solanum dulcamara,OpenWetPoor
2868791,Solanum dulcamara,OpenWetPoor
2868792,Solanum dulcamara,OpenWetPoor
2868794,Solanum dulcamara,OpenWetPoor
2868796,Solanum dulcamara,OpenWetPoor
2868830,Solanum dulcamara,OpenWetPoor
2868831,Solanum dulcamara,OpenWetPoor
2868833,Solanum dulcamara,OpenWetPoor
2868834,Solanum dulcamara,OpenWetPoor
2868835,Solanum dulcamara,OpenWetPoor
2869148,Solanum dulcamara,OpenWetPoor
2869149,Solanum dulcamara,OpenWetPoor
2869150,Solanum dulcamara,OpenWetPoor
2869151,Solanum dulcamara,OpenWetPoor
2870491,Solanum dulcamara,OpenWetPoor
2870571,Solanum dulcamara,OpenWetPoor
2870863,Solanum dulcamara,OpenWetPoor
2870933,Solanum dulcamara,OpenWetPoor
2871092,Solanum dulcamara,OpenWetPoor
2871131,Solanum dulcamara,OpenWetPoor
2871417,Solanum dulcamara,OpenWetPoor
2871449,Solanum dulcamara,OpenWetPoor
2872789,Solanum dulcamara,OpenWetPoor
2872790,Solanum dulcamara,OpenWetPoor
2872791,Solanum dulcamara,OpenWetPoor
2872871,Solanum dulcamara,OpenWetPoor
2873393,Solanum dulcamara,OpenWetPoor
2873431,Solanum dulcamara,OpenWetPoor
2873749,Solanum dulcamara,OpenWetPoor
2873751,Solanum dulcamara,OpenWetPoor
2875089,Solanum dulcamara,OpenWetPoor
2875090,Solanum dulcamara,OpenWetPoor
2875091,Solanum dulcamara,OpenWetPoor
2875468,Solanum dulcamara,OpenWetPoor
2875532,Solanum dulcamara,OpenWetPoor
2875693,Solanum dulcamara,OpenWetPoor
2876050,Solanum dulcamara,OpenWetPoor
2876051,Solanum dulcamara,OpenWetPoor
2877390,Solanum dulcamara,OpenWetPoor
2878318,Solanum dulcamara,OpenWetPoor
2878349,Solanum dulcamara,OpenWetPoor
2879690,Solanum dulcamara,OpenWetPoor
2879691,Solanum dulcamara,OpenWetPoor
2879692,Solanum dulcamara,OpenWetPoor
2879726,Solanum dulcamara,OpenWetPoor
2879727,Solanum dulcamara,OpenWetPoor
2879986,Solanum dulcamara,OpenWetPoor
2879987,Solanum dulcamara,OpenWetPoor
2879988,Solanum dulcamara,OpenWetPoor
2879990,Solanum dulcamara,OpenWetPoor
2880310,Solanum dulcamara,OpenWetPoor
2880328,Solanum dulcamara,OpenWetPoor
2880648,Solanum dulcamara,OpenWetPoor
2880649,Solanum dulcamara,OpenWetPoor
2880650,Solanum dulcamara,OpenWetPoor
2881976,Solanum dulcamara,OpenWetPoor
2881992,Solanum dulcamara,OpenWetPoor
2882025,Solanum dulcamara,OpenWetPoor
2882026,Solanum dulcamara,OpenWetPoor
2882286,Solanum dulcamara,OpenWetPoor
2882288,Solanum dulcamara,OpenWetPoor
2882289,Solanum dulcamara,OpenWetPoor
2882290,Solanum dulcamara,OpenWetPoor
2882588,Solanum dulcamara,OpenWetPoor
2882589,Solanum dulcamara,OpenWetPoor
2882590,Solanum dulcamara,OpenWetPoor
2882949,Solanum dulcamara,OpenWetPoor
2883239,Solanum dulcamara,OpenWetPoor
2884325,Solanum dulcamara,OpenWetPoor
2884327,Solanum dulcamara,OpenWetPoor
2884586,Solanum dulcamara,OpenWetPoor
2884587,Solanum dulcamara,OpenWetPoor
2884588,Solanum dulcamara,OpenWetPoor
2884589,Solanum dulcamara,OpenWetPoor
2884864,Solanum dulcamara,OpenWetPoor
2884865,Solanum dulcamara,OpenWetPoor
2884888,Solanum dulcamara,OpenWetPoor
2884889,Solanum dulcamara,OpenWetPoor
2884896,Solanum dulcamara,OpenWetPoor
2884907,Solanum dulcamara,OpenWetPoor
2884927,Solanum dulcamara,OpenWetPoor
2885246,Solanum dulcamara,OpenWetPoor
2885247,Solanum dulcamara,OpenWetPoor
2885248,Solanum dulcamara,OpenWetPoor
2885249,Solanum dulcamara,OpenWetPoor
2885538,Solanum dulcamara,OpenWetPoor
2885539,Solanum dulcamara,OpenWetPoor
2886760,Solanum dulcamara,OpenWetPoor
2886886,Solanum dulcamara,OpenWetPoor
2886887,Solanum dulcamara,OpenWetPoor
2886888,Solanum dulcamara,OpenWetPoor
2886971,Solanum dulcamara,OpenWetPoor
2887164,Solanum dulcamara,OpenWetPoor
2887165,Solanum dulcamara,OpenWetPoor
2887197,Solanum dulcamara,OpenWetPoor
2887227,Solanum dulcamara,OpenWetPoor
2887544,Solanum dulcamara,OpenWetPoor
2887546,Solanum dulcamara,OpenWetPoor
2887547,Solanum dulcamara,OpenWetPoor
2887822,Solanum dulcamara,OpenWetPoor
2887837,Solanum dulcamara,OpenWetPoor
2887838,Solanum dulcamara,OpenWetPoor
2887840,Solanum dulcamara,OpenWetPoor
2887841,Solanum dulcamara,OpenWetPoor
2887842,Solanum dulcamara,OpenWetPoor
2888956,Solanum dulcamara,OpenWetPoor
2889059,Solanum dulcamara,OpenWetPoor
2889187,Solanum dulcamara,OpenWetPoor
2889188,Solanum dulcamara,OpenWetPoor
2889190,Solanum dulcamara,OpenWetPoor
2889191,Solanum dulcamara,OpenWetPoor
2889269,Solanum dulcamara,OpenWetPoor
2889463,Solanum dulcamara,OpenWetPoor
2889527,Solanum dulcamara,OpenWetPoor
2889528,Solanum dulcamara,OpenWetPoor
2889845,Solanum dulcamara,OpenWetPoor
2889847,Solanum dulcamara,OpenWetPoor
2890136,Solanum dulcamara,OpenWetPoor
2890138,Solanum dulcamara,OpenWetPoor
2890141,Solanum dulcamara,OpenWetPoor
2890142,Solanum dulcamara,OpenWetPoor
2890144,Solanum dulcamara,OpenWetPoor
2890149,Solanum dulcamara,OpenWetPoor
2891162,Solanum dulcamara,OpenWetPoor
2891164,Solanum dulcamara,OpenWetPoor
2891191,Solanum dulcamara,OpenWetPoor
2891192,Solanum dulcamara,OpenWetPoor
2891358,Solanum dulcamara,OpenWetPoor
2891801,Solanum dulcamara,OpenWetPoor
2891826,Solanum dulcamara,OpenWetPoor
2892144,Solanum dulcamara,OpenWetPoor
2892145,Solanum dulcamara,OpenWetPoor
2892146,Solanum dulcamara,OpenWetPoor
2892436,Solanum dulcamara,OpenWetPoor
2892439,Solanum dulcamara,OpenWetPoor
2892441,Solanum dulcamara,OpenWetPoor
2893464,Solanum dulcamara,OpenWetPoor
2893466,Solanum dulcamara,OpenWetPoor
2893652,Solanum dulcamara,OpenWetPoor
2893867,Solanum dulcamara,OpenWetPoor
2894101,Solanum dulcamara,OpenWetPoor
2894444,Solanum dulcamara,OpenWetPoor
2894445,Solanum dulcamara,OpenWetPoor
2894738,Solanum dulcamara,OpenWetPoor
2894739,Solanum dulcamara,OpenWetPoor
2894740,Solanum dulcamara,OpenWetPoor
2895765,Solanum dulcamara,OpenWetPoor
2895766,Solanum dulcamara,OpenWetPoor
2895955,Solanum dulcamara,OpenWetPoor
2896395,Solanum dulcamara,OpenWetPoor
2896729,Solanum dulcamara,OpenWetPoor
2896730,Solanum dulcamara,OpenWetPoor
2896744,Solanum dulcamara,OpenWetPoor
2898063,Solanum dulcamara,OpenWetPoor
2898064,Solanum dulcamara,OpenWetPoor
2898065,Solanum dulcamara,OpenWetPoor
2898066,Solanum dulcamara,OpenWetPoor
2898069,Solanum dulcamara,OpenWetPoor
2898253,Solanum dulcamara,OpenWetPoor
2898254,Solanum dulcamara,OpenWetPoor
2898381,Solanum dulcamara,OpenWetPoor
2898382,Solanum dulcamara,OpenWetPoor
2898383,Solanum dulcamara,OpenWetPoor
2898466,Solanum dulcamara,OpenWetPoor
2898694,Solanum dulcamara,OpenWetPoor
2899029,Solanum dulcamara,OpenWetPoor
2899030,Solanum dulcamara,OpenWetPoor
2899043,Solanum dulcamara,OpenWetPoor
2900363,Solanum dulcamara,OpenWetPoor
2900364,Solanum dulcamara,OpenWetPoor
2900365,Solanum dulcamara,OpenWetPoor
2900366,Solanum dulcamara,OpenWetPoor
2900367,Solanum dulcamara,OpenWetPoor
2900368,Solanum dulcamara,OpenWetPoor
2900369,Solanum dulcamara,OpenWetPoor
2900553,Solanum dulcamara,OpenWetPoor
2900680,Solanum dulcamara,OpenWetPoor
2900681,Solanum dulcamara,OpenWetPoor
2900693,Solanum dulcamara,OpenWetPoor
2900883,Solanum dulcamara,OpenWetPoor
2900884,Solanum dulcamara,OpenWetPoor
2901329,Solanum dulcamara,OpenWetPoor
2901343,Solanum dulcamara,OpenWetPoor
2902665,Solanum dulcamara,OpenWetPoor
2902666,Solanum dulcamara,OpenWetPoor
2902667,Solanum dulcamara,OpenWetPoor
2902668,Solanum dulcamara,OpenWetPoor
2902669,Solanum dulcamara,OpenWetPoor
2902670,Solanum dulcamara,OpenWetPoor
2902671,Solanum dulcamara,OpenWetPoor
2902672,Solanum dulcamara,OpenWetPoor
2902673,Solanum dulcamara,OpenWetPoor
2902853,Solanum dulcamara,OpenWetPoor
2902980,Solanum dulcamara,OpenWetPoor
2902992,Solanum dulcamara,OpenWetPoor
2902993,Solanum dulcamara,OpenWetPoor
2903629,Solanum dulcamara,OpenWetPoor
2903644,Solanum dulcamara,OpenWetPoor
2903734,Solanum dulcamara,OpenWetPoor
2904968,Solanum dulcamara,OpenWetPoor
2904969,Solanum dulcamara,OpenWetPoor
2904970,Solanum dulcamara,OpenWetPoor
2904971,Solanum dulcamara,OpenWetPoor
2904972,Solanum dulcamara,OpenWetPoor
2904973,Solanum dulcamara,OpenWetPoor
2904976,Solanum dulcamara,OpenWetPoor
2905292,Solanum dulcamara,OpenWetPoor
2905320,Solanum dulcamara,OpenWetPoor
2905369,Solanum dulcamara,OpenWetPoor
2905943,Solanum dulcamara,OpenWetPoor
2905944,Solanum dulcamara,OpenWetPoor
2905945,Solanum dulcamara,OpenWetPoor
2906244,Solanum dulcamara,OpenWetPoor
2907270,Solanum dulcamara,OpenWetPoor
2907278,Solanum dulcamara,OpenWetPoor
2907449,Solanum dulcamara,OpenWetPoor
2907450,Solanum dulcamara,OpenWetPoor
2907451,Solanum dulcamara,OpenWetPoor
2907619,Solanum dulcamara,OpenWetPoor
2907669,Solanum dulcamara,OpenWetPoor
2909580,Solanum dulcamara,OpenWetPoor
2909749,Solanum dulcamara,OpenWetPoor
2909919,Solanum dulcamara,OpenWetPoor
2910012,Solanum dulcamara,OpenWetPoor
2912050,Solanum dulcamara,OpenWetPoor
2912219,Solanum dulcamara,OpenWetPoor
2912307,Solanum dulcamara,OpenWetPoor
2912935,Solanum dulcamara,OpenWetPoor
2914197,Solanum dulcamara,OpenWetPoor
2914348,Solanum dulcamara,OpenWetPoor
2914349,Solanum dulcamara,OpenWetPoor
2914351,Solanum dulcamara,OpenWetPoor
2914605,Solanum dulcamara,OpenWetPoor
2914606,Solanum dulcamara,OpenWetPoor
2914607,Solanum dulcamara,OpenWetPoor
2914611,Solanum dulcamara,OpenWetPoor
2915442,Solanum dulcamara,OpenWetPoor
2915443,Solanum dulcamara,OpenWetPoor
2916497,Solanum dulcamara,OpenWetPoor
2916648,Solanum dulcamara,OpenWetPoor
2916649,Solanum dulcamara,OpenWetPoor
2916869,Solanum dulcamara,OpenWetPoor
2916906,Solanum dulcamara,OpenWetPoor
2916907,Solanum dulcamara,OpenWetPoor
2917220,Solanum dulcamara,OpenWetPoor
2918946,Solanum dulcamara,OpenWetPoor
2918947,Solanum dulcamara,OpenWetPoor
2918948,Solanum dulcamara,OpenWetPoor
2918949,Solanum dulcamara,OpenWetPoor
2919169,Solanum dulcamara,OpenWetPoor
2919170,Solanum dulcamara,OpenWetPoor
2919171,Solanum dulcamara,OpenWetPoor
2919172,Solanum dulcamara,OpenWetPoor
2921245,Solanum dulcamara,OpenWetPoor
2921246,Solanum dulcamara,OpenWetPoor
2921247,Solanum dulcamara,OpenWetPoor
2921248,Solanum dulcamara,OpenWetPoor
2921472,Solanum dulcamara,OpenWetPoor
2921475,Solanum dulcamara,OpenWetPoor
2923546,Solanum dulcamara,OpenWetPoor
2923766,Solanum dulcamara,OpenWetPoor
2923773,Solanum dulcamara,OpenWetPoor
2923841,Solanum dulcamara,OpenWetPoor
2923843,Solanum dulcamara,OpenWetPoor
2925847,Solanum dulcamara,OpenWetPoor
2926073,Solanum dulcamara,OpenWetPoor
2926902,Solanum dulcamara,OpenWetPoor
2929198,Solanum dulcamara,OpenWetPoor
2929199,Solanum dulcamara,OpenWetPoor
2930445,Solanum dulcamara,OpenWetPoor
2930447,Solanum dulcamara,OpenWetPoor
2930448,Solanum dulcamara,OpenWetPoor
2930725,Solanum dulcamara,OpenWetPoor
2931390,Solanum dulcamara,OpenWetPoor
2931393,Solanum dulcamara,OpenWetPoor
2932745,Solanum dulcamara,OpenWetPoor
2932746,Solanum dulcamara,OpenWetPoor
2932747,Solanum dulcamara,OpenWetPoor
2932969,Solanum dulcamara,OpenWetPoor
2933029,Solanum dulcamara,OpenWetPoor
2933691,Solanum dulcamara,OpenWetPoor
2933692,Solanum dulcamara,OpenWetPoor
2933799,Solanum dulcamara,OpenWetPoor
2934940,Solanum dulcamara,OpenWetPoor
2935044,Solanum dulcamara,OpenWetPoor
2935329,Solanum dulcamara,OpenWetPoor
2935992,Solanum dulcamara,OpenWetPoor
2935993,Solanum dulcamara,OpenWetPoor
2935994,Solanum dulcamara,OpenWetPoor
2937239,Solanum dulcamara,OpenWetPoor
2937241,Solanum dulcamara,OpenWetPoor
2938141,Solanum dulcamara,OpenWetPoor
2938293,Solanum dulcamara,OpenWetPoor
2938294,Solanum dulcamara,OpenWetPoor
2939538,Solanum dulcamara,OpenWetPoor
2939539,Solanum dulcamara,OpenWetPoor
2939640,Solanum dulcamara,OpenWetPoor
2939642,Solanum dulcamara,OpenWetPoor
2939643,Solanum dulcamara,OpenWetPoor
2940060,Solanum dulcamara,OpenWetPoor
2940440,Solanum dulcamara,OpenWetPoor
2940441,Solanum dulcamara,OpenWetPoor
2940442,Solanum dulcamara,OpenWetPoor
2941838,Solanum dulcamara,OpenWetPoor
2941839,Solanum dulcamara,OpenWetPoor
2941943,Solanum dulcamara,OpenWetPoor
2942360,Solanum dulcamara,OpenWetPoor
2942482,Solanum dulcamara,OpenWetPoor
2942483,Solanum dulcamara,OpenWetPoor
2942738,Solanum dulcamara,OpenWetPoor
2942739,Solanum dulcamara,OpenWetPoor
2942740,Solanum dulcamara,OpenWetPoor
2942741,Solanum dulcamara,OpenWetPoor
2942742,Solanum dulcamara,OpenWetPoor
2944139,Solanum dulcamara,OpenWetPoor
2944241,Solanum dulcamara,OpenWetPoor
2944242,Solanum dulcamara,OpenWetPoor
2944243,Solanum dulcamara,OpenWetPoor
2944357,Solanum dulcamara,OpenWetPoor
2944635,Solanum dulcamara,OpenWetPoor
2944658,Solanum dulcamara,OpenWetPoor
2944782,Solanum dulcamara,OpenWetPoor
2944783,Solanum dulcamara,OpenWetPoor
2945037,Solanum dulcamara,OpenWetPoor
2945038,Solanum dulcamara,OpenWetPoor
2945039,Solanum dulcamara,OpenWetPoor
2945041,Solanum dulcamara,OpenWetPoor
2945197,Solanum dulcamara,OpenWetPoor
2946540,Solanum dulcamara,OpenWetPoor
2946542,Solanum dulcamara,OpenWetPoor
2946638,Solanum dulcamara,OpenWetPoor
2946657,Solanum dulcamara,OpenWetPoor
2946660,Solanum dulcamara,OpenWetPoor
2946934,Solanum dulcamara,OpenWetPoor
2946958,Solanum dulcamara,OpenWetPoor
2947081,Solanum dulcamara,OpenWetPoor
2947082,Solanum dulcamara,OpenWetPoor
2947337,Solanum dulcamara,OpenWetPoor
2947339,Solanum dulcamara,OpenWetPoor
2947341,Solanum dulcamara,OpenWetPoor
2947620,Solanum dulcamara,OpenWetPoor
2947621,Solanum dulcamara,OpenWetPoor
2948841,Solanum dulcamara,OpenWetPoor
2948957,Solanum dulcamara,OpenWetPoor
2948962,Solanum dulcamara,OpenWetPoor
2949260,Solanum dulcamara,OpenWetPoor
2949383,Solanum dulcamara,OpenWetPoor
2949384,Solanum dulcamara,OpenWetPoor
2949637,Solanum dulcamara,OpenWetPoor
2949638,Solanum dulcamara,OpenWetPoor
2949920,Solanum dulcamara,OpenWetPoor
2949922,Solanum dulcamara,OpenWetPoor
2951141,Solanum dulcamara,OpenWetPoor
2951264,Solanum dulcamara,OpenWetPoor
2951265,Solanum dulcamara,OpenWetPoor
2951534,Solanum dulcamara,OpenWetPoor
2951575,Solanum dulcamara,OpenWetPoor
2951683,Solanum dulcamara,OpenWetPoor
2952223,Solanum dulcamara,OpenWetPoor
2953440,Solanum dulcamara,OpenWetPoor
2953441,Solanum dulcamara,OpenWetPoor
2953442,Solanum dulcamara,OpenWetPoor
2953875,Solanum dulcamara,OpenWetPoor
2953984,Solanum dulcamara,OpenWetPoor
2954467,Solanum dulcamara,OpenWetPoor
2954473,Solanum dulcamara,OpenWetPoor
2954523,Solanum dulcamara,OpenWetPoor
2955740,Solanum dulcamara,OpenWetPoor
2955862,Solanum dulcamara,OpenWetPoor
2955865,Solanum dulcamara,OpenWetPoor
2955959,Solanum dulcamara,OpenWetPoor
2956132,Solanum dulcamara,OpenWetPoor
2956175,Solanum dulcamara,OpenWetPoor
2956539,Solanum dulcamara,OpenWetPoor
2956540,Solanum dulcamara,OpenWetPoor
2956541,Solanum dulcamara,OpenWetPoor
2956825,Solanum dulcamara,OpenWetPoor
2956826,Solanum dulcamara,OpenWetPoor
2956830,Solanum dulcamara,OpenWetPoor
2958039,Solanum dulcamara,OpenWetPoor
2958040,Solanum dulcamara,OpenWetPoor
2958166,Solanum dulcamara,OpenWetPoor
2958167,Solanum dulcamara,OpenWetPoor
2958177,Solanum dulcamara,OpenWetPoor
2958246,Solanum dulcamara,OpenWetPoor
2958258,Solanum dulcamara,OpenWetPoor
2958259,Solanum dulcamara,OpenWetPoor
2958260,Solanum dulcamara,OpenWetPoor
2958432,Solanum dulcamara,OpenWetPoor
2958433,Solanum dulcamara,OpenWetPoor
2958473,Solanum dulcamara,OpenWetPoor
2958474,Solanum dulcamara,OpenWetPoor
2958475,Solanum dulcamara,OpenWetPoor
2958839,Solanum dulcamara,OpenWetPoor
2958840,Solanum dulcamara,OpenWetPoor
2958841,Solanum dulcamara,OpenWetPoor
2959130,Solanum dulcamara,OpenWetPoor
2959131,Solanum dulcamara,OpenWetPoor
2959132,Solanum dulcamara,OpenWetPoor
2960339,Solanum dulcamara,OpenWetPoor
2960340,Solanum dulcamara,OpenWetPoor
2960468,Solanum dulcamara,OpenWetPoor
2960469,Solanum dulcamara,OpenWetPoor
2960556,Solanum dulcamara,OpenWetPoor
2960560,Solanum dulcamara,OpenWetPoor
2960561,Solanum dulcamara,OpenWetPoor
2960570,Solanum dulcamara,OpenWetPoor
2960732,Solanum dulcamara,OpenWetPoor
2960773,Solanum dulcamara,OpenWetPoor
2960774,Solanum dulcamara,OpenWetPoor
2961138,Solanum dulcamara,OpenWetPoor
2961139,Solanum dulcamara,OpenWetPoor
2961141,Solanum dulcamara,OpenWetPoor
2961371,Solanum dulcamara,OpenWetPoor
2961430,Solanum dulcamara,OpenWetPoor
2961431,Solanum dulcamara,OpenWetPoor
2961432,Solanum dulcamara,OpenWetPoor
2962634,Solanum dulcamara,OpenWetPoor
2962636,Solanum dulcamara,OpenWetPoor
2962637,Solanum dulcamara,OpenWetPoor
2962638,Solanum dulcamara,OpenWetPoor
2962639,Solanum dulcamara,OpenWetPoor
2962765,Solanum dulcamara,OpenWetPoor
2962767,Solanum dulcamara,OpenWetPoor
2962768,Solanum dulcamara,OpenWetPoor
2962836,Solanum dulcamara,OpenWetPoor
2962872,Solanum dulcamara,OpenWetPoor
2963031,Solanum dulcamara,OpenWetPoor
2963066,Solanum dulcamara,OpenWetPoor
2963069,Solanum dulcamara,OpenWetPoor
2963071,Solanum dulcamara,OpenWetPoor
2963440,Solanum dulcamara,OpenWetPoor
2963441,Solanum dulcamara,OpenWetPoor
2963663,Solanum dulcamara,OpenWetPoor
2964933,Solanum dulcamara,OpenWetPoor
2964934,Solanum dulcamara,OpenWetPoor
2964935,Solanum dulcamara,OpenWetPoor
2964936,Solanum dulcamara,OpenWetPoor
2964937,Solanum dulcamara,OpenWetPoor
2965066,Solanum dulcamara,OpenWetPoor
2965164,Solanum dulcamara,OpenWetPoor
2965365,Solanum dulcamara,OpenWetPoor
2965366,Solanum dulcamara,OpenWetPoor
2965367,Solanum dulcamara,OpenWetPoor
2965369,Solanum dulcamara,OpenWetPoor
2965370,Solanum dulcamara,OpenWetPoor
2965371,Solanum dulcamara,OpenWetPoor
2965372,Solanum dulcamara,OpenWetPoor
2965394,Solanum dulcamara,OpenWetPoor
2967105,Solanum dulcamara,OpenWetPoor
2967106,Solanum dulcamara,OpenWetPoor
2967107,Solanum dulcamara,OpenWetPoor
2967232,Solanum dulcamara,OpenWetPoor
2967233,Solanum dulcamara,OpenWetPoor
2967234,Solanum dulcamara,OpenWetPoor
2967235,Solanum dulcamara,OpenWetPoor
2967473,Solanum dulcamara,OpenWetPoor
2967475,Solanum dulcamara,OpenWetPoor
2967476,Solanum dulcamara,OpenWetPoor
2967664,Solanum dulcamara,OpenWetPoor
2967666,Solanum dulcamara,OpenWetPoor
2967667,Solanum dulcamara,OpenWetPoor
2967668,Solanum dulcamara,OpenWetPoor
2967672,Solanum dulcamara,OpenWetPoor
2967681,Solanum dulcamara,OpenWetPoor
2967682,Solanum dulcamara,OpenWetPoor
2967691,Solanum dulcamara,OpenWetPoor
2967693,Solanum dulcamara,OpenWetPoor
2967694,Solanum dulcamara,OpenWetPoor
2969405,Solanum dulcamara,OpenWetPoor
2969406,Solanum dulcamara,OpenWetPoor
2969407,Solanum dulcamara,OpenWetPoor
2969408,Solanum dulcamara,OpenWetPoor
2969531,Solanum dulcamara,OpenWetPoor
2969532,Solanum dulcamara,OpenWetPoor
2969533,Solanum dulcamara,OpenWetPoor
2969732,Solanum dulcamara,OpenWetPoor
2969733,Solanum dulcamara,OpenWetPoor
2969963,Solanum dulcamara,OpenWetPoor
2969964,Solanum dulcamara,OpenWetPoor
2969965,Solanum dulcamara,OpenWetPoor
2969992,Solanum dulcamara,OpenWetPoor
2969994,Solanum dulcamara,OpenWetPoor
2970042,Solanum dulcamara,OpenWetPoor
2970045,Solanum dulcamara,OpenWetPoor
2971707,Solanum dulcamara,OpenWetPoor
2971708,Solanum dulcamara,OpenWetPoor
2971841,Solanum dulcamara,OpenWetPoor
2971842,Solanum dulcamara,OpenWetPoor
2971844,Solanum dulcamara,OpenWetPoor
2971850,Solanum dulcamara,OpenWetPoor
2972264,Solanum dulcamara,OpenWetPoor
2974008,Solanum dulcamara,OpenWetPoor
2974146,Solanum dulcamara,OpenWetPoor
2974147,Solanum dulcamara,OpenWetPoor
2974148,Solanum dulcamara,OpenWetPoor
2974150,Solanum dulcamara,OpenWetPoor
2974152,Solanum dulcamara,OpenWetPoor
2974154,Solanum dulcamara,OpenWetPoor
2974155,Solanum dulcamara,OpenWetPoor
2974546,Solanum dulcamara,OpenWetPoor
2974645,Solanum dulcamara,OpenWetPoor
2976428,Solanum dulcamara,OpenWetPoor
2976429,Solanum dulcamara,OpenWetPoor
2976436,Solanum dulcamara,OpenWetPoor
2976457,Solanum dulcamara,OpenWetPoor
2976458,Solanum dulcamara,OpenWetPoor
2976459,Solanum dulcamara,OpenWetPoor
2978731,Solanum dulcamara,OpenWetPoor
2978964,Solanum dulcamara,OpenWetPoor
2979157,Solanum dulcamara,OpenWetPoor
2979159,Solanum dulcamara,OpenWetPoor
2979160,Solanum dulcamara,OpenWetPoor
2979162,Solanum dulcamara,OpenWetPoor
2979163,Solanum dulcamara,OpenWetPoor
2979164,Solanum dulcamara,OpenWetPoor
2979805,Solanum dulcamara,OpenWetPoor
2981032,Solanum dulcamara,OpenWetPoor
2981036,Solanum dulcamara,OpenWetPoor
2981265,Solanum dulcamara,OpenWetPoor
2981453,Solanum dulcamara,OpenWetPoor
2981454,Solanum dulcamara,OpenWetPoor
2981455,Solanum dulcamara,OpenWetPoor
2981456,Solanum dulcamara,OpenWetPoor
2981457,Solanum dulcamara,OpenWetPoor
2981459,Solanum dulcamara,OpenWetPoor
2981465,Solanum dulcamara,OpenWetPoor
2982103,Solanum dulcamara,OpenWetPoor
2983366,Solanum dulcamara,OpenWetPoor
2983754,Solanum dulcamara,OpenWetPoor
2983755,Solanum dulcamara,OpenWetPoor
2983756,Solanum dulcamara,OpenWetPoor
2983757,Solanum dulcamara,OpenWetPoor
2983758,Solanum dulcamara,OpenWetPoor
2984403,Solanum dulcamara,OpenWetPoor
2985898,Solanum dulcamara,OpenWetPoor
2986054,Solanum dulcamara,OpenWetPoor
2986055,Solanum dulcamara,OpenWetPoor
2986056,Solanum dulcamara,OpenWetPoor
2986057,Solanum dulcamara,OpenWetPoor
2988093,Solanum dulcamara,OpenWetPoor
2988094,Solanum dulcamara,OpenWetPoor
2988095,Solanum dulcamara,OpenWetPoor
2988127,Solanum dulcamara,OpenWetPoor
2988128,Solanum dulcamara,OpenWetPoor
2988199,Solanum dulcamara,OpenWetPoor
2989046,Solanum dulcamara,OpenWetPoor
2990393,Solanum dulcamara,OpenWetPoor
2990394,Solanum dulcamara,OpenWetPoor
2990395,Solanum dulcamara,OpenWetPoor
2990396,Solanum dulcamara,OpenWetPoor
2990425,Solanum dulcamara,OpenWetPoor
2990426,Solanum dulcamara,OpenWetPoor
2991347,Solanum dulcamara,OpenWetPoor
2992496,Solanum dulcamara,OpenWetPoor
2992497,Solanum dulcamara,OpenWetPoor
2992693,Solanum dulcamara,OpenWetPoor
2992695,Solanum dulcamara,OpenWetPoor
2992696,Solanum dulcamara,OpenWetPoor
2993333,Solanum dulcamara,OpenWetPoor
2993648,Solanum dulcamara,OpenWetPoor
2994796,Solanum dulcamara,OpenWetPoor
2994797,Solanum dulcamara,OpenWetPoor
2994993,Solanum dulcamara,OpenWetPoor
2994994,Solanum dulcamara,OpenWetPoor
2994995,Solanum dulcamara,OpenWetPoor
2995235,Solanum dulcamara,OpenWetPoor
2995634,Solanum dulcamara,OpenWetPoor
2995635,Solanum dulcamara,OpenWetPoor
2995636,Solanum dulcamara,OpenWetPoor
2997086,Solanum dulcamara,OpenWetPoor
2997087,Solanum dulcamara,OpenWetPoor
2997096,Solanum dulcamara,OpenWetPoor
2997097,Solanum dulcamara,OpenWetPoor
2997536,Solanum dulcamara,OpenWetPoor
2997537,Solanum dulcamara,OpenWetPoor
2997935,Solanum dulcamara,OpenWetPoor
2997937,Solanum dulcamara,OpenWetPoor
2999385,Solanum dulcamara,OpenWetPoor
2999386,Solanum dulcamara,OpenWetPoor
2999396,Solanum dulcamara,OpenWetPoor
2999397,Solanum dulcamara,OpenWetPoor
3000237,Solanum dulcamara,OpenWetPoor
3001684,Solanum dulcamara,OpenWetPoor
3001685,Solanum dulcamara,OpenWetPoor
3001686,Solanum dulcamara,OpenWetPoor
3001694,Solanum dulcamara,OpenWetPoor
3001696,Solanum dulcamara,OpenWetPoor
3002150,Solanum dulcamara,OpenWetPoor
3002151,Solanum dulcamara,OpenWetPoor
3005153,Solanum dulcamara,OpenWetPoor
3006292,Solanum dulcamara,OpenWetPoor
3006293,Solanum dulcamara,OpenWetPoor
3006378,Solanum dulcamara,OpenWetPoor
3006521,Solanum dulcamara,OpenWetPoor
3006749,Solanum dulcamara,OpenWetPoor
3006812,Solanum dulcamara,OpenWetPoor
3006814,Solanum dulcamara,OpenWetPoor
3006830,Solanum dulcamara,OpenWetPoor
3006831,Solanum dulcamara,OpenWetPoor
3006832,Solanum dulcamara,OpenWetPoor
3007454,Solanum dulcamara,OpenWetPoor
3008594,Solanum dulcamara,OpenWetPoor
3008676,Solanum dulcamara,OpenWetPoor
3008678,Solanum dulcamara,OpenWetPoor
3008679,Solanum dulcamara,OpenWetPoor
3008821,Solanum dulcamara,OpenWetPoor
3008822,Solanum dulcamara,OpenWetPoor
3008838,Solanum dulcamara,OpenWetPoor
3008839,Solanum dulcamara,OpenWetPoor
3009049,Solanum dulcamara,OpenWetPoor
3009057,Solanum dulcamara,OpenWetPoor
3009133,Solanum dulcamara,OpenWetPoor
3009134,Solanum dulcamara,OpenWetPoor
3009755,Solanum dulcamara,OpenWetPoor
3010844,Solanum dulcamara,OpenWetPoor
3010976,Solanum dulcamara,OpenWetPoor
3010977,Solanum dulcamara,OpenWetPoor
3010978,Solanum dulcamara,OpenWetPoor
3010979,Solanum dulcamara,OpenWetPoor
3011122,Solanum dulcamara,OpenWetPoor
3011124,Solanum dulcamara,OpenWetPoor
3011125,Solanum dulcamara,OpenWetPoor
3011132,Solanum dulcamara,OpenWetPoor
3011133,Solanum dulcamara,OpenWetPoor
3011134,Solanum dulcamara,OpenWetPoor
3011137,Solanum dulcamara,OpenWetPoor
3011138,Solanum dulcamara,OpenWetPoor
3011139,Solanum dulcamara,OpenWetPoor
3011350,Solanum dulcamara,OpenWetPoor
3011351,Solanum dulcamara,OpenWetPoor
3011352,Solanum dulcamara,OpenWetPoor
3013144,Solanum dulcamara,OpenWetPoor
3013145,Solanum dulcamara,OpenWetPoor
3013146,Solanum dulcamara,OpenWetPoor
3013278,Solanum dulcamara,OpenWetPoor
3013422,Solanum dulcamara,OpenWetPoor
3013428,Solanum dulcamara,OpenWetPoor
3013429,Solanum dulcamara,OpenWetPoor
3013430,Solanum dulcamara,OpenWetPoor
3013433,Solanum dulcamara,OpenWetPoor
3013437,Solanum dulcamara,OpenWetPoor
3013438,Solanum dulcamara,OpenWetPoor
3013439,Solanum dulcamara,OpenWetPoor
3013651,Solanum dulcamara,OpenWetPoor
3013652,Solanum dulcamara,OpenWetPoor
3013657,Solanum dulcamara,OpenWetPoor
3013658,Solanum dulcamara,OpenWetPoor
3015445,Solanum dulcamara,OpenWetPoor
3015446,Solanum dulcamara,OpenWetPoor
3015493,Solanum dulcamara,OpenWetPoor
3015494,Solanum dulcamara,OpenWetPoor
3015495,Solanum dulcamara,OpenWetPoor
3015722,Solanum dulcamara,OpenWetPoor
3015727,Solanum dulcamara,OpenWetPoor
3015728,Solanum dulcamara,OpenWetPoor
3015729,Solanum dulcamara,OpenWetPoor
3015730,Solanum dulcamara,OpenWetPoor
3015888,Solanum dulcamara,OpenWetPoor
3015952,Solanum dulcamara,OpenWetPoor
3015958,Solanum dulcamara,OpenWetPoor
3016334,Solanum dulcamara,OpenWetPoor
3017745,Solanum dulcamara,OpenWetPoor
3017794,Solanum dulcamara,OpenWetPoor
3017997,Solanum dulcamara,OpenWetPoor
3017998,Solanum dulcamara,OpenWetPoor
3017999,Solanum dulcamara,OpenWetPoor
3018023,Solanum dulcamara,OpenWetPoor
3018024,Solanum dulcamara,OpenWetPoor
3018025,Solanum dulcamara,OpenWetPoor
3018026,Solanum dulcamara,OpenWetPoor
3018027,Solanum dulcamara,OpenWetPoor
3018028,Solanum dulcamara,OpenWetPoor
3018258,Solanum dulcamara,OpenWetPoor
3018259,Solanum dulcamara,OpenWetPoor
3018348,Solanum dulcamara,OpenWetPoor
3018957,Solanum dulcamara,OpenWetPoor
3018958,Solanum dulcamara,OpenWetPoor
3020296,Solanum dulcamara,OpenWetPoor
3020297,Solanum dulcamara,OpenWetPoor
3020324,Solanum dulcamara,OpenWetPoor
3020325,Solanum dulcamara,OpenWetPoor
3020326,Solanum dulcamara,OpenWetPoor
3020328,Solanum dulcamara,OpenWetPoor
3020340,Solanum dulcamara,OpenWetPoor
3020558,Solanum dulcamara,OpenWetPoor
3020559,Solanum dulcamara,OpenWetPoor
3020627,Solanum dulcamara,OpenWetPoor
3020628,Solanum dulcamara,OpenWetPoor
3021258,Solanum dulcamara,OpenWetPoor
3022598,Solanum dulcamara,OpenWetPoor
3022600,Solanum dulcamara,OpenWetPoor
3022628,Solanum dulcamara,OpenWetPoor
3022629,Solanum dulcamara,OpenWetPoor
3022630,Solanum dulcamara,OpenWetPoor
3022631,Solanum dulcamara,OpenWetPoor
3022632,Solanum dulcamara,OpenWetPoor
3022926,Solanum dulcamara,OpenWetPoor
3022928,Solanum dulcamara,OpenWetPoor
3022932,Solanum dulcamara,OpenWetPoor
3022933,Solanum dulcamara,OpenWetPoor
3022934,Solanum dulcamara,OpenWetPoor
3022947,Solanum dulcamara,OpenWetPoor
3023558,Solanum dulcamara,OpenWetPoor
3023559,Solanum dulcamara,OpenWetPoor
3024928,Solanum dulcamara,OpenWetPoor
3024930,Solanum dulcamara,OpenWetPoor
3024931,Solanum dulcamara,OpenWetPoor
3024932,Solanum dulcamara,OpenWetPoor
3025126,Solanum dulcamara,OpenWetPoor
3025158,Solanum dulcamara,OpenWetPoor
3025226,Solanum dulcamara,OpenWetPoor
3025227,Solanum dulcamara,OpenWetPoor
3025228,Solanum dulcamara,OpenWetPoor
3025232,Solanum dulcamara,OpenWetPoor
3025233,Solanum dulcamara,OpenWetPoor
3025234,Solanum dulcamara,OpenWetPoor
3025235,Solanum dulcamara,OpenWetPoor
3025254,Solanum dulcamara,OpenWetPoor
3025255,Solanum dulcamara,OpenWetPoor
3025634,Solanum dulcamara,OpenWetPoor
3025636,Solanum dulcamara,OpenWetPoor
3025859,Solanum dulcamara,OpenWetPoor
3025860,Solanum dulcamara,OpenWetPoor
3026932,Solanum dulcamara,OpenWetPoor
3027176,Solanum dulcamara,OpenWetPoor
3027177,Solanum dulcamara,OpenWetPoor
3027178,Solanum dulcamara,OpenWetPoor
3027228,Solanum dulcamara,OpenWetPoor
3027371,Solanum dulcamara,OpenWetPoor
3027527,Solanum dulcamara,OpenWetPoor
3027528,Solanum dulcamara,OpenWetPoor
3027532,Solanum dulcamara,OpenWetPoor
3027534,Solanum dulcamara,OpenWetPoor
3027535,Solanum dulcamara,OpenWetPoor
3027536,Solanum dulcamara,OpenWetPoor
3027554,Solanum dulcamara,OpenWetPoor
3027556,Solanum dulcamara,OpenWetPoor
3027557,Solanum dulcamara,OpenWetPoor
3027891,Solanum dulcamara,OpenWetPoor
3028159,Solanum dulcamara,OpenWetPoor
3028160,Solanum dulcamara,OpenWetPoor
3028161,Solanum dulcamara,OpenWetPoor
3029235,Solanum dulcamara,OpenWetPoor
3029473,Solanum dulcamara,OpenWetPoor
3029476,Solanum dulcamara,OpenWetPoor
3029478,Solanum dulcamara,OpenWetPoor
3029480,Solanum dulcamara,OpenWetPoor
3029481,Solanum dulcamara,OpenWetPoor
3029671,Solanum dulcamara,OpenWetPoor
3029833,Solanum dulcamara,OpenWetPoor
3029834,Solanum dulcamara,OpenWetPoor
3029835,Solanum dulcamara,OpenWetPoor
3029836,Solanum dulcamara,OpenWetPoor
3029854,Solanum dulcamara,OpenWetPoor
3029874,Solanum dulcamara,OpenWetPoor
3029875,Solanum dulcamara,OpenWetPoor
3029888,Solanum dulcamara,OpenWetPoor
3030460,Solanum dulcamara,OpenWetPoor
3031733,Solanum dulcamara,OpenWetPoor
3031734,Solanum dulcamara,OpenWetPoor
3031773,Solanum dulcamara,OpenWetPoor
3031775,Solanum dulcamara,OpenWetPoor
3031776,Solanum dulcamara,OpenWetPoor
3031777,Solanum dulcamara,OpenWetPoor
3031778,Solanum dulcamara,OpenWetPoor
3031780,Solanum dulcamara,OpenWetPoor
3031868,Solanum dulcamara,OpenWetPoor
3032059,Solanum dulcamara,OpenWetPoor
3032132,Solanum dulcamara,OpenWetPoor
3032133,Solanum dulcamara,OpenWetPoor
3032134,Solanum dulcamara,OpenWetPoor
3032135,Solanum dulcamara,OpenWetPoor
3032185,Solanum dulcamara,OpenWetPoor
3032187,Solanum dulcamara,OpenWetPoor
3032188,Solanum dulcamara,OpenWetPoor
3032189,Solanum dulcamara,OpenWetPoor
3034030,Solanum dulcamara,OpenWetPoor
3034075,Solanum dulcamara,OpenWetPoor
3034078,Solanum dulcamara,OpenWetPoor
3034080,Solanum dulcamara,OpenWetPoor
3034167,Solanum dulcamara,OpenWetPoor
3034421,Solanum dulcamara,OpenWetPoor
3034485,Solanum dulcamara,OpenWetPoor
3034488,Solanum dulcamara,OpenWetPoor
3035062,Solanum dulcamara,OpenWetPoor
3035063,Solanum dulcamara,OpenWetPoor
3035064,Solanum dulcamara,OpenWetPoor
3036329,Solanum dulcamara,OpenWetPoor
3036331,Solanum dulcamara,OpenWetPoor
3036334,Solanum dulcamara,OpenWetPoor
3036375,Solanum dulcamara,OpenWetPoor
3036466,Solanum dulcamara,OpenWetPoor
3036572,Solanum dulcamara,OpenWetPoor
3036721,Solanum dulcamara,OpenWetPoor
3036722,Solanum dulcamara,OpenWetPoor
3036785,Solanum dulcamara,OpenWetPoor
3036786,Solanum dulcamara,OpenWetPoor
3036788,Solanum dulcamara,OpenWetPoor
3037363,Solanum dulcamara,OpenWetPoor
3037364,Solanum dulcamara,OpenWetPoor
3037365,Solanum dulcamara,OpenWetPoor
3038701,Solanum dulcamara,OpenWetPoor
3038702,Solanum dulcamara,OpenWetPoor
3038725,Solanum dulcamara,OpenWetPoor
3038767,Solanum dulcamara,OpenWetPoor
3038768,Solanum dulcamara,OpenWetPoor
3038769,Solanum dulcamara,OpenWetPoor
3038872,Solanum dulcamara,OpenWetPoor
3038873,Solanum dulcamara,OpenWetPoor
3039021,Solanum dulcamara,OpenWetPoor
3039022,Solanum dulcamara,OpenWetPoor
3039071,Solanum dulcamara,OpenWetPoor
3039073,Solanum dulcamara,OpenWetPoor
3039074,Solanum dulcamara,OpenWetPoor
3039664,Solanum dulcamara,OpenWetPoor
3039665,Solanum dulcamara,OpenWetPoor
3040741,Solanum dulcamara,OpenWetPoor
3040967,Solanum dulcamara,OpenWetPoor
3040969,Solanum dulcamara,OpenWetPoor
3041003,Solanum dulcamara,OpenWetPoor
3041004,Solanum dulcamara,OpenWetPoor
3041005,Solanum dulcamara,OpenWetPoor
3041006,Solanum dulcamara,OpenWetPoor
3041007,Solanum dulcamara,OpenWetPoor
3041008,Solanum dulcamara,OpenWetPoor
3041009,Solanum dulcamara,OpenWetPoor
3041011,Solanum dulcamara,OpenWetPoor
3041012,Solanum dulcamara,OpenWetPoor
3041014,Solanum dulcamara,OpenWetPoor
3041022,Solanum dulcamara,OpenWetPoor
3041042,Solanum dulcamara,OpenWetPoor
3041067,Solanum dulcamara,OpenWetPoor
3041068,Solanum dulcamara,OpenWetPoor
3041322,Solanum dulcamara,OpenWetPoor
3041323,Solanum dulcamara,OpenWetPoor
3041324,Solanum dulcamara,OpenWetPoor
3041325,Solanum dulcamara,OpenWetPoor
3041351,Solanum dulcamara,OpenWetPoor
3041352,Solanum dulcamara,OpenWetPoor
3041353,Solanum dulcamara,OpenWetPoor
3041370,Solanum dulcamara,OpenWetPoor
3041371,Solanum dulcamara,OpenWetPoor
3041372,Solanum dulcamara,OpenWetPoor
3041373,Solanum dulcamara,OpenWetPoor
3043042,Solanum dulcamara,OpenWetPoor
3043056,Solanum dulcamara,OpenWetPoor
3043057,Solanum dulcamara,OpenWetPoor
3043260,Solanum dulcamara,OpenWetPoor
3043261,Solanum dulcamara,OpenWetPoor
3043266,Solanum dulcamara,OpenWetPoor
3043267,Solanum dulcamara,OpenWetPoor
3043304,Solanum dulcamara,OpenWetPoor
3043305,Solanum dulcamara,OpenWetPoor
3043306,Solanum dulcamara,OpenWetPoor
3043308,Solanum dulcamara,OpenWetPoor
3043311,Solanum dulcamara,OpenWetPoor
3043312,Solanum dulcamara,OpenWetPoor
3043342,Solanum dulcamara,OpenWetPoor
3043343,Solanum dulcamara,OpenWetPoor
3043535,Solanum dulcamara,OpenWetPoor
3043622,Solanum dulcamara,OpenWetPoor
3043623,Solanum dulcamara,OpenWetPoor
3043653,Solanum dulcamara,OpenWetPoor
3043670,Solanum dulcamara,OpenWetPoor
3043671,Solanum dulcamara,OpenWetPoor
3043772,Solanum dulcamara,OpenWetPoor
3044267,Solanum dulcamara,OpenWetPoor
3044268,Solanum dulcamara,OpenWetPoor
3045342,Solanum dulcamara,OpenWetPoor
3045343,Solanum dulcamara,OpenWetPoor
3045557,Solanum dulcamara,OpenWetPoor
3045558,Solanum dulcamara,OpenWetPoor
3045559,Solanum dulcamara,OpenWetPoor
3045560,Solanum dulcamara,OpenWetPoor
3045609,Solanum dulcamara,OpenWetPoor
3045641,Solanum dulcamara,OpenWetPoor
3045643,Solanum dulcamara,OpenWetPoor
3045668,Solanum dulcamara,OpenWetPoor
3045669,Solanum dulcamara,OpenWetPoor
3045670,Solanum dulcamara,OpenWetPoor
3045833,Solanum dulcamara,OpenWetPoor
3045834,Solanum dulcamara,OpenWetPoor
3045835,Solanum dulcamara,OpenWetPoor
3045955,Solanum dulcamara,OpenWetPoor
3045969,Solanum dulcamara,OpenWetPoor
3045970,Solanum dulcamara,OpenWetPoor
3045988,Solanum dulcamara,OpenWetPoor
3046566,Solanum dulcamara,OpenWetPoor
3046567,Solanum dulcamara,OpenWetPoor
3046568,Solanum dulcamara,OpenWetPoor
3047364,Solanum dulcamara,OpenWetPoor
3047365,Solanum dulcamara,OpenWetPoor
3047366,Solanum dulcamara,OpenWetPoor
3047642,Solanum dulcamara,OpenWetPoor
3047643,Solanum dulcamara,OpenWetPoor
3047911,Solanum dulcamara,OpenWetPoor
3047931,Solanum dulcamara,OpenWetPoor
3047939,Solanum dulcamara,OpenWetPoor
3047940,Solanum dulcamara,OpenWetPoor
3047969,Solanum dulcamara,OpenWetPoor
3047970,Solanum dulcamara,OpenWetPoor
3047971,Solanum dulcamara,OpenWetPoor
3048021,Solanum dulcamara,OpenWetPoor
3048022,Solanum dulcamara,OpenWetPoor
3048137,Solanum dulcamara,OpenWetPoor
3048269,Solanum dulcamara,OpenWetPoor
3048284,Solanum dulcamara,OpenWetPoor
3048289,Solanum dulcamara,OpenWetPoor
3048867,Solanum dulcamara,OpenWetPoor
3048868,Solanum dulcamara,OpenWetPoor
3049664,Solanum dulcamara,OpenWetPoor
3049665,Solanum dulcamara,OpenWetPoor
3049943,Solanum dulcamara,OpenWetPoor
3050232,Solanum dulcamara,OpenWetPoor
3050240,Solanum dulcamara,OpenWetPoor
3050270,Solanum dulcamara,OpenWetPoor
3050271,Solanum dulcamara,OpenWetPoor
3050321,Solanum dulcamara,OpenWetPoor
3050322,Solanum dulcamara,OpenWetPoor
3050323,Solanum dulcamara,OpenWetPoor
3050583,Solanum dulcamara,OpenWetPoor
3050584,Solanum dulcamara,OpenWetPoor
3050590,Solanum dulcamara,OpenWetPoor
3050860,Solanum dulcamara,OpenWetPoor
3051168,Solanum dulcamara,OpenWetPoor
3051169,Solanum dulcamara,OpenWetPoor
3051965,Solanum dulcamara,OpenWetPoor
3052621,Solanum dulcamara,OpenWetPoor
3052735,Solanum dulcamara,OpenWetPoor
3052737,Solanum dulcamara,OpenWetPoor
3052883,Solanum dulcamara,OpenWetPoor
3052890,Solanum dulcamara,OpenWetPoor
3053159,Solanum dulcamara,OpenWetPoor
3053468,Solanum dulcamara,OpenWetPoor
3053469,Solanum dulcamara,OpenWetPoor
3053470,Solanum dulcamara,OpenWetPoor
3054541,Solanum dulcamara,OpenWetPoor
3054552,Solanum dulcamara,OpenWetPoor
3054832,Solanum dulcamara,OpenWetPoor
3055036,Solanum dulcamara,OpenWetPoor
3055037,Solanum dulcamara,OpenWetPoor
3055190,Solanum dulcamara,OpenWetPoor
3055191,Solanum dulcamara,OpenWetPoor
3055458,Solanum dulcamara,OpenWetPoor
3055769,Solanum dulcamara,OpenWetPoor
3055770,Solanum dulcamara,OpenWetPoor
3056565,Solanum dulcamara,OpenWetPoor
3056850,Solanum dulcamara,OpenWetPoor
3056851,Solanum dulcamara,OpenWetPoor
3056853,Solanum dulcamara,OpenWetPoor
3056854,Solanum dulcamara,OpenWetPoor
3056979,Solanum dulcamara,OpenWetPoor
3057086,Solanum dulcamara,OpenWetPoor
3057132,Solanum dulcamara,OpenWetPoor
3057490,Solanum dulcamara,OpenWetPoor
3057491,Solanum dulcamara,OpenWetPoor
3058070,Solanum dulcamara,OpenWetPoor
3058071,Solanum dulcamara,OpenWetPoor
3058072,Solanum dulcamara,OpenWetPoor
3058865,Solanum dulcamara,OpenWetPoor
3059150,Solanum dulcamara,OpenWetPoor
3059279,Solanum dulcamara,OpenWetPoor
3059384,Solanum dulcamara,OpenWetPoor
3059385,Solanum dulcamara,OpenWetPoor
3059386,Solanum dulcamara,OpenWetPoor
3059791,Solanum dulcamara,OpenWetPoor
3059792,Solanum dulcamara,OpenWetPoor
3060370,Solanum dulcamara,OpenWetPoor
3060371,Solanum dulcamara,OpenWetPoor
3060372,Solanum dulcamara,OpenWetPoor
3061160,Solanum dulcamara,OpenWetPoor
3061162,Solanum dulcamara,OpenWetPoor
3061163,Solanum dulcamara,OpenWetPoor
3061578,Solanum dulcamara,OpenWetPoor
3061579,Solanum dulcamara,OpenWetPoor
3061580,Solanum dulcamara,OpenWetPoor
3061582,Solanum dulcamara,OpenWetPoor
3061685,Solanum dulcamara,OpenWetPoor
3061686,Solanum dulcamara,OpenWetPoor
3061687,Solanum dulcamara,OpenWetPoor
3061727,Solanum dulcamara,OpenWetPoor
3062671,Solanum dulcamara,OpenWetPoor
3063460,Solanum dulcamara,OpenWetPoor
3063462,Solanum dulcamara,OpenWetPoor
3063463,Solanum dulcamara,OpenWetPoor
3063878,Solanum dulcamara,OpenWetPoor
3063879,Solanum dulcamara,OpenWetPoor
3063882,Solanum dulcamara,OpenWetPoor
3063883,Solanum dulcamara,OpenWetPoor
3063916,Solanum dulcamara,OpenWetPoor
3063987,Solanum dulcamara,OpenWetPoor
3064025,Solanum dulcamara,OpenWetPoor
3064026,Solanum dulcamara,OpenWetPoor
3064027,Solanum dulcamara,OpenWetPoor
3064028,Solanum dulcamara,OpenWetPoor
3064433,Solanum dulcamara,OpenWetPoor
3064437,Solanum dulcamara,OpenWetPoor
3064971,Solanum dulcamara,OpenWetPoor
3064973,Solanum dulcamara,OpenWetPoor
3065760,Solanum dulcamara,OpenWetPoor
3065761,Solanum dulcamara,OpenWetPoor
3066177,Solanum dulcamara,OpenWetPoor
3066178,Solanum dulcamara,OpenWetPoor
3066179,Solanum dulcamara,OpenWetPoor
3066180,Solanum dulcamara,OpenWetPoor
3066182,Solanum dulcamara,OpenWetPoor
3066183,Solanum dulcamara,OpenWetPoor
3066190,Solanum dulcamara,OpenWetPoor
3066215,Solanum dulcamara,OpenWetPoor
3066327,Solanum dulcamara,OpenWetPoor
3066328,Solanum dulcamara,OpenWetPoor
3066695,Solanum dulcamara,OpenWetPoor
3067273,Solanum dulcamara,OpenWetPoor
3067274,Solanum dulcamara,OpenWetPoor
3068476,Solanum dulcamara,OpenWetPoor
3068477,Solanum dulcamara,OpenWetPoor
3068479,Solanum dulcamara,OpenWetPoor
3068481,Solanum dulcamara,OpenWetPoor
3068483,Solanum dulcamara,OpenWetPoor
3068490,Solanum dulcamara,OpenWetPoor
3068514,Solanum dulcamara,OpenWetPoor
3068622,Solanum dulcamara,OpenWetPoor
3068942,Solanum dulcamara,OpenWetPoor
3068995,Solanum dulcamara,OpenWetPoor
3069573,Solanum dulcamara,OpenWetPoor
3069574,Solanum dulcamara,OpenWetPoor
3070769,Solanum dulcamara,OpenWetPoor
3070770,Solanum dulcamara,OpenWetPoor
3070771,Solanum dulcamara,OpenWetPoor
3070772,Solanum dulcamara,OpenWetPoor
3070773,Solanum dulcamara,OpenWetPoor
3070775,Solanum dulcamara,OpenWetPoor
3070776,Solanum dulcamara,OpenWetPoor
3070777,Solanum dulcamara,OpenWetPoor
3070778,Solanum dulcamara,OpenWetPoor
3070782,Solanum dulcamara,OpenWetPoor
3070783,Solanum dulcamara,OpenWetPoor
3070790,Solanum dulcamara,OpenWetPoor
3070922,Solanum dulcamara,OpenWetPoor
3070923,Solanum dulcamara,OpenWetPoor
3071242,Solanum dulcamara,OpenWetPoor
3071243,Solanum dulcamara,OpenWetPoor
3071244,Solanum dulcamara,OpenWetPoor
3071245,Solanum dulcamara,OpenWetPoor
3071246,Solanum dulcamara,OpenWetPoor
3071247,Solanum dulcamara,OpenWetPoor
3071248,Solanum dulcamara,OpenWetPoor
3071873,Solanum dulcamara,OpenWetPoor
3073069,Solanum dulcamara,OpenWetPoor
3073070,Solanum dulcamara,OpenWetPoor
3073071,Solanum dulcamara,OpenWetPoor
3073072,Solanum dulcamara,OpenWetPoor
3073073,Solanum dulcamara,OpenWetPoor
3073074,Solanum dulcamara,OpenWetPoor
3073075,Solanum dulcamara,OpenWetPoor
3073076,Solanum dulcamara,OpenWetPoor
3073077,Solanum dulcamara,OpenWetPoor
3073082,Solanum dulcamara,OpenWetPoor
3073083,Solanum dulcamara,OpenWetPoor
3073084,Solanum dulcamara,OpenWetPoor
3073085,Solanum dulcamara,OpenWetPoor
3073088,Solanum dulcamara,OpenWetPoor
3073089,Solanum dulcamara,OpenWetPoor
3073090,Solanum dulcamara,OpenWetPoor
3073091,Solanum dulcamara,OpenWetPoor
3073092,Solanum dulcamara,OpenWetPoor
3073542,Solanum dulcamara,OpenWetPoor
3073543,Solanum dulcamara,OpenWetPoor
3073544,Solanum dulcamara,OpenWetPoor
3073545,Solanum dulcamara,OpenWetPoor
3073595,Solanum dulcamara,OpenWetPoor
3073596,Solanum dulcamara,OpenWetPoor
3074173,Solanum dulcamara,OpenWetPoor
3074174,Solanum dulcamara,OpenWetPoor
3075337,Solanum dulcamara,OpenWetPoor
3075369,Solanum dulcamara,OpenWetPoor
3075370,Solanum dulcamara,OpenWetPoor
3075372,Solanum dulcamara,OpenWetPoor
3075373,Solanum dulcamara,OpenWetPoor
3075374,Solanum dulcamara,OpenWetPoor
3075375,Solanum dulcamara,OpenWetPoor
3075376,Solanum dulcamara,OpenWetPoor
3075384,Solanum dulcamara,OpenWetPoor
3075385,Solanum dulcamara,OpenWetPoor
3075388,Solanum dulcamara,OpenWetPoor
3075389,Solanum dulcamara,OpenWetPoor
3075390,Solanum dulcamara,OpenWetPoor
3075391,Solanum dulcamara,OpenWetPoor
3075392,Solanum dulcamara,OpenWetPoor
3075400,Solanum dulcamara,OpenWetPoor
3075401,Solanum dulcamara,OpenWetPoor
3075402,Solanum dulcamara,OpenWetPoor
3075843,Solanum dulcamara,OpenWetPoor
3075844,Solanum dulcamara,OpenWetPoor
3075845,Solanum dulcamara,OpenWetPoor
3075846,Solanum dulcamara,OpenWetPoor
3075848,Solanum dulcamara,OpenWetPoor
3075850,Solanum dulcamara,OpenWetPoor
3075895,Solanum dulcamara,OpenWetPoor
3075896,Solanum dulcamara,OpenWetPoor
3076473,Solanum dulcamara,OpenWetPoor
3076474,Solanum dulcamara,OpenWetPoor
3077545,Solanum dulcamara,OpenWetPoor
3077636,Solanum dulcamara,OpenWetPoor
3077637,Solanum dulcamara,OpenWetPoor
3077638,Solanum dulcamara,OpenWetPoor
3077639,Solanum dulcamara,OpenWetPoor
3077662,Solanum dulcamara,OpenWetPoor
3077663,Solanum dulcamara,OpenWetPoor
3077664,Solanum dulcamara,OpenWetPoor
3077665,Solanum dulcamara,OpenWetPoor
3077666,Solanum dulcamara,OpenWetPoor
3077670,Solanum dulcamara,OpenWetPoor
3077672,Solanum dulcamara,OpenWetPoor
3077685,Solanum dulcamara,OpenWetPoor
3077686,Solanum dulcamara,OpenWetPoor
3077690,Solanum dulcamara,OpenWetPoor
3077698,Solanum dulcamara,OpenWetPoor
3077699,Solanum dulcamara,OpenWetPoor
3077701,Solanum dulcamara,OpenWetPoor
3077702,Solanum dulcamara,OpenWetPoor
3078143,Solanum dulcamara,OpenWetPoor
3078148,Solanum dulcamara,OpenWetPoor
3078195,Solanum dulcamara,OpenWetPoor
3078550,Solanum dulcamara,OpenWetPoor
3078551,Solanum dulcamara,OpenWetPoor
3078772,Solanum dulcamara,OpenWetPoor
3079935,Solanum dulcamara,OpenWetPoor
3079936,Solanum dulcamara,OpenWetPoor
3079937,Solanum dulcamara,OpenWetPoor
3079938,Solanum dulcamara,OpenWetPoor
3079939,Solanum dulcamara,OpenWetPoor
3079961,Solanum dulcamara,OpenWetPoor
3079962,Solanum dulcamara,OpenWetPoor
3079964,Solanum dulcamara,OpenWetPoor
3079965,Solanum dulcamara,OpenWetPoor
3079966,Solanum dulcamara,OpenWetPoor
3079970,Solanum dulcamara,OpenWetPoor
3079971,Solanum dulcamara,OpenWetPoor
3080001,Solanum dulcamara,OpenWetPoor
3080002,Solanum dulcamara,OpenWetPoor
3080449,Solanum dulcamara,OpenWetPoor
3080492,Solanum dulcamara,OpenWetPoor
3080493,Solanum dulcamara,OpenWetPoor
3080494,Solanum dulcamara,OpenWetPoor
3080495,Solanum dulcamara,OpenWetPoor
3080849,Solanum dulcamara,OpenWetPoor
3080851,Solanum dulcamara,OpenWetPoor
3080852,Solanum dulcamara,OpenWetPoor
3081071,Solanum dulcamara,OpenWetPoor
3081072,Solanum dulcamara,OpenWetPoor
3081073,Solanum dulcamara,OpenWetPoor
3081861,Solanum dulcamara,OpenWetPoor
3082235,Solanum dulcamara,OpenWetPoor
3082236,Solanum dulcamara,OpenWetPoor
3082237,Solanum dulcamara,OpenWetPoor
3082238,Solanum dulcamara,OpenWetPoor
3082239,Solanum dulcamara,OpenWetPoor
3082261,Solanum dulcamara,OpenWetPoor
3082262,Solanum dulcamara,OpenWetPoor
3082264,Solanum dulcamara,OpenWetPoor
3082265,Solanum dulcamara,OpenWetPoor
3082266,Solanum dulcamara,OpenWetPoor
3082267,Solanum dulcamara,OpenWetPoor
3082268,Solanum dulcamara,OpenWetPoor
3082308,Solanum dulcamara,OpenWetPoor
3082752,Solanum dulcamara,OpenWetPoor
3082753,Solanum dulcamara,OpenWetPoor
3082793,Solanum dulcamara,OpenWetPoor
3082794,Solanum dulcamara,OpenWetPoor
3083150,Solanum dulcamara,OpenWetPoor
3083152,Solanum dulcamara,OpenWetPoor
3084536,Solanum dulcamara,OpenWetPoor
3084537,Solanum dulcamara,OpenWetPoor
3084538,Solanum dulcamara,OpenWetPoor
3084539,Solanum dulcamara,OpenWetPoor
3084556,Solanum dulcamara,OpenWetPoor
3084557,Solanum dulcamara,OpenWetPoor
3084561,Solanum dulcamara,OpenWetPoor
3084562,Solanum dulcamara,OpenWetPoor
3084563,Solanum dulcamara,OpenWetPoor
3084564,Solanum dulcamara,OpenWetPoor
3084565,Solanum dulcamara,OpenWetPoor
3084566,Solanum dulcamara,OpenWetPoor
3084605,Solanum dulcamara,OpenWetPoor
3084606,Solanum dulcamara,OpenWetPoor
3084607,Solanum dulcamara,OpenWetPoor
3084608,Solanum dulcamara,OpenWetPoor
3084770,Solanum dulcamara,OpenWetPoor
3084974,Solanum dulcamara,OpenWetPoor
3085094,Solanum dulcamara,OpenWetPoor
3085166,Solanum dulcamara,OpenWetPoor
3085167,Solanum dulcamara,OpenWetPoor
3085450,Solanum dulcamara,OpenWetPoor
3085452,Solanum dulcamara,OpenWetPoor
3086854,Solanum dulcamara,OpenWetPoor
3086855,Solanum dulcamara,OpenWetPoor
3086856,Solanum dulcamara,OpenWetPoor
3086857,Solanum dulcamara,OpenWetPoor
3087029,Solanum dulcamara,OpenWetPoor
3087030,Solanum dulcamara,OpenWetPoor
3087031,Solanum dulcamara,OpenWetPoor
3087271,Solanum dulcamara,OpenWetPoor
3087467,Solanum dulcamara,OpenWetPoor
3087970,Solanum dulcamara,OpenWetPoor
3089154,Solanum dulcamara,OpenWetPoor
3089155,Solanum dulcamara,OpenWetPoor
3089156,Solanum dulcamara,OpenWetPoor
3089157,Solanum dulcamara,OpenWetPoor
3089158,Solanum dulcamara,OpenWetPoor
3089159,Solanum dulcamara,OpenWetPoor
3089160,Solanum dulcamara,OpenWetPoor
3089330,Solanum dulcamara,OpenWetPoor
3089331,Solanum dulcamara,OpenWetPoor
3089371,Solanum dulcamara,OpenWetPoor
3089738,Solanum dulcamara,OpenWetPoor
3089739,Solanum dulcamara,OpenWetPoor
3089740,Solanum dulcamara,OpenWetPoor
3090268,Solanum dulcamara,OpenWetPoor
3091444,Solanum dulcamara,OpenWetPoor
3091454,Solanum dulcamara,OpenWetPoor
3091458,Solanum dulcamara,OpenWetPoor
3091460,Solanum dulcamara,OpenWetPoor
3091461,Solanum dulcamara,OpenWetPoor
3091462,Solanum dulcamara,OpenWetPoor
3091629,Solanum dulcamara,OpenWetPoor
3091630,Solanum dulcamara,OpenWetPoor
3092033,Solanum dulcamara,OpenWetPoor
3092034,Solanum dulcamara,OpenWetPoor
3092035,Solanum dulcamara,OpenWetPoor
3092036,Solanum dulcamara,OpenWetPoor
3092037,Solanum dulcamara,OpenWetPoor
3092038,Solanum dulcamara,OpenWetPoor
3092039,Solanum dulcamara,OpenWetPoor
3092040,Solanum dulcamara,OpenWetPoor
3092055,Solanum dulcamara,OpenWetPoor
3092056,Solanum dulcamara,OpenWetPoor
3092568,Solanum dulcamara,OpenWetPoor
3093742,Solanum dulcamara,OpenWetPoor
3093743,Solanum dulcamara,OpenWetPoor
3093744,Solanum dulcamara,OpenWetPoor
3093746,Solanum dulcamara,OpenWetPoor
3093747,Solanum dulcamara,OpenWetPoor
3093752,Solanum dulcamara,OpenWetPoor
3093756,Solanum dulcamara,OpenWetPoor
3093757,Solanum dulcamara,OpenWetPoor
3093758,Solanum dulcamara,OpenWetPoor
3093759,Solanum dulcamara,OpenWetPoor
3093760,Solanum dulcamara,OpenWetPoor
3093761,Solanum dulcamara,OpenWetPoor
3093762,Solanum dulcamara,OpenWetPoor
3093939,Solanum dulcamara,OpenWetPoor
3093940,Solanum dulcamara,OpenWetPoor
3093941,Solanum dulcamara,OpenWetPoor
3094333,Solanum dulcamara,OpenWetPoor
3094334,Solanum dulcamara,OpenWetPoor
3094338,Solanum dulcamara,OpenWetPoor
3094339,Solanum dulcamara,OpenWetPoor
3094341,Solanum dulcamara,OpenWetPoor
3094355,Solanum dulcamara,OpenWetPoor
3094536,Solanum dulcamara,OpenWetPoor
3094537,Solanum dulcamara,OpenWetPoor
3094562,Solanum dulcamara,OpenWetPoor
3094867,Solanum dulcamara,OpenWetPoor
3094868,Solanum dulcamara,OpenWetPoor
3096046,Solanum dulcamara,OpenWetPoor
3096052,Solanum dulcamara,OpenWetPoor
3096053,Solanum dulcamara,OpenWetPoor
3096054,Solanum dulcamara,OpenWetPoor
3096055,Solanum dulcamara,OpenWetPoor
3096058,Solanum dulcamara,OpenWetPoor
3096059,Solanum dulcamara,OpenWetPoor
3096060,Solanum dulcamara,OpenWetPoor
3096061,Solanum dulcamara,OpenWetPoor
3096062,Solanum dulcamara,OpenWetPoor
3096240,Solanum dulcamara,OpenWetPoor
3096241,Solanum dulcamara,OpenWetPoor
3096242,Solanum dulcamara,OpenWetPoor
3096243,Solanum dulcamara,OpenWetPoor
3096634,Solanum dulcamara,OpenWetPoor
3096635,Solanum dulcamara,OpenWetPoor
3096637,Solanum dulcamara,OpenWetPoor
3096639,Solanum dulcamara,OpenWetPoor
3096640,Solanum dulcamara,OpenWetPoor
3096641,Solanum dulcamara,OpenWetPoor
3096642,Solanum dulcamara,OpenWetPoor
3096656,Solanum dulcamara,OpenWetPoor
3096835,Solanum dulcamara,OpenWetPoor
3096836,Solanum dulcamara,OpenWetPoor
3096838,Solanum dulcamara,OpenWetPoor
3096863,Solanum dulcamara,OpenWetPoor
3097167,Solanum dulcamara,OpenWetPoor
3097168,Solanum dulcamara,OpenWetPoor
3098258,Solanum dulcamara,OpenWetPoor
3098448,Solanum dulcamara,OpenWetPoor
3098541,Solanum dulcamara,OpenWetPoor
3098856,Solanum dulcamara,OpenWetPoor
3098933,Solanum dulcamara,OpenWetPoor
3098934,Solanum dulcamara,OpenWetPoor
3098935,Solanum dulcamara,OpenWetPoor
3098936,Solanum dulcamara,OpenWetPoor
3098939,Solanum dulcamara,OpenWetPoor
3098940,Solanum dulcamara,OpenWetPoor
3098941,Solanum dulcamara,OpenWetPoor
3098958,Solanum dulcamara,OpenWetPoor
3099134,Solanum dulcamara,OpenWetPoor
3099135,Solanum dulcamara,OpenWetPoor
3099136,Solanum dulcamara,OpenWetPoor
3099137,Solanum dulcamara,OpenWetPoor
3099138,Solanum dulcamara,OpenWetPoor
3099163,Solanum dulcamara,OpenWetPoor
3099467,Solanum dulcamara,OpenWetPoor
3100756,Solanum dulcamara,OpenWetPoor
3100757,Solanum dulcamara,OpenWetPoor
3101434,Solanum dulcamara,OpenWetPoor
3101435,Solanum dulcamara,OpenWetPoor
3101437,Solanum dulcamara,OpenWetPoor
3101438,Solanum dulcamara,OpenWetPoor
3101462,Solanum dulcamara,OpenWetPoor
3101463,Solanum dulcamara,OpenWetPoor
3101464,Solanum dulcamara,OpenWetPoor
3101767,Solanum dulcamara,OpenWetPoor
3102558,Solanum dulcamara,OpenWetPoor
3102559,Solanum dulcamara,OpenWetPoor
3103058,Solanum dulcamara,OpenWetPoor
3103537,Solanum dulcamara,OpenWetPoor
3103735,Solanum dulcamara,OpenWetPoor
3103736,Solanum dulcamara,OpenWetPoor
3103737,Solanum dulcamara,OpenWetPoor
3103762,Solanum dulcamara,OpenWetPoor
3103763,Solanum dulcamara,OpenWetPoor
3103764,Solanum dulcamara,OpenWetPoor
3104066,Solanum dulcamara,OpenWetPoor
3104067,Solanum dulcamara,OpenWetPoor
3105356,Solanum dulcamara,OpenWetPoor
3106062,Solanum dulcamara,OpenWetPoor
3106063,Solanum dulcamara,OpenWetPoor
3106064,Solanum dulcamara,OpenWetPoor
3106365,Solanum dulcamara,OpenWetPoor
3107656,Solanum dulcamara,OpenWetPoor
3107819,Solanum dulcamara,OpenWetPoor
3107821,Solanum dulcamara,OpenWetPoor
3108136,Solanum dulcamara,OpenWetPoor
3108138,Solanum dulcamara,OpenWetPoor
3108313,Solanum dulcamara,OpenWetPoor
3108362,Solanum dulcamara,OpenWetPoor
3108363,Solanum dulcamara,OpenWetPoor
3108664,Solanum dulcamara,OpenWetPoor
3110050,Solanum dulcamara,OpenWetPoor
3110051,Solanum dulcamara,OpenWetPoor
3110052,Solanum dulcamara,OpenWetPoor
3110118,Solanum dulcamara,OpenWetPoor
3110120,Solanum dulcamara,OpenWetPoor
3110460,Solanum dulcamara,OpenWetPoor
3110661,Solanum dulcamara,OpenWetPoor
3110662,Solanum dulcamara,OpenWetPoor
3112348,Solanum dulcamara,OpenWetPoor
3112352,Solanum dulcamara,OpenWetPoor
3112353,Solanum dulcamara,OpenWetPoor
3112961,Solanum dulcamara,OpenWetPoor
3112962,Solanum dulcamara,OpenWetPoor
3113262,Solanum dulcamara,OpenWetPoor
3114648,Solanum dulcamara,OpenWetPoor
3114652,Solanum dulcamara,OpenWetPoor
3114653,Solanum dulcamara,OpenWetPoor
3115261,Solanum dulcamara,OpenWetPoor
3115262,Solanum dulcamara,OpenWetPoor
3115263,Solanum dulcamara,OpenWetPoor
3115561,Solanum dulcamara,OpenWetPoor
3116838,Solanum dulcamara,OpenWetPoor
3116948,Solanum dulcamara,OpenWetPoor
3116950,Solanum dulcamara,OpenWetPoor
3116951,Solanum dulcamara,OpenWetPoor
3116952,Solanum dulcamara,OpenWetPoor
3116953,Solanum dulcamara,OpenWetPoor
3117127,Solanum dulcamara,OpenWetPoor
3117399,Solanum dulcamara,OpenWetPoor
3117562,Solanum dulcamara,OpenWetPoor
3117563,Solanum dulcamara,OpenWetPoor
3117564,Solanum dulcamara,OpenWetPoor
3117860,Solanum dulcamara,OpenWetPoor
3118963,Solanum dulcamara,OpenWetPoor
3119136,Solanum dulcamara,OpenWetPoor
3119137,Solanum dulcamara,OpenWetPoor
3119138,Solanum dulcamara,OpenWetPoor
3119139,Solanum dulcamara,OpenWetPoor
3119203,Solanum dulcamara,OpenWetPoor
3119249,Solanum dulcamara,OpenWetPoor
3119251,Solanum dulcamara,OpenWetPoor
3119252,Solanum dulcamara,OpenWetPoor
3119676,Solanum dulcamara,OpenWetPoor
3119830,Solanum dulcamara,OpenWetPoor
3119831,Solanum dulcamara,OpenWetPoor
3119832,Solanum dulcamara,OpenWetPoor
3119833,Solanum dulcamara,OpenWetPoor
3119981,Solanum dulcamara,OpenWetPoor
3119983,Solanum dulcamara,OpenWetPoor
3121437,Solanum dulcamara,OpenWetPoor
3121438,Solanum dulcamara,OpenWetPoor
3121439,Solanum dulcamara,OpenWetPoor
3121440,Solanum dulcamara,OpenWetPoor
3122131,Solanum dulcamara,OpenWetPoor
3122132,Solanum dulcamara,OpenWetPoor
3122133,Solanum dulcamara,OpenWetPoor
3122282,Solanum dulcamara,OpenWetPoor
3123737,Solanum dulcamara,OpenWetPoor
3123738,Solanum dulcamara,OpenWetPoor
3123739,Solanum dulcamara,OpenWetPoor
3123804,Solanum dulcamara,OpenWetPoor
3124230,Solanum dulcamara,OpenWetPoor
3124759,Solanum dulcamara,OpenWetPoor
3125566,Solanum dulcamara,OpenWetPoor
3125851,Solanum dulcamara,OpenWetPoor
3126002,Solanum dulcamara,OpenWetPoor
3126003,Solanum dulcamara,OpenWetPoor
3126037,Solanum dulcamara,OpenWetPoor
3126038,Solanum dulcamara,OpenWetPoor
3126530,Solanum dulcamara,OpenWetPoor
3126886,Solanum dulcamara,OpenWetPoor
3127059,Solanum dulcamara,OpenWetPoor
3128302,Solanum dulcamara,OpenWetPoor
3128327,Solanum dulcamara,OpenWetPoor
3128513,Solanum dulcamara,OpenWetPoor
3128514,Solanum dulcamara,OpenWetPoor
3128515,Solanum dulcamara,OpenWetPoor
3128814,Solanum dulcamara,OpenWetPoor
3128866,Solanum dulcamara,OpenWetPoor
3128867,Solanum dulcamara,OpenWetPoor
3129183,Solanum dulcamara,OpenWetPoor
3129184,Solanum dulcamara,OpenWetPoor
3129185,Solanum dulcamara,OpenWetPoor
3129186,Solanum dulcamara,OpenWetPoor
3129359,Solanum dulcamara,OpenWetPoor
3130575,Solanum dulcamara,OpenWetPoor
3130576,Solanum dulcamara,OpenWetPoor
3130601,Solanum dulcamara,OpenWetPoor
3130602,Solanum dulcamara,OpenWetPoor
3130621,Solanum dulcamara,OpenWetPoor
3130622,Solanum dulcamara,OpenWetPoor
3130623,Solanum dulcamara,OpenWetPoor
3130625,Solanum dulcamara,OpenWetPoor
3130812,Solanum dulcamara,OpenWetPoor
3130813,Solanum dulcamara,OpenWetPoor
3130814,Solanum dulcamara,OpenWetPoor
3130815,Solanum dulcamara,OpenWetPoor
3131068,Solanum dulcamara,OpenWetPoor
3131114,Solanum dulcamara,OpenWetPoor
3131115,Solanum dulcamara,OpenWetPoor
3131116,Solanum dulcamara,OpenWetPoor
3131166,Solanum dulcamara,OpenWetPoor
3131483,Solanum dulcamara,OpenWetPoor
3131484,Solanum dulcamara,OpenWetPoor
3131659,Solanum dulcamara,OpenWetPoor
3132751,Solanum dulcamara,OpenWetPoor
3132875,Solanum dulcamara,OpenWetPoor
3132876,Solanum dulcamara,OpenWetPoor
3132877,Solanum dulcamara,OpenWetPoor
3132900,Solanum dulcamara,OpenWetPoor
3132901,Solanum dulcamara,OpenWetPoor
3132923,Solanum dulcamara,OpenWetPoor
3132924,Solanum dulcamara,OpenWetPoor
3132925,Solanum dulcamara,OpenWetPoor
3133112,Solanum dulcamara,OpenWetPoor
3133113,Solanum dulcamara,OpenWetPoor
3133114,Solanum dulcamara,OpenWetPoor
3133413,Solanum dulcamara,OpenWetPoor
3133414,Solanum dulcamara,OpenWetPoor
3133467,Solanum dulcamara,OpenWetPoor
3133468,Solanum dulcamara,OpenWetPoor
3133469,Solanum dulcamara,OpenWetPoor
3133471,Solanum dulcamara,OpenWetPoor
3133787,Solanum dulcamara,OpenWetPoor
3133789,Solanum dulcamara,OpenWetPoor
3133959,Solanum dulcamara,OpenWetPoor
3135175,Solanum dulcamara,OpenWetPoor
3135176,Solanum dulcamara,OpenWetPoor
3135177,Solanum dulcamara,OpenWetPoor
3135178,Solanum dulcamara,OpenWetPoor
3135202,Solanum dulcamara,OpenWetPoor
3135412,Solanum dulcamara,OpenWetPoor
3135414,Solanum dulcamara,OpenWetPoor
3135628,Solanum dulcamara,OpenWetPoor
3135713,Solanum dulcamara,OpenWetPoor
3135770,Solanum dulcamara,OpenWetPoor
3135771,Solanum dulcamara,OpenWetPoor
3137358,Solanum dulcamara,OpenWetPoor
3137359,Solanum dulcamara,OpenWetPoor
3137474,Solanum dulcamara,OpenWetPoor
3137476,Solanum dulcamara,OpenWetPoor
3137477,Solanum dulcamara,OpenWetPoor
3137713,Solanum dulcamara,OpenWetPoor
3137929,Solanum dulcamara,OpenWetPoor
3137964,Solanum dulcamara,OpenWetPoor
3137965,Solanum dulcamara,OpenWetPoor
3138001,Solanum dulcamara,OpenWetPoor
3138002,Solanum dulcamara,OpenWetPoor
3138004,Solanum dulcamara,OpenWetPoor
3138022,Solanum dulcamara,OpenWetPoor
3138069,Solanum dulcamara,OpenWetPoor
3138365,Solanum dulcamara,OpenWetPoor
3138366,Solanum dulcamara,OpenWetPoor
3138385,Solanum dulcamara,OpenWetPoor
3139658,Solanum dulcamara,OpenWetPoor
3139774,Solanum dulcamara,OpenWetPoor
3139775,Solanum dulcamara,OpenWetPoor
3139776,Solanum dulcamara,OpenWetPoor
3139777,Solanum dulcamara,OpenWetPoor
3140231,Solanum dulcamara,OpenWetPoor
3140265,Solanum dulcamara,OpenWetPoor
3140301,Solanum dulcamara,OpenWetPoor
3140302,Solanum dulcamara,OpenWetPoor
3140322,Solanum dulcamara,OpenWetPoor
3140367,Solanum dulcamara,OpenWetPoor
3140368,Solanum dulcamara,OpenWetPoor
3140369,Solanum dulcamara,OpenWetPoor
3140370,Solanum dulcamara,OpenWetPoor
3142531,Solanum dulcamara,OpenWetPoor
3142532,Solanum dulcamara,OpenWetPoor
3142563,Solanum dulcamara,OpenWetPoor
3142565,Solanum dulcamara,OpenWetPoor
3142590,Solanum dulcamara,OpenWetPoor
3142602,Solanum dulcamara,OpenWetPoor
3142666,Solanum dulcamara,OpenWetPoor
3142667,Solanum dulcamara,OpenWetPoor
3144254,Solanum dulcamara,OpenWetPoor
3144863,Solanum dulcamara,OpenWetPoor
3144927,Solanum dulcamara,OpenWetPoor
3144930,Solanum dulcamara,OpenWetPoor
3144964,Solanum dulcamara,OpenWetPoor
3144965,Solanum dulcamara,OpenWetPoor
3146554,Solanum dulcamara,OpenWetPoor
3147166,Solanum dulcamara,OpenWetPoor
3147187,Solanum dulcamara,OpenWetPoor
3147227,Solanum dulcamara,OpenWetPoor
3147231,Solanum dulcamara,OpenWetPoor
3147265,Solanum dulcamara,OpenWetPoor
3147267,Solanum dulcamara,OpenWetPoor
3149482,Solanum dulcamara,OpenWetPoor
3149483,Solanum dulcamara,OpenWetPoor
3149484,Solanum dulcamara,OpenWetPoor
3149532,Solanum dulcamara,OpenWetPoor
3149533,Solanum dulcamara,OpenWetPoor
3149584,Solanum dulcamara,OpenWetPoor
3151870,Solanum dulcamara,OpenWetPoor
3151871,Solanum dulcamara,OpenWetPoor
3153918,Solanum dulcamara,OpenWetPoor
3154057,Solanum dulcamara,OpenWetPoor
3154171,Solanum dulcamara,OpenWetPoor
3154172,Solanum dulcamara,OpenWetPoor
3154173,Solanum dulcamara,OpenWetPoor
3154533,Solanum dulcamara,OpenWetPoor
3156137,Solanum dulcamara,OpenWetPoor
3156221,Solanum dulcamara,OpenWetPoor
3156383,Solanum dulcamara,OpenWetPoor
3156384,Solanum dulcamara,OpenWetPoor
3156385,Solanum dulcamara,OpenWetPoor
3156832,Solanum dulcamara,OpenWetPoor
3156833,Solanum dulcamara,OpenWetPoor
3156837,Solanum dulcamara,OpenWetPoor
3156840,Solanum dulcamara,OpenWetPoor
3158679,Solanum dulcamara,OpenWetPoor
3158681,Solanum dulcamara,OpenWetPoor
3158682,Solanum dulcamara,OpenWetPoor
3159132,Solanum dulcamara,OpenWetPoor
3160365,Solanum dulcamara,OpenWetPoor
3160366,Solanum dulcamara,OpenWetPoor
3160820,Solanum dulcamara,OpenWetPoor
3160982,Solanum dulcamara,OpenWetPoor
3160983,Solanum dulcamara,OpenWetPoor
3160984,Solanum dulcamara,OpenWetPoor
3161433,Solanum dulcamara,OpenWetPoor
3161435,Solanum dulcamara,OpenWetPoor
3162666,Solanum dulcamara,OpenWetPoor
3163280,Solanum dulcamara,OpenWetPoor
3163384,Solanum dulcamara,OpenWetPoor
3163387,Solanum dulcamara,OpenWetPoor
3163388,Solanum dulcamara,OpenWetPoor
3163389,Solanum dulcamara,OpenWetPoor
3163732,Solanum dulcamara,OpenWetPoor
3163854,Solanum dulcamara,OpenWetPoor
3165581,Solanum dulcamara,OpenWetPoor
3165686,Solanum dulcamara,OpenWetPoor
3165689,Solanum dulcamara,OpenWetPoor
3167849,Solanum dulcamara,OpenWetPoor
3167850,Solanum dulcamara,OpenWetPoor
3167882,Solanum dulcamara,OpenWetPoor
3167988,Solanum dulcamara,OpenWetPoor
3167990,Solanum dulcamara,OpenWetPoor
3168455,Solanum dulcamara,OpenWetPoor
3170148,Solanum dulcamara,OpenWetPoor
3170291,Solanum dulcamara,OpenWetPoor
3170755,Solanum dulcamara,OpenWetPoor
3172447,Solanum dulcamara,OpenWetPoor
3172480,Solanum dulcamara,OpenWetPoor
3174746,Solanum dulcamara,OpenWetPoor
3174822,Solanum dulcamara,OpenWetPoor
3175356,Solanum dulcamara,OpenWetPoor
3177044,Solanum dulcamara,OpenWetPoor
3177123,Solanum dulcamara,OpenWetPoor
3177128,Solanum dulcamara,OpenWetPoor
3179344,Solanum dulcamara,OpenWetPoor
3179420,Solanum dulcamara,OpenWetPoor
3179425,Solanum dulcamara,OpenWetPoor
3179427,Solanum dulcamara,OpenWetPoor
3180812,Solanum dulcamara,OpenWetPoor
3181720,Solanum dulcamara,OpenWetPoor
3181723,Solanum dulcamara,OpenWetPoor
3181725,Solanum dulcamara,OpenWetPoor
3182127,Solanum dulcamara,OpenWetPoor
3183619,Solanum dulcamara,OpenWetPoor
3184426,Solanum dulcamara,OpenWetPoor
3184427,Solanum dulcamara,OpenWetPoor
3185804,Solanum dulcamara,OpenWetPoor
3185805,Solanum dulcamara,OpenWetPoor
3185806,Solanum dulcamara,OpenWetPoor
3185918,Solanum dulcamara,OpenWetPoor
3185919,Solanum dulcamara,OpenWetPoor
3186244,Solanum dulcamara,OpenWetPoor
3186727,Solanum dulcamara,OpenWetPoor
3188104,Solanum dulcamara,OpenWetPoor
3188105,Solanum dulcamara,OpenWetPoor
3188106,Solanum dulcamara,OpenWetPoor
3188107,Solanum dulcamara,OpenWetPoor
3188108,Solanum dulcamara,OpenWetPoor
3188575,Solanum dulcamara,OpenWetPoor
3188583,Solanum dulcamara,OpenWetPoor
3189024,Solanum dulcamara,OpenWetPoor
3189025,Solanum dulcamara,OpenWetPoor
3190405,Solanum dulcamara,OpenWetPoor
3190407,Solanum dulcamara,OpenWetPoor
3190408,Solanum dulcamara,OpenWetPoor
3190430,Solanum dulcamara,OpenWetPoor
3190518,Solanum dulcamara,OpenWetPoor
3190633,Solanum dulcamara,OpenWetPoor
3190634,Solanum dulcamara,OpenWetPoor
3190635,Solanum dulcamara,OpenWetPoor
3190842,Solanum dulcamara,OpenWetPoor
3190858,Solanum dulcamara,OpenWetPoor
3190859,Solanum dulcamara,OpenWetPoor
3190984,Solanum dulcamara,OpenWetPoor
3190985,Solanum dulcamara,OpenWetPoor
3192707,Solanum dulcamara,OpenWetPoor
3192712,Solanum dulcamara,OpenWetPoor
3192713,Solanum dulcamara,OpenWetPoor
3192714,Solanum dulcamara,OpenWetPoor
3192729,Solanum dulcamara,OpenWetPoor
3193141,Solanum dulcamara,OpenWetPoor
3193175,Solanum dulcamara,OpenWetPoor
3193285,Solanum dulcamara,OpenWetPoor
3193607,Solanum dulcamara,OpenWetPoor
3193637,Solanum dulcamara,OpenWetPoor
3195012,Solanum dulcamara,OpenWetPoor
3195013,Solanum dulcamara,OpenWetPoor
3195015,Solanum dulcamara,OpenWetPoor
3195233,Solanum dulcamara,OpenWetPoor
3195443,Solanum dulcamara,OpenWetPoor
3195458,Solanum dulcamara,OpenWetPoor
3195475,Solanum dulcamara,OpenWetPoor
3195586,Solanum dulcamara,OpenWetPoor
3195906,Solanum dulcamara,OpenWetPoor
3195907,Solanum dulcamara,OpenWetPoor
3197313,Solanum dulcamara,OpenWetPoor
3197314,Solanum dulcamara,OpenWetPoor
3197315,Solanum dulcamara,OpenWetPoor
3197772,Solanum dulcamara,OpenWetPoor
3198206,Solanum dulcamara,OpenWetPoor
3198207,Solanum dulcamara,OpenWetPoor
3198236,Solanum dulcamara,OpenWetPoor
3199614,Solanum dulcamara,OpenWetPoor
3199615,Solanum dulcamara,OpenWetPoor
3200042,Solanum dulcamara,OpenWetPoor
3200056,Solanum dulcamara,OpenWetPoor
3200057,Solanum dulcamara,OpenWetPoor
3200506,Solanum dulcamara,OpenWetPoor
3200507,Solanum dulcamara,OpenWetPoor
3202051,Solanum dulcamara,OpenWetPoor
3202337,Solanum dulcamara,OpenWetPoor
3202353,Solanum dulcamara,OpenWetPoor
3202354,Solanum dulcamara,OpenWetPoor
3204159,Solanum dulcamara,OpenWetPoor
3204160,Solanum dulcamara,OpenWetPoor
3204642,Solanum dulcamara,OpenWetPoor
3206460,Solanum dulcamara,OpenWetPoor
3206461,Solanum dulcamara,OpenWetPoor
3206936,Solanum dulcamara,OpenWetPoor
3206942,Solanum dulcamara,OpenWetPoor
3208759,Solanum dulcamara,OpenWetPoor
3208761,Solanum dulcamara,OpenWetPoor
3209240,Solanum dulcamara,OpenWetPoor
3211561,Solanum dulcamara,OpenWetPoor
3211562,Solanum dulcamara,OpenWetPoor
3213390,Solanum dulcamara,OpenWetPoor
3213397,Solanum dulcamara,OpenWetPoor
3213434,Solanum dulcamara,OpenWetPoor
3213837,Solanum dulcamara,OpenWetPoor
3213861,Solanum dulcamara,OpenWetPoor
3213862,Solanum dulcamara,OpenWetPoor
3213863,Solanum dulcamara,OpenWetPoor
3213864,Solanum dulcamara,OpenWetPoor
3215689,Solanum dulcamara,OpenWetPoor
3215696,Solanum dulcamara,OpenWetPoor
3215733,Solanum dulcamara,OpenWetPoor
3215734,Solanum dulcamara,OpenWetPoor
3215735,Solanum dulcamara,OpenWetPoor
3215736,Solanum dulcamara,OpenWetPoor
3216132,Solanum dulcamara,OpenWetPoor
3216133,Solanum dulcamara,OpenWetPoor
3216134,Solanum dulcamara,OpenWetPoor
3216135,Solanum dulcamara,OpenWetPoor
3216136,Solanum dulcamara,OpenWetPoor
3216137,Solanum dulcamara,OpenWetPoor
3216144,Solanum dulcamara,OpenWetPoor
3216145,Solanum dulcamara,OpenWetPoor
3216163,Solanum dulcamara,OpenWetPoor
3216164,Solanum dulcamara,OpenWetPoor
3216608,Solanum dulcamara,OpenWetPoor
3217988,Solanum dulcamara,OpenWetPoor
3217989,Solanum dulcamara,OpenWetPoor
3218032,Solanum dulcamara,OpenWetPoor
3218033,Solanum dulcamara,OpenWetPoor
3218034,Solanum dulcamara,OpenWetPoor
3218035,Solanum dulcamara,OpenWetPoor
3218036,Solanum dulcamara,OpenWetPoor
3218053,Solanum dulcamara,OpenWetPoor
3218054,Solanum dulcamara,OpenWetPoor
3218431,Solanum dulcamara,OpenWetPoor
3218432,Solanum dulcamara,OpenWetPoor
3218434,Solanum dulcamara,OpenWetPoor
3218443,Solanum dulcamara,OpenWetPoor
3218908,Solanum dulcamara,OpenWetPoor
3219858,Solanum dulcamara,OpenWetPoor
3220288,Solanum dulcamara,OpenWetPoor
3220298,Solanum dulcamara,OpenWetPoor
3220299,Solanum dulcamara,OpenWetPoor
3220335,Solanum dulcamara,OpenWetPoor
3220351,Solanum dulcamara,OpenWetPoor
3220355,Solanum dulcamara,OpenWetPoor
3220729,Solanum dulcamara,OpenWetPoor
3220730,Solanum dulcamara,OpenWetPoor
3220731,Solanum dulcamara,OpenWetPoor
3221096,Solanum dulcamara,OpenWetPoor
3221208,Solanum dulcamara,OpenWetPoor
3222157,Solanum dulcamara,OpenWetPoor
3222160,Solanum dulcamara,OpenWetPoor
3222496,Solanum dulcamara,OpenWetPoor
3222497,Solanum dulcamara,OpenWetPoor
3222498,Solanum dulcamara,OpenWetPoor
3222598,Solanum dulcamara,OpenWetPoor
3222599,Solanum dulcamara,OpenWetPoor
3222600,Solanum dulcamara,OpenWetPoor
3223029,Solanum dulcamara,OpenWetPoor
3223030,Solanum dulcamara,OpenWetPoor
3223036,Solanum dulcamara,OpenWetPoor
3223507,Solanum dulcamara,OpenWetPoor
3224458,Solanum dulcamara,OpenWetPoor
3224460,Solanum dulcamara,OpenWetPoor
3224461,Solanum dulcamara,OpenWetPoor
3224797,Solanum dulcamara,OpenWetPoor
3224798,Solanum dulcamara,OpenWetPoor
3224898,Solanum dulcamara,OpenWetPoor
3224899,Solanum dulcamara,OpenWetPoor
3224900,Solanum dulcamara,OpenWetPoor
3224912,Solanum dulcamara,OpenWetPoor
3224913,Solanum dulcamara,OpenWetPoor
3225330,Solanum dulcamara,OpenWetPoor
3225340,Solanum dulcamara,OpenWetPoor
3225368,Solanum dulcamara,OpenWetPoor
3225369,Solanum dulcamara,OpenWetPoor
3226757,Solanum dulcamara,OpenWetPoor
3226759,Solanum dulcamara,OpenWetPoor
3226760,Solanum dulcamara,OpenWetPoor
3226761,Solanum dulcamara,OpenWetPoor
3227099,Solanum dulcamara,OpenWetPoor
3227188,Solanum dulcamara,OpenWetPoor
3227198,Solanum dulcamara,OpenWetPoor
3227205,Solanum dulcamara,OpenWetPoor
3227213,Solanum dulcamara,OpenWetPoor
3227626,Solanum dulcamara,OpenWetPoor
3227639,Solanum dulcamara,OpenWetPoor
3227640,Solanum dulcamara,OpenWetPoor
3228207,Solanum dulcamara,OpenWetPoor
3228297,Solanum dulcamara,OpenWetPoor
3229060,Solanum dulcamara,OpenWetPoor
3229488,Solanum dulcamara,OpenWetPoor
3229497,Solanum dulcamara,OpenWetPoor
3229498,Solanum dulcamara,OpenWetPoor
3229505,Solanum dulcamara,OpenWetPoor
3229939,Solanum dulcamara,OpenWetPoor
3229942,Solanum dulcamara,OpenWetPoor
3232241,Solanum dulcamara,OpenWetPoor
3232244,Solanum dulcamara,OpenWetPoor
3232897,Solanum dulcamara,OpenWetPoor
3234566,Solanum dulcamara,OpenWetPoor
3235194,Solanum dulcamara,OpenWetPoor
3235197,Solanum dulcamara,OpenWetPoor
3236842,Solanum dulcamara,OpenWetPoor
3236843,Solanum dulcamara,OpenWetPoor
3238715,Solanum dulcamara,OpenWetPoor
3238716,Solanum dulcamara,OpenWetPoor
3239167,Solanum dulcamara,OpenWetPoor
3241018,Solanum dulcamara,OpenWetPoor
3241019,Solanum dulcamara,OpenWetPoor
3241418,Solanum dulcamara,OpenWetPoor
3241419,Solanum dulcamara,OpenWetPoor
3243717,Solanum dulcamara,OpenWetPoor
3243718,Solanum dulcamara,OpenWetPoor
3243719,Solanum dulcamara,OpenWetPoor
3245228,Solanum dulcamara,OpenWetPoor
3245609,Solanum dulcamara,OpenWetPoor
3246015,Solanum dulcamara,OpenWetPoor
3246016,Solanum dulcamara,OpenWetPoor
3246017,Solanum dulcamara,OpenWetPoor
3248314,Solanum dulcamara,OpenWetPoor
3248320,Solanum dulcamara,OpenWetPoor
3250146,Solanum dulcamara,OpenWetPoor
3250212,Solanum dulcamara,OpenWetPoor
3250789,Solanum dulcamara,OpenWetPoor
3252445,Solanum dulcamara,OpenWetPoor
3254747,Solanum dulcamara,OpenWetPoor
3255252,Solanum dulcamara,OpenWetPoor
3255253,Solanum dulcamara,OpenWetPoor
3257551,Solanum dulcamara,OpenWetPoor
3257578,Solanum dulcamara,OpenWetPoor
3257581,Solanum dulcamara,OpenWetPoor
3259017,Solanum dulcamara,OpenWetPoor
3259038,Solanum dulcamara,OpenWetPoor
3259834,Solanum dulcamara,OpenWetPoor
3259878,Solanum dulcamara,OpenWetPoor
3259879,Solanum dulcamara,OpenWetPoor
3262135,Solanum dulcamara,OpenWetPoor
3266693,Solanum dulcamara,OpenWetPoor
3270527,Solanum dulcamara,OpenWetPoor
3270530,Solanum dulcamara,OpenWetPoor
3271827,Solanum dulcamara,OpenWetPoor
3271829,Solanum dulcamara,OpenWetPoor
3273593,Solanum dulcamara,OpenWetPoor
3273957,Solanum dulcamara,OpenWetPoor
3274126,Solanum dulcamara,OpenWetPoor
3274127,Solanum dulcamara,OpenWetPoor
3274128,Solanum dulcamara,OpenWetPoor
3274129,Solanum dulcamara,OpenWetPoor
3274131,Solanum dulcamara,OpenWetPoor
3275129,Solanum dulcamara,OpenWetPoor
3275130,Solanum dulcamara,OpenWetPoor
3275892,Solanum dulcamara,OpenWetPoor
3275893,Solanum dulcamara,OpenWetPoor
3276225,Solanum dulcamara,OpenWetPoor
3276226,Solanum dulcamara,OpenWetPoor
3276422,Solanum dulcamara,OpenWetPoor
3276427,Solanum dulcamara,OpenWetPoor
3276429,Solanum dulcamara,OpenWetPoor
3276430,Solanum dulcamara,OpenWetPoor
3276431,Solanum dulcamara,OpenWetPoor
3277998,Solanum dulcamara,OpenWetPoor
3277999,Solanum dulcamara,OpenWetPoor
3278730,Solanum dulcamara,OpenWetPoor
3278731,Solanum dulcamara,OpenWetPoor
3278733,Solanum dulcamara,OpenWetPoor
3279767,Solanum dulcamara,OpenWetPoor
3280297,Solanum dulcamara,OpenWetPoor
3280298,Solanum dulcamara,OpenWetPoor
3280299,Solanum dulcamara,OpenWetPoor
3280300,Solanum dulcamara,OpenWetPoor
3280556,Solanum dulcamara,OpenWetPoor
3282609,Solanum dulcamara,OpenWetPoor
3282610,Solanum dulcamara,OpenWetPoor
3282611,Solanum dulcamara,OpenWetPoor
3282613,Solanum dulcamara,OpenWetPoor
3283321,Solanum dulcamara,OpenWetPoor
3284877,Solanum dulcamara,OpenWetPoor
3284878,Solanum dulcamara,OpenWetPoor
3284910,Solanum dulcamara,OpenWetPoor
3286666,Solanum dulcamara,OpenWetPoor
3287382,Solanum dulcamara,OpenWetPoor
3287383,Solanum dulcamara,OpenWetPoor
3287384,Solanum dulcamara,OpenWetPoor
3287386,Solanum dulcamara,OpenWetPoor
3287387,Solanum dulcamara,OpenWetPoor
3287388,Solanum dulcamara,OpenWetPoor
3287454,Solanum dulcamara,OpenWetPoor
3289474,Solanum dulcamara,OpenWetPoor
3289682,Solanum dulcamara,OpenWetPoor
3289684,Solanum dulcamara,OpenWetPoor
3289685,Solanum dulcamara,OpenWetPoor
3289686,Solanum dulcamara,OpenWetPoor
3289687,Solanum dulcamara,OpenWetPoor
3289688,Solanum dulcamara,OpenWetPoor
3291212,Solanum dulcamara,OpenWetPoor
3291982,Solanum dulcamara,OpenWetPoor
3291983,Solanum dulcamara,OpenWetPoor
3295810,Solanum dulcamara,OpenWetPoor
3298963,Solanum dulcamara,OpenWetPoor
3298980,Solanum dulcamara,OpenWetPoor
3301261,Solanum dulcamara,OpenWetPoor
3301262,Solanum dulcamara,OpenWetPoor
3303561,Solanum dulcamara,OpenWetPoor
3303826,Solanum dulcamara,OpenWetPoor
3305876,Solanum dulcamara,OpenWetPoor
3305877,Solanum dulcamara,OpenWetPoor
3306126,Solanum dulcamara,OpenWetPoor
3308176,Solanum dulcamara,OpenWetPoor
3308177,Solanum dulcamara,OpenWetPoor
3308426,Solanum dulcamara,OpenWetPoor
3310010,Solanum dulcamara,OpenWetPoor
3310166,Solanum dulcamara,OpenWetPoor
3310167,Solanum dulcamara,OpenWetPoor
3310168,Solanum dulcamara,OpenWetPoor
3310441,Solanum dulcamara,OpenWetPoor
3310485,Solanum dulcamara,OpenWetPoor
3310726,Solanum dulcamara,OpenWetPoor
3310804,Solanum dulcamara,OpenWetPoor
3310805,Solanum dulcamara,OpenWetPoor
3310806,Solanum dulcamara,OpenWetPoor
3312309,Solanum dulcamara,OpenWetPoor
3312310,Solanum dulcamara,OpenWetPoor
3312739,Solanum dulcamara,OpenWetPoor
3312740,Solanum dulcamara,OpenWetPoor
3313026,Solanum dulcamara,OpenWetPoor
3313295,Solanum dulcamara,OpenWetPoor
3314608,Solanum dulcamara,OpenWetPoor
3314609,Solanum dulcamara,OpenWetPoor
3314610,Solanum dulcamara,OpenWetPoor
3314611,Solanum dulcamara,OpenWetPoor
3321075,Solanum dulcamara,OpenWetPoor
3322429,Solanum dulcamara,OpenWetPoor
3325675,Solanum dulcamara,OpenWetPoor
3325676,Solanum dulcamara,OpenWetPoor
3326905,Solanum dulcamara,OpenWetPoor
3327027,Solanum dulcamara,OpenWetPoor
3329328,Solanum dulcamara,OpenWetPoor
3329329,Solanum dulcamara,OpenWetPoor
3330386,Solanum dulcamara,OpenWetPoor
3331121,Solanum dulcamara,OpenWetPoor
3331632,Solanum dulcamara,OpenWetPoor
3331633,Solanum dulcamara,OpenWetPoor
3332687,Solanum dulcamara,OpenWetPoor
3333422,Solanum dulcamara,OpenWetPoor
3336231,Solanum dulcamara,OpenWetPoor
3336232,Solanum dulcamara,OpenWetPoor
3337700,Solanum dulcamara,OpenWetPoor
3339999,Solanum dulcamara,OpenWetPoor
3340001,Solanum dulcamara,OpenWetPoor
3340342,Solanum dulcamara,OpenWetPoor
3342301,Solanum dulcamara,OpenWetPoor
3342641,Solanum dulcamara,OpenWetPoor
3342642,Solanum dulcamara,OpenWetPoor
3344613,Solanum dulcamara,OpenWetPoor
3344941,Solanum dulcamara,OpenWetPoor
3344942,Solanum dulcamara,OpenWetPoor
3346910,Solanum dulcamara,OpenWetPoor
3346911,Solanum dulcamara,OpenWetPoor
3346914,Solanum dulcamara,OpenWetPoor
3349210,Solanum dulcamara,OpenWetPoor
3349211,Solanum dulcamara,OpenWetPoor
3349212,Solanum dulcamara,OpenWetPoor
3351511,Solanum dulcamara,OpenWetPoor
3351512,Solanum dulcamara,OpenWetPoor
3351513,Solanum dulcamara,OpenWetPoor
3351836,Solanum dulcamara,OpenWetPoor
3353701,Solanum dulcamara,OpenWetPoor
3355999,Solanum dulcamara,OpenWetPoor
3356435,Solanum dulcamara,OpenWetPoor
3356436,Solanum dulcamara,OpenWetPoor
3358192,Solanum dulcamara,OpenWetPoor
3358300,Solanum dulcamara,OpenWetPoor
3358385,Solanum dulcamara,OpenWetPoor
3358735,Solanum dulcamara,OpenWetPoor
3360281,Solanum dulcamara,OpenWetPoor
3360282,Solanum dulcamara,OpenWetPoor
3360492,Solanum dulcamara,OpenWetPoor
3360581,Solanum dulcamara,OpenWetPoor
3360582,Solanum dulcamara,OpenWetPoor
3360686,Solanum dulcamara,OpenWetPoor
3360773,Solanum dulcamara,OpenWetPoor
3360774,Solanum dulcamara,OpenWetPoor
3360775,Solanum dulcamara,OpenWetPoor
3361205,Solanum dulcamara,OpenWetPoor
3361206,Solanum dulcamara,OpenWetPoor
3362580,Solanum dulcamara,OpenWetPoor
3362792,Solanum dulcamara,OpenWetPoor
3362879,Solanum dulcamara,OpenWetPoor
3362881,Solanum dulcamara,OpenWetPoor
3362882,Solanum dulcamara,OpenWetPoor
3362883,Solanum dulcamara,OpenWetPoor
3364880,Solanum dulcamara,OpenWetPoor
3364881,Solanum dulcamara,OpenWetPoor
3365137,Solanum dulcamara,OpenWetPoor
3365138,Solanum dulcamara,OpenWetPoor
3365175,Solanum dulcamara,OpenWetPoor
3365180,Solanum dulcamara,OpenWetPoor
3365181,Solanum dulcamara,OpenWetPoor
3365182,Solanum dulcamara,OpenWetPoor
3365183,Solanum dulcamara,OpenWetPoor
3367436,Solanum dulcamara,OpenWetPoor
3367437,Solanum dulcamara,OpenWetPoor
3367438,Solanum dulcamara,OpenWetPoor
3367439,Solanum dulcamara,OpenWetPoor
3367475,Solanum dulcamara,OpenWetPoor
3367476,Solanum dulcamara,OpenWetPoor
3367477,Solanum dulcamara,OpenWetPoor
3367478,Solanum dulcamara,OpenWetPoor
3367481,Solanum dulcamara,OpenWetPoor
3367482,Solanum dulcamara,OpenWetPoor
3367483,Solanum dulcamara,OpenWetPoor
3367679,Solanum dulcamara,OpenWetPoor
3367910,Solanum dulcamara,OpenWetPoor
3369483,Solanum dulcamara,OpenWetPoor
3369484,Solanum dulcamara,OpenWetPoor
3369736,Solanum dulcamara,OpenWetPoor
3369739,Solanum dulcamara,OpenWetPoor
3369777,Solanum dulcamara,OpenWetPoor
3369778,Solanum dulcamara,OpenWetPoor
3369779,Solanum dulcamara,OpenWetPoor
3369781,Solanum dulcamara,OpenWetPoor
3371783,Solanum dulcamara,OpenWetPoor
3371784,Solanum dulcamara,OpenWetPoor
3372039,Solanum dulcamara,OpenWetPoor
3372076,Solanum dulcamara,OpenWetPoor
3372077,Solanum dulcamara,OpenWetPoor
3372078,Solanum dulcamara,OpenWetPoor
3372080,Solanum dulcamara,OpenWetPoor
3372081,Solanum dulcamara,OpenWetPoor
3374337,Solanum dulcamara,OpenWetPoor
3374377,Solanum dulcamara,OpenWetPoor
3374378,Solanum dulcamara,OpenWetPoor
3374379,Solanum dulcamara,OpenWetPoor
3374380,Solanum dulcamara,OpenWetPoor
3374842,Solanum dulcamara,OpenWetPoor
3374843,Solanum dulcamara,OpenWetPoor
3374844,Solanum dulcamara,OpenWetPoor
3375366,Solanum dulcamara,OpenWetPoor
3376678,Solanum dulcamara,OpenWetPoor
3376679,Solanum dulcamara,OpenWetPoor
3377141,Solanum dulcamara,OpenWetPoor
3377142,Solanum dulcamara,OpenWetPoor
3377350,Solanum dulcamara,OpenWetPoor
3381742,Solanum dulcamara,OpenWetPoor
3381743,Solanum dulcamara,OpenWetPoor
3381953,Solanum dulcamara,OpenWetPoor
3381954,Solanum dulcamara,OpenWetPoor
3384043,Solanum dulcamara,OpenWetPoor
3386342,Solanum dulcamara,OpenWetPoor
3386343,Solanum dulcamara,OpenWetPoor
3388643,Solanum dulcamara,OpenWetPoor
3388644,Solanum dulcamara,OpenWetPoor
3388645,Solanum dulcamara,OpenWetPoor
3388646,Solanum dulcamara,OpenWetPoor
3388679,Solanum dulcamara,OpenWetPoor
3388681,Solanum dulcamara,OpenWetPoor
3388682,Solanum dulcamara,OpenWetPoor
3390942,Solanum dulcamara,OpenWetPoor
3390943,Solanum dulcamara,OpenWetPoor
3390945,Solanum dulcamara,OpenWetPoor
3392482,Solanum dulcamara,OpenWetPoor
3393244,Solanum dulcamara,OpenWetPoor
3393245,Solanum dulcamara,OpenWetPoor
3394781,Solanum dulcamara,OpenWetPoor
3395545,Solanum dulcamara,OpenWetPoor
3395547,Solanum dulcamara,OpenWetPoor
3397047,Solanum dulcamara,OpenWetPoor
3397048,Solanum dulcamara,OpenWetPoor
3397049,Solanum dulcamara,OpenWetPoor
3397080,Solanum dulcamara,OpenWetPoor
3397846,Solanum dulcamara,OpenWetPoor
3397847,Solanum dulcamara,OpenWetPoor
3398389,Solanum dulcamara,OpenWetPoor
3399348,Solanum dulcamara,OpenWetPoor
3399350,Solanum dulcamara,OpenWetPoor
3399380,Solanum dulcamara,OpenWetPoor
3400144,Solanum dulcamara,OpenWetPoor
3400145,Solanum dulcamara,OpenWetPoor
3400146,Solanum dulcamara,OpenWetPoor
3400147,Solanum dulcamara,OpenWetPoor
3400148,Solanum dulcamara,OpenWetPoor
3400149,Solanum dulcamara,OpenWetPoor
3401649,Solanum dulcamara,OpenWetPoor
3402351,Solanum dulcamara,OpenWetPoor
3402444,Solanum dulcamara,OpenWetPoor
3402445,Solanum dulcamara,OpenWetPoor
3402446,Solanum dulcamara,OpenWetPoor
3402447,Solanum dulcamara,OpenWetPoor
3402448,Solanum dulcamara,OpenWetPoor
3402449,Solanum dulcamara,OpenWetPoor
3403949,Solanum dulcamara,OpenWetPoor
3404651,Solanum dulcamara,OpenWetPoor
3404652,Solanum dulcamara,OpenWetPoor
3404801,Solanum dulcamara,OpenWetPoor
3406951,Solanum dulcamara,OpenWetPoor
3406953,Solanum dulcamara,OpenWetPoor
3407254,Solanum dulcamara,OpenWetPoor
3409250,Solanum dulcamara,OpenWetPoor
3409251,Solanum dulcamara,OpenWetPoor
3409252,Solanum dulcamara,OpenWetPoor
3409253,Solanum dulcamara,OpenWetPoor
3409400,Solanum dulcamara,OpenWetPoor
3409401,Solanum dulcamara,OpenWetPoor
3409554,Solanum dulcamara,OpenWetPoor
3411550,Solanum dulcamara,OpenWetPoor
3411551,Solanum dulcamara,OpenWetPoor
3411552,Solanum dulcamara,OpenWetPoor
3411553,Solanum dulcamara,OpenWetPoor
3411700,Solanum dulcamara,OpenWetPoor
3411854,Solanum dulcamara,OpenWetPoor
3413850,Solanum dulcamara,OpenWetPoor
3413851,Solanum dulcamara,OpenWetPoor
3413852,Solanum dulcamara,OpenWetPoor
3416149,Solanum dulcamara,OpenWetPoor
3416150,Solanum dulcamara,OpenWetPoor
3424875,Solanum dulcamara,OpenWetPoor
3425562,Solanum dulcamara,OpenWetPoor
3425563,Solanum dulcamara,OpenWetPoor
3426019,Solanum dulcamara,OpenWetPoor
3426020,Solanum dulcamara,OpenWetPoor
3426022,Solanum dulcamara,OpenWetPoor
3427175,Solanum dulcamara,OpenWetPoor
3427862,Solanum dulcamara,OpenWetPoor
3428321,Solanum dulcamara,OpenWetPoor
3428322,Solanum dulcamara,OpenWetPoor
3430620,Solanum dulcamara,OpenWetPoor
3430621,Solanum dulcamara,OpenWetPoor
3430622,Solanum dulcamara,OpenWetPoor
3430623,Solanum dulcamara,OpenWetPoor
3432922,Solanum dulcamara,OpenWetPoor
3436375,Solanum dulcamara,OpenWetPoor
3436916,Solanum dulcamara,OpenWetPoor
3439213,Solanum dulcamara,OpenWetPoor
3439215,Solanum dulcamara,OpenWetPoor
3439216,Solanum dulcamara,OpenWetPoor
3439217,Solanum dulcamara,OpenWetPoor
3441515,Solanum dulcamara,OpenWetPoor
3441516,Solanum dulcamara,OpenWetPoor
3441517,Solanum dulcamara,OpenWetPoor
3443815,Solanum dulcamara,OpenWetPoor
3443816,Solanum dulcamara,OpenWetPoor
3445766,Solanum dulcamara,OpenWetPoor
3446349,Solanum dulcamara,OpenWetPoor
3446350,Solanum dulcamara,OpenWetPoor
3448065,Solanum dulcamara,OpenWetPoor
3448649,Solanum dulcamara,OpenWetPoor
3448650,Solanum dulcamara,OpenWetPoor
3450363,Solanum dulcamara,OpenWetPoor
3450364,Solanum dulcamara,OpenWetPoor
3450950,Solanum dulcamara,OpenWetPoor
3452662,Solanum dulcamara,OpenWetPoor
3452663,Solanum dulcamara,OpenWetPoor
3452666,Solanum dulcamara,OpenWetPoor
3452782,Solanum dulcamara,OpenWetPoor
3452783,Solanum dulcamara,OpenWetPoor
3455080,Solanum dulcamara,OpenWetPoor
3457328,Solanum dulcamara,OpenWetPoor
3457366,Solanum dulcamara,OpenWetPoor
3459629,Solanum dulcamara,OpenWetPoor
3459665,Solanum dulcamara,OpenWetPoor
3460376,Solanum dulcamara,OpenWetPoor
3462233,Solanum dulcamara,OpenWetPoor
3462235,Solanum dulcamara,OpenWetPoor
3462676,Solanum dulcamara,OpenWetPoor
3462680,Solanum dulcamara,OpenWetPoor
3474376,Solanum dulcamara,OpenWetPoor
3474377,Solanum dulcamara,OpenWetPoor
3476673,Solanum dulcamara,OpenWetPoor
3476674,Solanum dulcamara,OpenWetPoor
3476675,Solanum dulcamara,OpenWetPoor
3476676,Solanum dulcamara,OpenWetPoor
3476677,Solanum dulcamara,OpenWetPoor
3476678,Solanum dulcamara,OpenWetPoor
3478802,Solanum dulcamara,OpenWetPoor
3478803,Solanum dulcamara,OpenWetPoor
3478976,Solanum dulcamara,OpenWetPoor
3478977,Solanum dulcamara,OpenWetPoor
3478978,Solanum dulcamara,OpenWetPoor
3481101,Solanum dulcamara,OpenWetPoor
3481103,Solanum dulcamara,OpenWetPoor
3481104,Solanum dulcamara,OpenWetPoor
3481277,Solanum dulcamara,OpenWetPoor
3481278,Solanum dulcamara,OpenWetPoor
3483401,Solanum dulcamara,OpenWetPoor
3483402,Solanum dulcamara,OpenWetPoor
3483403,Solanum dulcamara,OpenWetPoor
3485868,Solanum dulcamara,OpenWetPoor
3485879,Solanum dulcamara,OpenWetPoor
3485880,Solanum dulcamara,OpenWetPoor
3488168,Solanum dulcamara,OpenWetPoor
3488169,Solanum dulcamara,OpenWetPoor
3488174,Solanum dulcamara,OpenWetPoor
3488180,Solanum dulcamara,OpenWetPoor
3490471,Solanum dulcamara,OpenWetPoor
3490473,Solanum dulcamara,OpenWetPoor
3490474,Solanum dulcamara,OpenWetPoor
3490475,Solanum dulcamara,OpenWetPoor
3490477,Solanum dulcamara,OpenWetPoor
3492176,Solanum dulcamara,OpenWetPoor
3492213,Solanum dulcamara,OpenWetPoor
3492774,Solanum dulcamara,OpenWetPoor
3492775,Solanum dulcamara,OpenWetPoor
3492776,Solanum dulcamara,OpenWetPoor
3492777,Solanum dulcamara,OpenWetPoor
3492778,Solanum dulcamara,OpenWetPoor
3494474,Solanum dulcamara,OpenWetPoor
3494475,Solanum dulcamara,OpenWetPoor
3494476,Solanum dulcamara,OpenWetPoor
3495074,Solanum dulcamara,OpenWetPoor
3495075,Solanum dulcamara,OpenWetPoor
3495076,Solanum dulcamara,OpenWetPoor
3495077,Solanum dulcamara,OpenWetPoor
3495078,Solanum dulcamara,OpenWetPoor
3495079,Solanum dulcamara,OpenWetPoor
3495080,Solanum dulcamara,OpenWetPoor
3496775,Solanum dulcamara,OpenWetPoor
3497375,Solanum dulcamara,OpenWetPoor
3497377,Solanum dulcamara,OpenWetPoor
3497378,Solanum dulcamara,OpenWetPoor
3497379,Solanum dulcamara,OpenWetPoor
3497380,Solanum dulcamara,OpenWetPoor
3499677,Solanum dulcamara,OpenWetPoor
3499678,Solanum dulcamara,OpenWetPoor
3499679,Solanum dulcamara,OpenWetPoor
3499680,Solanum dulcamara,OpenWetPoor
3500990,Solanum dulcamara,OpenWetPoor
3500991,Solanum dulcamara,OpenWetPoor
3500992,Solanum dulcamara,OpenWetPoor
3503289,Solanum dulcamara,OpenWetPoor
3503290,Solanum dulcamara,OpenWetPoor
3503291,Solanum dulcamara,OpenWetPoor
3503292,Solanum dulcamara,OpenWetPoor
3503293,Solanum dulcamara,OpenWetPoor
3503456,Solanum dulcamara,OpenWetPoor
3503469,Solanum dulcamara,OpenWetPoor
3505589,Solanum dulcamara,OpenWetPoor
3505592,Solanum dulcamara,OpenWetPoor
3505593,Solanum dulcamara,OpenWetPoor
3505754,Solanum dulcamara,OpenWetPoor
3505757,Solanum dulcamara,OpenWetPoor
3507883,Solanum dulcamara,OpenWetPoor
3507884,Solanum dulcamara,OpenWetPoor
3507886,Solanum dulcamara,OpenWetPoor
3507889,Solanum dulcamara,OpenWetPoor
3507891,Solanum dulcamara,OpenWetPoor
3508055,Solanum dulcamara,OpenWetPoor
3508058,Solanum dulcamara,OpenWetPoor
3510185,Solanum dulcamara,OpenWetPoor
3510186,Solanum dulcamara,OpenWetPoor
3510356,Solanum dulcamara,OpenWetPoor
3510357,Solanum dulcamara,OpenWetPoor
3510359,Solanum dulcamara,OpenWetPoor
3512484,Solanum dulcamara,OpenWetPoor
3512657,Solanum dulcamara,OpenWetPoor
3512658,Solanum dulcamara,OpenWetPoor
3512659,Solanum dulcamara,OpenWetPoor
3517554,Solanum dulcamara,OpenWetPoor
3519855,Solanum dulcamara,OpenWetPoor
3529001,Solanum dulcamara,OpenWetPoor
3531301,Solanum dulcamara,OpenWetPoor
3531303,Solanum dulcamara,OpenWetPoor
3537939,Solanum dulcamara,OpenWetPoor
3540239,Solanum dulcamara,OpenWetPoor
3540240,Solanum dulcamara,OpenWetPoor
3540250,Solanum dulcamara,OpenWetPoor
3542229,Solanum dulcamara,OpenWetPoor
3542540,Solanum dulcamara,OpenWetPoor
3542547,Solanum dulcamara,OpenWetPoor
3542562,Solanum dulcamara,OpenWetPoor
3544531,Solanum dulcamara,OpenWetPoor
3544841,Solanum dulcamara,OpenWetPoor
3544843,Solanum dulcamara,OpenWetPoor
3544844,Solanum dulcamara,OpenWetPoor
3544848,Solanum dulcamara,OpenWetPoor
3544849,Solanum dulcamara,OpenWetPoor
3546830,Solanum dulcamara,OpenWetPoor
3547163,Solanum dulcamara,OpenWetPoor
3547331,Solanum dulcamara,OpenWetPoor
3547332,Solanum dulcamara,OpenWetPoor
3547333,Solanum dulcamara,OpenWetPoor
3547334,Solanum dulcamara,OpenWetPoor
3549150,Solanum dulcamara,OpenWetPoor
3549359,Solanum dulcamara,OpenWetPoor
3549631,Solanum dulcamara,OpenWetPoor
3551657,Solanum dulcamara,OpenWetPoor
3551931,Solanum dulcamara,OpenWetPoor
3556080,Solanum dulcamara,OpenWetPoor
3556532,Solanum dulcamara,OpenWetPoor
3558379,Solanum dulcamara,OpenWetPoor
3558381,Solanum dulcamara,OpenWetPoor
3558382,Solanum dulcamara,OpenWetPoor
3560681,Solanum dulcamara,OpenWetPoor
3560682,Solanum dulcamara,OpenWetPoor
3562978,Solanum dulcamara,OpenWetPoor
3562979,Solanum dulcamara,OpenWetPoor
3562980,Solanum dulcamara,OpenWetPoor
3562982,Solanum dulcamara,OpenWetPoor
3565245,Solanum dulcamara,OpenWetPoor
3565246,Solanum dulcamara,OpenWetPoor
3565279,Solanum dulcamara,OpenWetPoor
3567546,Solanum dulcamara,OpenWetPoor
3567547,Solanum dulcamara,OpenWetPoor
3567548,Solanum dulcamara,OpenWetPoor
3567549,Solanum dulcamara,OpenWetPoor
3567553,Solanum dulcamara,OpenWetPoor
3567554,Solanum dulcamara,OpenWetPoor
3567556,Solanum dulcamara,OpenWetPoor
3569847,Solanum dulcamara,OpenWetPoor
3569848,Solanum dulcamara,OpenWetPoor
3569853,Solanum dulcamara,OpenWetPoor
3569854,Solanum dulcamara,OpenWetPoor
3569855,Solanum dulcamara,OpenWetPoor
3569856,Solanum dulcamara,OpenWetPoor
3569857,Solanum dulcamara,OpenWetPoor
3572153,Solanum dulcamara,OpenWetPoor
3572154,Solanum dulcamara,OpenWetPoor
3572156,Solanum dulcamara,OpenWetPoor
3572157,Solanum dulcamara,OpenWetPoor
3572526,Solanum dulcamara,OpenWetPoor
3572527,Solanum dulcamara,OpenWetPoor
3572528,Solanum dulcamara,OpenWetPoor
3572529,Solanum dulcamara,OpenWetPoor
3572658,Solanum dulcamara,OpenWetPoor
3574453,Solanum dulcamara,OpenWetPoor
3574454,Solanum dulcamara,OpenWetPoor
3574455,Solanum dulcamara,OpenWetPoor
3574456,Solanum dulcamara,OpenWetPoor
3574829,Solanum dulcamara,OpenWetPoor
3574830,Solanum dulcamara,OpenWetPoor
3574831,Solanum dulcamara,OpenWetPoor
3574833,Solanum dulcamara,OpenWetPoor
3575042,Solanum dulcamara,OpenWetPoor
3575638,Solanum dulcamara,OpenWetPoor
3575639,Solanum dulcamara,OpenWetPoor
3576755,Solanum dulcamara,OpenWetPoor
3577129,Solanum dulcamara,OpenWetPoor
3577130,Solanum dulcamara,OpenWetPoor
3577132,Solanum dulcamara,OpenWetPoor
3577341,Solanum dulcamara,OpenWetPoor
3577342,Solanum dulcamara,OpenWetPoor
3577938,Solanum dulcamara,OpenWetPoor
3579429,Solanum dulcamara,OpenWetPoor
3579642,Solanum dulcamara,OpenWetPoor
3579644,Solanum dulcamara,OpenWetPoor
3580237,Solanum dulcamara,OpenWetPoor
3580238,Solanum dulcamara,OpenWetPoor
3581943,Solanum dulcamara,OpenWetPoor
3582538,Solanum dulcamara,OpenWetPoor
3583743,Solanum dulcamara,OpenWetPoor
3583745,Solanum dulcamara,OpenWetPoor
3583746,Solanum dulcamara,OpenWetPoor
3584836,Solanum dulcamara,OpenWetPoor
3584838,Solanum dulcamara,OpenWetPoor
3586046,Solanum dulcamara,OpenWetPoor
3586047,Solanum dulcamara,OpenWetPoor
3587135,Solanum dulcamara,OpenWetPoor
3587136,Solanum dulcamara,OpenWetPoor
3587137,Solanum dulcamara,OpenWetPoor
3587140,Solanum dulcamara,OpenWetPoor
3587141,Solanum dulcamara,OpenWetPoor
3587142,Solanum dulcamara,OpenWetPoor
3588344,Solanum dulcamara,OpenWetPoor
3588345,Solanum dulcamara,OpenWetPoor
3588346,Solanum dulcamara,OpenWetPoor
3588347,Solanum dulcamara,OpenWetPoor
3589437,Solanum dulcamara,OpenWetPoor
3589438,Solanum dulcamara,OpenWetPoor
3589441,Solanum dulcamara,OpenWetPoor
3589442,Solanum dulcamara,OpenWetPoor
3590644,Solanum dulcamara,OpenWetPoor
3590645,Solanum dulcamara,OpenWetPoor
3590646,Solanum dulcamara,OpenWetPoor
3590647,Solanum dulcamara,OpenWetPoor
3591126,Solanum dulcamara,OpenWetPoor
3591741,Solanum dulcamara,OpenWetPoor
3591742,Solanum dulcamara,OpenWetPoor
3592944,Solanum dulcamara,OpenWetPoor
3593423,Solanum dulcamara,OpenWetPoor
3593425,Solanum dulcamara,OpenWetPoor
3595244,Solanum dulcamara,OpenWetPoor
3595723,Solanum dulcamara,OpenWetPoor
3595724,Solanum dulcamara,OpenWetPoor
3595725,Solanum dulcamara,OpenWetPoor
3595727,Solanum dulcamara,OpenWetPoor
3599725,Solanum dulcamara,OpenWetPoor
3616469,Solanum dulcamara,OpenWetPoor
3627568,Solanum dulcamara,OpenWetPoor
3627569,Solanum dulcamara,OpenWetPoor
3627573,Solanum dulcamara,OpenWetPoor
3627574,Solanum dulcamara,OpenWetPoor
3627575,Solanum dulcamara,OpenWetPoor
3629865,Solanum dulcamara,OpenWetPoor
3629866,Solanum dulcamara,OpenWetPoor
3629867,Solanum dulcamara,OpenWetPoor
3629868,Solanum dulcamara,OpenWetPoor
3629869,Solanum dulcamara,OpenWetPoor
3629875,Solanum dulcamara,OpenWetPoor
3632165,Solanum dulcamara,OpenWetPoor
3632166,Solanum dulcamara,OpenWetPoor
3632167,Solanum dulcamara,OpenWetPoor
3632168,Solanum dulcamara,OpenWetPoor
3632175,Solanum dulcamara,OpenWetPoor
3632507,Solanum dulcamara,OpenWetPoor
3632508,Solanum dulcamara,OpenWetPoor
3632509,Solanum dulcamara,OpenWetPoor
3632510,Solanum dulcamara,OpenWetPoor
3634403,Solanum dulcamara,OpenWetPoor
3634404,Solanum dulcamara,OpenWetPoor
3634462,Solanum dulcamara,OpenWetPoor
3634463,Solanum dulcamara,OpenWetPoor
3634465,Solanum dulcamara,OpenWetPoor
3634807,Solanum dulcamara,OpenWetPoor
3634808,Solanum dulcamara,OpenWetPoor
3634831,Solanum dulcamara,OpenWetPoor
3636702,Solanum dulcamara,OpenWetPoor
3636782,Solanum dulcamara,OpenWetPoor
3636783,Solanum dulcamara,OpenWetPoor
3636784,Solanum dulcamara,OpenWetPoor
3637108,Solanum dulcamara,OpenWetPoor
3637132,Solanum dulcamara,OpenWetPoor
3639002,Solanum dulcamara,OpenWetPoor
3639003,Solanum dulcamara,OpenWetPoor
3639060,Solanum dulcamara,OpenWetPoor
3639061,Solanum dulcamara,OpenWetPoor
3639064,Solanum dulcamara,OpenWetPoor
3639431,Solanum dulcamara,OpenWetPoor
3639432,Solanum dulcamara,OpenWetPoor
3639433,Solanum dulcamara,OpenWetPoor
3641184,Solanum dulcamara,OpenWetPoor
3641189,Solanum dulcamara,OpenWetPoor
3641303,Solanum dulcamara,OpenWetPoor
3641304,Solanum dulcamara,OpenWetPoor
3641305,Solanum dulcamara,OpenWetPoor
3641732,Solanum dulcamara,OpenWetPoor
3641733,Solanum dulcamara,OpenWetPoor
3641734,Solanum dulcamara,OpenWetPoor
3641738,Solanum dulcamara,OpenWetPoor
3641821,Solanum dulcamara,OpenWetPoor
3643483,Solanum dulcamara,OpenWetPoor
3643484,Solanum dulcamara,OpenWetPoor
3643485,Solanum dulcamara,OpenWetPoor
3643604,Solanum dulcamara,OpenWetPoor
3643605,Solanum dulcamara,OpenWetPoor
3644031,Solanum dulcamara,OpenWetPoor
3644032,Solanum dulcamara,OpenWetPoor
3644033,Solanum dulcamara,OpenWetPoor
3644038,Solanum dulcamara,OpenWetPoor
3644119,Solanum dulcamara,OpenWetPoor
3644120,Solanum dulcamara,OpenWetPoor
3645783,Solanum dulcamara,OpenWetPoor
3645784,Solanum dulcamara,OpenWetPoor
3645785,Solanum dulcamara,OpenWetPoor
3645790,Solanum dulcamara,OpenWetPoor
3645838,Solanum dulcamara,OpenWetPoor
3645839,Solanum dulcamara,OpenWetPoor
3645858,Solanum dulcamara,OpenWetPoor
3645859,Solanum dulcamara,OpenWetPoor
3646418,Solanum dulcamara,OpenWetPoor
3646419,Solanum dulcamara,OpenWetPoor
3646420,Solanum dulcamara,OpenWetPoor
3648084,Solanum dulcamara,OpenWetPoor
3648087,Solanum dulcamara,OpenWetPoor
3648088,Solanum dulcamara,OpenWetPoor
3648089,Solanum dulcamara,OpenWetPoor
3648136,Solanum dulcamara,OpenWetPoor
3648138,Solanum dulcamara,OpenWetPoor
3648139,Solanum dulcamara,OpenWetPoor
3648140,Solanum dulcamara,OpenWetPoor
3648157,Solanum dulcamara,OpenWetPoor
3648159,Solanum dulcamara,OpenWetPoor
3648160,Solanum dulcamara,OpenWetPoor
3648165,Solanum dulcamara,OpenWetPoor
3648166,Solanum dulcamara,OpenWetPoor
3648167,Solanum dulcamara,OpenWetPoor
3648719,Solanum dulcamara,OpenWetPoor
3650384,Solanum dulcamara,OpenWetPoor
3650388,Solanum dulcamara,OpenWetPoor
3650436,Solanum dulcamara,OpenWetPoor
3650437,Solanum dulcamara,OpenWetPoor
3650438,Solanum dulcamara,OpenWetPoor
3650439,Solanum dulcamara,OpenWetPoor
3650440,Solanum dulcamara,OpenWetPoor
3650457,Solanum dulcamara,OpenWetPoor
3650458,Solanum dulcamara,OpenWetPoor
3650459,Solanum dulcamara,OpenWetPoor
3650464,Solanum dulcamara,OpenWetPoor
3650465,Solanum dulcamara,OpenWetPoor
3650466,Solanum dulcamara,OpenWetPoor
3650467,Solanum dulcamara,OpenWetPoor
3650468,Solanum dulcamara,OpenWetPoor
3651020,Solanum dulcamara,OpenWetPoor
3651021,Solanum dulcamara,OpenWetPoor
3651022,Solanum dulcamara,OpenWetPoor
3652736,Solanum dulcamara,OpenWetPoor
3652737,Solanum dulcamara,OpenWetPoor
3652738,Solanum dulcamara,OpenWetPoor
3652739,Solanum dulcamara,OpenWetPoor
3652740,Solanum dulcamara,OpenWetPoor
3652757,Solanum dulcamara,OpenWetPoor
3652760,Solanum dulcamara,OpenWetPoor
3652764,Solanum dulcamara,OpenWetPoor
3652765,Solanum dulcamara,OpenWetPoor
3652767,Solanum dulcamara,OpenWetPoor
3652768,Solanum dulcamara,OpenWetPoor
3653029,Solanum dulcamara,OpenWetPoor
3654992,Solanum dulcamara,OpenWetPoor
3654993,Solanum dulcamara,OpenWetPoor
3655037,Solanum dulcamara,OpenWetPoor
3655038,Solanum dulcamara,OpenWetPoor
3655039,Solanum dulcamara,OpenWetPoor
3655057,Solanum dulcamara,OpenWetPoor
3655058,Solanum dulcamara,OpenWetPoor
3655059,Solanum dulcamara,OpenWetPoor
3655060,Solanum dulcamara,OpenWetPoor
3655064,Solanum dulcamara,OpenWetPoor
3655066,Solanum dulcamara,OpenWetPoor
3655067,Solanum dulcamara,OpenWetPoor
3655068,Solanum dulcamara,OpenWetPoor
3655326,Solanum dulcamara,OpenWetPoor
3655327,Solanum dulcamara,OpenWetPoor
3657292,Solanum dulcamara,OpenWetPoor
3657293,Solanum dulcamara,OpenWetPoor
3657365,Solanum dulcamara,OpenWetPoor
3657366,Solanum dulcamara,OpenWetPoor
3657367,Solanum dulcamara,OpenWetPoor
3659595,Solanum dulcamara,OpenWetPoor
3659713,Solanum dulcamara,OpenWetPoor
3659714,Solanum dulcamara,OpenWetPoor
3662011,Solanum dulcamara,OpenWetPoor
3662013,Solanum dulcamara,OpenWetPoor
3662014,Solanum dulcamara,OpenWetPoor
3662015,Solanum dulcamara,OpenWetPoor
3662221,Solanum dulcamara,OpenWetPoor
3662520,Solanum dulcamara,OpenWetPoor
3662521,Solanum dulcamara,OpenWetPoor
3664314,Solanum dulcamara,OpenWetPoor
3664315,Solanum dulcamara,OpenWetPoor
3664521,Solanum dulcamara,OpenWetPoor
3664522,Solanum dulcamara,OpenWetPoor
3664523,Solanum dulcamara,OpenWetPoor
3664524,Solanum dulcamara,OpenWetPoor
3664525,Solanum dulcamara,OpenWetPoor
3664819,Solanum dulcamara,OpenWetPoor
3664820,Solanum dulcamara,OpenWetPoor
3667433,Solanum dulcamara,OpenWetPoor
3667435,Solanum dulcamara,OpenWetPoor
3668913,Solanum dulcamara,OpenWetPoor
3668956,Solanum dulcamara,OpenWetPoor
3669731,Solanum dulcamara,OpenWetPoor
3671256,Solanum dulcamara,OpenWetPoor
3673521,Solanum dulcamara,OpenWetPoor
3673522,Solanum dulcamara,OpenWetPoor
3675666,Solanum dulcamara,OpenWetPoor
3675667,Solanum dulcamara,OpenWetPoor
3675823,Solanum dulcamara,OpenWetPoor
3677966,Solanum dulcamara,OpenWetPoor
3677967,Solanum dulcamara,OpenWetPoor
3678121,Solanum dulcamara,OpenWetPoor
3678122,Solanum dulcamara,OpenWetPoor
3678123,Solanum dulcamara,OpenWetPoor
3678135,Solanum dulcamara,OpenWetPoor
3678136,Solanum dulcamara,OpenWetPoor
3680267,Solanum dulcamara,OpenWetPoor
3680268,Solanum dulcamara,OpenWetPoor
3680421,Solanum dulcamara,OpenWetPoor
3680422,Solanum dulcamara,OpenWetPoor
3680436,Solanum dulcamara,OpenWetPoor
3680437,Solanum dulcamara,OpenWetPoor
3682567,Solanum dulcamara,OpenWetPoor
3682569,Solanum dulcamara,OpenWetPoor
3685334,Solanum dulcamara,OpenWetPoor
3687337,Solanum dulcamara,OpenWetPoor
3687634,Solanum dulcamara,OpenWetPoor
3689526,Solanum dulcamara,OpenWetPoor
3689528,Solanum dulcamara,OpenWetPoor
3689529,Solanum dulcamara,OpenWetPoor
3690078,Solanum dulcamara,OpenWetPoor
3690482,Solanum dulcamara,OpenWetPoor
3691826,Solanum dulcamara,OpenWetPoor
3691827,Solanum dulcamara,OpenWetPoor
3691828,Solanum dulcamara,OpenWetPoor
3691829,Solanum dulcamara,OpenWetPoor
3691916,Solanum dulcamara,OpenWetPoor
3691917,Solanum dulcamara,OpenWetPoor
3691918,Solanum dulcamara,OpenWetPoor
3692379,Solanum dulcamara,OpenWetPoor
3692382,Solanum dulcamara,OpenWetPoor
3694127,Solanum dulcamara,OpenWetPoor
3694128,Solanum dulcamara,OpenWetPoor
3694215,Solanum dulcamara,OpenWetPoor
3694217,Solanum dulcamara,OpenWetPoor
3694218,Solanum dulcamara,OpenWetPoor
3694314,Solanum dulcamara,OpenWetPoor
3694681,Solanum dulcamara,OpenWetPoor
3694682,Solanum dulcamara,OpenWetPoor
3696420,Solanum dulcamara,OpenWetPoor
3696421,Solanum dulcamara,OpenWetPoor
3696422,Solanum dulcamara,OpenWetPoor
3696426,Solanum dulcamara,OpenWetPoor
3696427,Solanum dulcamara,OpenWetPoor
3696428,Solanum dulcamara,OpenWetPoor
3696515,Solanum dulcamara,OpenWetPoor
3696516,Solanum dulcamara,OpenWetPoor
3696517,Solanum dulcamara,OpenWetPoor
3696981,Solanum dulcamara,OpenWetPoor
3696982,Solanum dulcamara,OpenWetPoor
3697386,Solanum dulcamara,OpenWetPoor
3698719,Solanum dulcamara,OpenWetPoor
3698721,Solanum dulcamara,OpenWetPoor
3698722,Solanum dulcamara,OpenWetPoor
3698723,Solanum dulcamara,OpenWetPoor
3698816,Solanum dulcamara,OpenWetPoor
3698817,Solanum dulcamara,OpenWetPoor
3699272,Solanum dulcamara,OpenWetPoor
3699273,Solanum dulcamara,OpenWetPoor
3699276,Solanum dulcamara,OpenWetPoor
3699285,Solanum dulcamara,OpenWetPoor
3701019,Solanum dulcamara,OpenWetPoor
3701020,Solanum dulcamara,OpenWetPoor
3701021,Solanum dulcamara,OpenWetPoor
3701023,Solanum dulcamara,OpenWetPoor
3701119,Solanum dulcamara,OpenWetPoor
3701572,Solanum dulcamara,OpenWetPoor
3701573,Solanum dulcamara,OpenWetPoor
3701576,Solanum dulcamara,OpenWetPoor
3701585,Solanum dulcamara,OpenWetPoor
3701587,Solanum dulcamara,OpenWetPoor
3701588,Solanum dulcamara,OpenWetPoor
3701883,Solanum dulcamara,OpenWetPoor
3703321,Solanum dulcamara,OpenWetPoor
3703322,Solanum dulcamara,OpenWetPoor
3703872,Solanum dulcamara,OpenWetPoor
3705622,Solanum dulcamara,OpenWetPoor
3706187,Solanum dulcamara,OpenWetPoor
3708476,Solanum dulcamara,OpenWetPoor
3710816,Solanum dulcamara,OpenWetPoor
3713082,Solanum dulcamara,OpenWetPoor
3713083,Solanum dulcamara,OpenWetPoor
3713116,Solanum dulcamara,OpenWetPoor
3717182,Solanum dulcamara,OpenWetPoor
3719480,Solanum dulcamara,OpenWetPoor
3719483,Solanum dulcamara,OpenWetPoor
3719484,Solanum dulcamara,OpenWetPoor
3726383,Solanum dulcamara,OpenWetPoor
3726384,Solanum dulcamara,OpenWetPoor
3728682,Solanum dulcamara,OpenWetPoor
3728683,Solanum dulcamara,OpenWetPoor
3728684,Solanum dulcamara,OpenWetPoor
3728685,Solanum dulcamara,OpenWetPoor
3729188,Solanum dulcamara,OpenWetPoor
3730981,Solanum dulcamara,OpenWetPoor
3730982,Solanum dulcamara,OpenWetPoor
3730983,Solanum dulcamara,OpenWetPoor
3730984,Solanum dulcamara,OpenWetPoor
3730985,Solanum dulcamara,OpenWetPoor
3731486,Solanum dulcamara,OpenWetPoor
3731487,Solanum dulcamara,OpenWetPoor
3733281,Solanum dulcamara,OpenWetPoor
3733282,Solanum dulcamara,OpenWetPoor
3733284,Solanum dulcamara,OpenWetPoor
3733285,Solanum dulcamara,OpenWetPoor
3733787,Solanum dulcamara,OpenWetPoor
3735584,Solanum dulcamara,OpenWetPoor
3736305,Solanum dulcamara,OpenWetPoor
3736385,Solanum dulcamara,OpenWetPoor
3737840,Solanum dulcamara,OpenWetPoor
3737841,Solanum dulcamara,OpenWetPoor
3737916,Solanum dulcamara,OpenWetPoor
3737917,Solanum dulcamara,OpenWetPoor
3737918,Solanum dulcamara,OpenWetPoor
3738605,Solanum dulcamara,OpenWetPoor
3738606,Solanum dulcamara,OpenWetPoor
3738607,Solanum dulcamara,OpenWetPoor
3738608,Solanum dulcamara,OpenWetPoor
3740139,Solanum dulcamara,OpenWetPoor
3740140,Solanum dulcamara,OpenWetPoor
3740141,Solanum dulcamara,OpenWetPoor
3740142,Solanum dulcamara,OpenWetPoor
3740143,Solanum dulcamara,OpenWetPoor
3740215,Solanum dulcamara,OpenWetPoor
3740217,Solanum dulcamara,OpenWetPoor
3740218,Solanum dulcamara,OpenWetPoor
3740219,Solanum dulcamara,OpenWetPoor
3740905,Solanum dulcamara,OpenWetPoor
3740907,Solanum dulcamara,OpenWetPoor
3740908,Solanum dulcamara,OpenWetPoor
3740909,Solanum dulcamara,OpenWetPoor
3742439,Solanum dulcamara,OpenWetPoor
3742441,Solanum dulcamara,OpenWetPoor
3742442,Solanum dulcamara,OpenWetPoor
3742443,Solanum dulcamara,OpenWetPoor
3742515,Solanum dulcamara,OpenWetPoor
3742516,Solanum dulcamara,OpenWetPoor
3742517,Solanum dulcamara,OpenWetPoor
3742519,Solanum dulcamara,OpenWetPoor
3744739,Solanum dulcamara,OpenWetPoor
3744740,Solanum dulcamara,OpenWetPoor
3744741,Solanum dulcamara,OpenWetPoor
3744742,Solanum dulcamara,OpenWetPoor
3744743,Solanum dulcamara,OpenWetPoor
3744815,Solanum dulcamara,OpenWetPoor
3744816,Solanum dulcamara,OpenWetPoor
3744817,Solanum dulcamara,OpenWetPoor
3744818,Solanum dulcamara,OpenWetPoor
3747041,Solanum dulcamara,OpenWetPoor
3747116,Solanum dulcamara,OpenWetPoor
3747117,Solanum dulcamara,OpenWetPoor
3747118,Solanum dulcamara,OpenWetPoor
3749465,Solanum dulcamara,OpenWetPoor
3749615,Solanum dulcamara,OpenWetPoor
3751762,Solanum dulcamara,OpenWetPoor
3751765,Solanum dulcamara,OpenWetPoor
3761833,Solanum dulcamara,OpenWetPoor
3764133,Solanum dulcamara,OpenWetPoor
3764134,Solanum dulcamara,OpenWetPoor
3766432,Solanum dulcamara,OpenWetPoor
3766435,Solanum dulcamara,OpenWetPoor
3770950,Solanum dulcamara,OpenWetPoor
3771037,Solanum dulcamara,OpenWetPoor
3771038,Solanum dulcamara,OpenWetPoor
3773338,Solanum dulcamara,OpenWetPoor
3775521,Solanum dulcamara,OpenWetPoor
3775639,Solanum dulcamara,OpenWetPoor
3777821,Solanum dulcamara,OpenWetPoor
3777823,Solanum dulcamara,OpenWetPoor
3777824,Solanum dulcamara,OpenWetPoor
3779770,Solanum dulcamara,OpenWetPoor
3780121,Solanum dulcamara,OpenWetPoor
3780122,Solanum dulcamara,OpenWetPoor
3780123,Solanum dulcamara,OpenWetPoor
3780124,Solanum dulcamara,OpenWetPoor
3782422,Solanum dulcamara,OpenWetPoor
3788974,Solanum dulcamara,OpenWetPoor
3788975,Solanum dulcamara,OpenWetPoor
3791275,Solanum dulcamara,OpenWetPoor
3809663,Solanum dulcamara,OpenWetPoor
3809664,Solanum dulcamara,OpenWetPoor
3809665,Solanum dulcamara,OpenWetPoor
3811962,Solanum dulcamara,OpenWetPoor
3811965,Solanum dulcamara,OpenWetPoor
3811966,Solanum dulcamara,OpenWetPoor
3814265,Solanum dulcamara,OpenWetPoor
3814266,Solanum dulcamara,OpenWetPoor
3816564,Solanum dulcamara,OpenWetPoor
3816565,Solanum dulcamara,OpenWetPoor
3818864,Solanum dulcamara,OpenWetPoor
3825763,Solanum dulcamara,OpenWetPoor
3828065,Solanum dulcamara,OpenWetPoor
3828066,Solanum dulcamara,OpenWetPoor
3835112,Solanum dulcamara,OpenWetPoor
3839964,Solanum dulcamara,OpenWetPoor
3842264,Solanum dulcamara,OpenWetPoor
3844565,Solanum dulcamara,OpenWetPoor
3849107,Solanum dulcamara,OpenWetPoor
3849108,Solanum dulcamara,OpenWetPoor
3858294,Solanum dulcamara,OpenWetPoor
3858295,Solanum dulcamara,OpenWetPoor
3858296,Solanum dulcamara,OpenWetPoor
3860594,Solanum dulcamara,OpenWetPoor
3860595,Solanum dulcamara,OpenWetPoor
3862894,Solanum dulcamara,OpenWetPoor
3862895,Solanum dulcamara,OpenWetPoor
3865196,Solanum dulcamara,OpenWetPoor
3865197,Solanum dulcamara,OpenWetPoor
3867495,Solanum dulcamara,OpenWetPoor
3867496,Solanum dulcamara,OpenWetPoor
3867497,Solanum dulcamara,OpenWetPoor
3890446,Solanum dulcamara,OpenWetPoor
3890548,Solanum dulcamara,OpenWetPoor
3892745,Solanum dulcamara,OpenWetPoor
3892849,Solanum dulcamara,OpenWetPoor
3892850,Solanum dulcamara,OpenWetPoor
3895141,Solanum dulcamara,OpenWetPoor
3895142,Solanum dulcamara,OpenWetPoor
3895149,Solanum dulcamara,OpenWetPoor
3895162,Solanum dulcamara,OpenWetPoor
3897441,Solanum dulcamara,OpenWetPoor
3897442,Solanum dulcamara,OpenWetPoor
3897443,Solanum dulcamara,OpenWetPoor
3897460,Solanum dulcamara,OpenWetPoor
3897461,Solanum dulcamara,OpenWetPoor
3897462,Solanum dulcamara,OpenWetPoor
3899744,Solanum dulcamara,OpenWetPoor
3899759,Solanum dulcamara,OpenWetPoor
3899760,Solanum dulcamara,OpenWetPoor
3899761,Solanum dulcamara,OpenWetPoor
3899762,Solanum dulcamara,OpenWetPoor
3902060,Solanum dulcamara,OpenWetPoor
3906406,Solanum dulcamara,OpenWetPoor
3906635,Solanum dulcamara,OpenWetPoor
3906670,Solanum dulcamara,OpenWetPoor
3906674,Solanum dulcamara,OpenWetPoor
3908574,Solanum dulcamara,OpenWetPoor
3908576,Solanum dulcamara,OpenWetPoor
3908588,Solanum dulcamara,OpenWetPoor
3908936,Solanum dulcamara,OpenWetPoor
3908969,Solanum dulcamara,OpenWetPoor
3908973,Solanum dulcamara,OpenWetPoor
3908974,Solanum dulcamara,OpenWetPoor
3910878,Solanum dulcamara,OpenWetPoor
3910879,Solanum dulcamara,OpenWetPoor
3910887,Solanum dulcamara,OpenWetPoor
3910888,Solanum dulcamara,OpenWetPoor
3911151,Solanum dulcamara,OpenWetPoor
3911270,Solanum dulcamara,OpenWetPoor
3911271,Solanum dulcamara,OpenWetPoor
3911272,Solanum dulcamara,OpenWetPoor
3911273,Solanum dulcamara,OpenWetPoor
3911274,Solanum dulcamara,OpenWetPoor
3913179,Solanum dulcamara,OpenWetPoor
3915478,Solanum dulcamara,OpenWetPoor
3915479,Solanum dulcamara,OpenWetPoor
3917778,Solanum dulcamara,OpenWetPoor
3920078,Solanum dulcamara,OpenWetPoor
3924986,Solanum dulcamara,OpenWetPoor
3924987,Solanum dulcamara,OpenWetPoor
3927287,Solanum dulcamara,OpenWetPoor
3929586,Solanum dulcamara,OpenWetPoor
3929587,Solanum dulcamara,OpenWetPoor
3931887,Solanum dulcamara,OpenWetPoor
3934185,Solanum dulcamara,OpenWetPoor
3934186,Solanum dulcamara,OpenWetPoor
3934233,Solanum dulcamara,OpenWetPoor
3934234,Solanum dulcamara,OpenWetPoor
3934235,Solanum dulcamara,OpenWetPoor
3954804,Solanum dulcamara,OpenWetPoor
3961668,Solanum dulcamara,OpenWetPoor
3961669,Solanum dulcamara,OpenWetPoor
3961670,Solanum dulcamara,OpenWetPoor
3963970,Solanum dulcamara,OpenWetPoor
3963971,Solanum dulcamara,OpenWetPoor
3966271,Solanum dulcamara,OpenWetPoor
3982381,Solanum dulcamara,OpenWetPoor
3982383,Solanum dulcamara,OpenWetPoor
3984680,Solanum dulcamara,OpenWetPoor
3984681,Solanum dulcamara,OpenWetPoor
3984682,Solanum dulcamara,OpenWetPoor
3984683,Solanum dulcamara,OpenWetPoor
3984684,Solanum dulcamara,OpenWetPoor
3986980,Solanum dulcamara,OpenWetPoor
3986982,Solanum dulcamara,OpenWetPoor
3986983,Solanum dulcamara,OpenWetPoor
3989282,Solanum dulcamara,OpenWetPoor
3989283,Solanum dulcamara,OpenWetPoor
3989478,Solanum dulcamara,OpenWetPoor
3989479,Solanum dulcamara,OpenWetPoor
3989480,Solanum dulcamara,OpenWetPoor
3989481,Solanum dulcamara,OpenWetPoor
3991777,Solanum dulcamara,OpenWetPoor
3991778,Solanum dulcamara,OpenWetPoor
3991779,Solanum dulcamara,OpenWetPoor
3991780,Solanum dulcamara,OpenWetPoor
3991781,Solanum dulcamara,OpenWetPoor
3993965,Solanum dulcamara,OpenWetPoor
3994042,Solanum dulcamara,OpenWetPoor
3994077,Solanum dulcamara,OpenWetPoor
3994078,Solanum dulcamara,OpenWetPoor
3994079,Solanum dulcamara,OpenWetPoor
3994080,Solanum dulcamara,OpenWetPoor
3994081,Solanum dulcamara,OpenWetPoor
3996265,Solanum dulcamara,OpenWetPoor
3996266,Solanum dulcamara,OpenWetPoor
3996374,Solanum dulcamara,OpenWetPoor
3996375,Solanum dulcamara,OpenWetPoor
3996376,Solanum dulcamara,OpenWetPoor
3996378,Solanum dulcamara,OpenWetPoor
3996379,Solanum dulcamara,OpenWetPoor
3996380,Solanum dulcamara,OpenWetPoor
3996381,Solanum dulcamara,OpenWetPoor
3998564,Solanum dulcamara,OpenWetPoor
3998565,Solanum dulcamara,OpenWetPoor
3998566,Solanum dulcamara,OpenWetPoor
3998674,Solanum dulcamara,OpenWetPoor
3998675,Solanum dulcamara,OpenWetPoor
3998676,Solanum dulcamara,OpenWetPoor
3998677,Solanum dulcamara,OpenWetPoor
4000861,Solanum dulcamara,OpenWetPoor
4000973,Solanum dulcamara,OpenWetPoor
4000974,Solanum dulcamara,OpenWetPoor
4000975,Solanum dulcamara,OpenWetPoor
4000976,Solanum dulcamara,OpenWetPoor
4000977,Solanum dulcamara,OpenWetPoor
4003273,Solanum dulcamara,OpenWetPoor
4003274,Solanum dulcamara,OpenWetPoor
4003275,Solanum dulcamara,OpenWetPoor
4003276,Solanum dulcamara,OpenWetPoor
4005574,Solanum dulcamara,OpenWetPoor
4005575,Solanum dulcamara,OpenWetPoor
4005576,Solanum dulcamara,OpenWetPoor
4012486,Solanum dulcamara,OpenWetPoor
4014785,Solanum dulcamara,OpenWetPoor
4014786,Solanum dulcamara,OpenWetPoor
4017085,Solanum dulcamara,OpenWetPoor
4021552,Solanum dulcamara,OpenWetPoor
4021553,Solanum dulcamara,OpenWetPoor
4021554,Solanum dulcamara,OpenWetPoor
4026147,Solanum dulcamara,OpenWetPoor
4026148,Solanum dulcamara,OpenWetPoor
4026152,Solanum dulcamara,OpenWetPoor
4026287,Solanum dulcamara,OpenWetPoor
4028440,Solanum dulcamara,OpenWetPoor
4028442,Solanum dulcamara,OpenWetPoor
4028443,Solanum dulcamara,OpenWetPoor
4028444,Solanum dulcamara,OpenWetPoor
4028447,Solanum dulcamara,OpenWetPoor
4030735,Solanum dulcamara,OpenWetPoor
4030736,Solanum dulcamara,OpenWetPoor
4030741,Solanum dulcamara,OpenWetPoor
4030742,Solanum dulcamara,OpenWetPoor
4033035,Solanum dulcamara,OpenWetPoor
4033036,Solanum dulcamara,OpenWetPoor
4033037,Solanum dulcamara,OpenWetPoor
4033038,Solanum dulcamara,OpenWetPoor
4035321,Solanum dulcamara,OpenWetPoor
4035322,Solanum dulcamara,OpenWetPoor
4035335,Solanum dulcamara,OpenWetPoor
4035336,Solanum dulcamara,OpenWetPoor
4035337,Solanum dulcamara,OpenWetPoor
4035338,Solanum dulcamara,OpenWetPoor
4035484,Solanum dulcamara,OpenWetPoor
4037614,Solanum dulcamara,OpenWetPoor
4037617,Solanum dulcamara,OpenWetPoor
4037618,Solanum dulcamara,OpenWetPoor
4037619,Solanum dulcamara,OpenWetPoor
4037620,Solanum dulcamara,OpenWetPoor
4037621,Solanum dulcamara,OpenWetPoor
4037622,Solanum dulcamara,OpenWetPoor
4037623,Solanum dulcamara,OpenWetPoor
4037628,Solanum dulcamara,OpenWetPoor
4037629,Solanum dulcamara,OpenWetPoor
4037630,Solanum dulcamara,OpenWetPoor
4037636,Solanum dulcamara,OpenWetPoor
4037637,Solanum dulcamara,OpenWetPoor
4037783,Solanum dulcamara,OpenWetPoor
4037784,Solanum dulcamara,OpenWetPoor
4037786,Solanum dulcamara,OpenWetPoor
4039914,Solanum dulcamara,OpenWetPoor
4039916,Solanum dulcamara,OpenWetPoor
4039917,Solanum dulcamara,OpenWetPoor
4039919,Solanum dulcamara,OpenWetPoor
4039920,Solanum dulcamara,OpenWetPoor
4039921,Solanum dulcamara,OpenWetPoor
4039922,Solanum dulcamara,OpenWetPoor
4039923,Solanum dulcamara,OpenWetPoor
4039924,Solanum dulcamara,OpenWetPoor
4039928,Solanum dulcamara,OpenWetPoor
4040082,Solanum dulcamara,OpenWetPoor
4040083,Solanum dulcamara,OpenWetPoor
4040086,Solanum dulcamara,OpenWetPoor
4042214,Solanum dulcamara,OpenWetPoor
4042215,Solanum dulcamara,OpenWetPoor
4042216,Solanum dulcamara,OpenWetPoor
4042217,Solanum dulcamara,OpenWetPoor
4042218,Solanum dulcamara,OpenWetPoor
4042219,Solanum dulcamara,OpenWetPoor
4042222,Solanum dulcamara,OpenWetPoor
4042223,Solanum dulcamara,OpenWetPoor
4042224,Solanum dulcamara,OpenWetPoor
4042225,Solanum dulcamara,OpenWetPoor
4042227,Solanum dulcamara,OpenWetPoor
4042228,Solanum dulcamara,OpenWetPoor
4042382,Solanum dulcamara,OpenWetPoor
4044516,Solanum dulcamara,OpenWetPoor
4044517,Solanum dulcamara,OpenWetPoor
4044518,Solanum dulcamara,OpenWetPoor
4044519,Solanum dulcamara,OpenWetPoor
4044521,Solanum dulcamara,OpenWetPoor
4044525,Solanum dulcamara,OpenWetPoor
4044530,Solanum dulcamara,OpenWetPoor
4044685,Solanum dulcamara,OpenWetPoor
4046817,Solanum dulcamara,OpenWetPoor
4046818,Solanum dulcamara,OpenWetPoor
4046819,Solanum dulcamara,OpenWetPoor
4046821,Solanum dulcamara,OpenWetPoor
4046822,Solanum dulcamara,OpenWetPoor
4046829,Solanum dulcamara,OpenWetPoor
4046830,Solanum dulcamara,OpenWetPoor
4049122,Solanum dulcamara,OpenWetPoor
4049123,Solanum dulcamara,OpenWetPoor
4049124,Solanum dulcamara,OpenWetPoor
4049283,Solanum dulcamara,OpenWetPoor
4051583,Solanum dulcamara,OpenWetPoor
4051584,Solanum dulcamara,OpenWetPoor
4051586,Solanum dulcamara,OpenWetPoor
4051587,Solanum dulcamara,OpenWetPoor
4053884,Solanum dulcamara,OpenWetPoor
4058323,Solanum dulcamara,OpenWetPoor
4058324,Solanum dulcamara,OpenWetPoor
4058325,Solanum dulcamara,OpenWetPoor
4060624,Solanum dulcamara,OpenWetPoor
4060625,Solanum dulcamara,OpenWetPoor
4060626,Solanum dulcamara,OpenWetPoor
4060627,Solanum dulcamara,OpenWetPoor
4062926,Solanum dulcamara,OpenWetPoor
4062927,Solanum dulcamara,OpenWetPoor
4062928,Solanum dulcamara,OpenWetPoor
