359570,Thalictrum flavum,OpenDryPoor
364171,Thalictrum flavum,OpenDryPoor
382425,Thalictrum flavum,OpenDryPoor
382426,Thalictrum flavum,OpenDryPoor
384726,Thalictrum flavum,OpenDryPoor
384727,Thalictrum flavum,OpenDryPoor
387024,Thalictrum flavum,OpenDryPoor
387025,Thalictrum flavum,OpenDryPoor
387028,Thalictrum flavum,OpenDryPoor
387177,Thalictrum flavum,OpenDryPoor
389324,Thalictrum flavum,OpenDryPoor
389325,Thalictrum flavum,OpenDryPoor
389326,Thalictrum flavum,OpenDryPoor
389327,Thalictrum flavum,OpenDryPoor
389478,Thalictrum flavum,OpenDryPoor
389480,Thalictrum flavum,OpenDryPoor
433179,Thalictrum flavum,OpenDryPoor
435480,Thalictrum flavum,OpenDryPoor
435481,Thalictrum flavum,OpenDryPoor
481263,Thalictrum flavum,OpenDryPoor
481264,Thalictrum flavum,OpenDryPoor
483562,Thalictrum flavum,OpenDryPoor
483563,Thalictrum flavum,OpenDryPoor
483566,Thalictrum flavum,OpenDryPoor
485863,Thalictrum flavum,OpenDryPoor
485866,Thalictrum flavum,OpenDryPoor
488162,Thalictrum flavum,OpenDryPoor
488166,Thalictrum flavum,OpenDryPoor
621975,Thalictrum flavum,OpenDryPoor
624277,Thalictrum flavum,OpenDryPoor
628875,Thalictrum flavum,OpenDryPoor
631175,Thalictrum flavum,OpenDryPoor
702435,Thalictrum flavum,OpenDryPoor
707037,Thalictrum flavum,OpenDryPoor
707038,Thalictrum flavum,OpenDryPoor
709335,Thalictrum flavum,OpenDryPoor
709336,Thalictrum flavum,OpenDryPoor
709337,Thalictrum flavum,OpenDryPoor
711634,Thalictrum flavum,OpenDryPoor
711635,Thalictrum flavum,OpenDryPoor
711636,Thalictrum flavum,OpenDryPoor
731964,Thalictrum flavum,OpenDryPoor
731965,Thalictrum flavum,OpenDryPoor
731966,Thalictrum flavum,OpenDryPoor
863055,Thalictrum flavum,OpenDryPoor
865354,Thalictrum flavum,OpenDryPoor
865355,Thalictrum flavum,OpenDryPoor
867655,Thalictrum flavum,OpenDryPoor
867656,Thalictrum flavum,OpenDryPoor
869954,Thalictrum flavum,OpenDryPoor
869957,Thalictrum flavum,OpenDryPoor
874561,Thalictrum flavum,OpenDryPoor
876858,Thalictrum flavum,OpenDryPoor
876862,Thalictrum flavum,OpenDryPoor
879158,Thalictrum flavum,OpenDryPoor
879159,Thalictrum flavum,OpenDryPoor
879160,Thalictrum flavum,OpenDryPoor
879161,Thalictrum flavum,OpenDryPoor
879162,Thalictrum flavum,OpenDryPoor
881458,Thalictrum flavum,OpenDryPoor
881459,Thalictrum flavum,OpenDryPoor
881460,Thalictrum flavum,OpenDryPoor
881461,Thalictrum flavum,OpenDryPoor
881462,Thalictrum flavum,OpenDryPoor
883759,Thalictrum flavum,OpenDryPoor
883760,Thalictrum flavum,OpenDryPoor
897540,Thalictrum flavum,OpenDryPoor
897541,Thalictrum flavum,OpenDryPoor
897570,Thalictrum flavum,OpenDryPoor
897571,Thalictrum flavum,OpenDryPoor
897572,Thalictrum flavum,OpenDryPoor
897574,Thalictrum flavum,OpenDryPoor
899839,Thalictrum flavum,OpenDryPoor
899840,Thalictrum flavum,OpenDryPoor
899841,Thalictrum flavum,OpenDryPoor
899842,Thalictrum flavum,OpenDryPoor
899876,Thalictrum flavum,OpenDryPoor
902139,Thalictrum flavum,OpenDryPoor
902140,Thalictrum flavum,OpenDryPoor
902141,Thalictrum flavum,OpenDryPoor
902142,Thalictrum flavum,OpenDryPoor
902143,Thalictrum flavum,OpenDryPoor
902176,Thalictrum flavum,OpenDryPoor
902177,Thalictrum flavum,OpenDryPoor
904443,Thalictrum flavum,OpenDryPoor
904477,Thalictrum flavum,OpenDryPoor
904478,Thalictrum flavum,OpenDryPoor
906769,Thalictrum flavum,OpenDryPoor
916002,Thalictrum flavum,OpenDryPoor
918302,Thalictrum flavum,OpenDryPoor
920602,Thalictrum flavum,OpenDryPoor
920603,Thalictrum flavum,OpenDryPoor
922904,Thalictrum flavum,OpenDryPoor
929951,Thalictrum flavum,OpenDryPoor
934550,Thalictrum flavum,OpenDryPoor
934551,Thalictrum flavum,OpenDryPoor
936632,Thalictrum flavum,OpenDryPoor
936850,Thalictrum flavum,OpenDryPoor
936851,Thalictrum flavum,OpenDryPoor
936852,Thalictrum flavum,OpenDryPoor
938917,Thalictrum flavum,OpenDryPoor
938932,Thalictrum flavum,OpenDryPoor
939150,Thalictrum flavum,OpenDryPoor
939151,Thalictrum flavum,OpenDryPoor
939152,Thalictrum flavum,OpenDryPoor
941232,Thalictrum flavum,OpenDryPoor
941233,Thalictrum flavum,OpenDryPoor
943517,Thalictrum flavum,OpenDryPoor
943541,Thalictrum flavum,OpenDryPoor
943542,Thalictrum flavum,OpenDryPoor
945817,Thalictrum flavum,OpenDryPoor
945841,Thalictrum flavum,OpenDryPoor
945842,Thalictrum flavum,OpenDryPoor
945903,Thalictrum flavum,OpenDryPoor
948143,Thalictrum flavum,OpenDryPoor
948202,Thalictrum flavum,OpenDryPoor
948204,Thalictrum flavum,OpenDryPoor
984986,Thalictrum flavum,OpenDryPoor
984988,Thalictrum flavum,OpenDryPoor
996582,Thalictrum flavum,OpenDryPoor
998884,Thalictrum flavum,OpenDryPoor
998885,Thalictrum flavum,OpenDryPoor
1001184,Thalictrum flavum,OpenDryPoor
1001185,Thalictrum flavum,OpenDryPoor
1001186,Thalictrum flavum,OpenDryPoor
1003485,Thalictrum flavum,OpenDryPoor
1026479,Thalictrum flavum,OpenDryPoor
1026480,Thalictrum flavum,OpenDryPoor
1026481,Thalictrum flavum,OpenDryPoor
1026508,Thalictrum flavum,OpenDryPoor
1026509,Thalictrum flavum,OpenDryPoor
1028779,Thalictrum flavum,OpenDryPoor
1028780,Thalictrum flavum,OpenDryPoor
1028781,Thalictrum flavum,OpenDryPoor
1028782,Thalictrum flavum,OpenDryPoor
1028807,Thalictrum flavum,OpenDryPoor
1028808,Thalictrum flavum,OpenDryPoor
1028809,Thalictrum flavum,OpenDryPoor
1031079,Thalictrum flavum,OpenDryPoor
1031080,Thalictrum flavum,OpenDryPoor
1031081,Thalictrum flavum,OpenDryPoor
1031082,Thalictrum flavum,OpenDryPoor
1031083,Thalictrum flavum,OpenDryPoor
1033379,Thalictrum flavum,OpenDryPoor
1033380,Thalictrum flavum,OpenDryPoor
1033381,Thalictrum flavum,OpenDryPoor
1033382,Thalictrum flavum,OpenDryPoor
1033405,Thalictrum flavum,OpenDryPoor
1033406,Thalictrum flavum,OpenDryPoor
1035702,Thalictrum flavum,OpenDryPoor
1035703,Thalictrum flavum,OpenDryPoor
1035706,Thalictrum flavum,OpenDryPoor
1035707,Thalictrum flavum,OpenDryPoor
1035708,Thalictrum flavum,OpenDryPoor
1035709,Thalictrum flavum,OpenDryPoor
1035726,Thalictrum flavum,OpenDryPoor
1037986,Thalictrum flavum,OpenDryPoor
1037987,Thalictrum flavum,OpenDryPoor
1038002,Thalictrum flavum,OpenDryPoor
1038003,Thalictrum flavum,OpenDryPoor
1038004,Thalictrum flavum,OpenDryPoor
1038026,Thalictrum flavum,OpenDryPoor
1040286,Thalictrum flavum,OpenDryPoor
1040287,Thalictrum flavum,OpenDryPoor
1040304,Thalictrum flavum,OpenDryPoor
1042588,Thalictrum flavum,OpenDryPoor
1042615,Thalictrum flavum,OpenDryPoor
1044910,Thalictrum flavum,OpenDryPoor
1044915,Thalictrum flavum,OpenDryPoor
1047213,Thalictrum flavum,OpenDryPoor
1047214,Thalictrum flavum,OpenDryPoor
1047215,Thalictrum flavum,OpenDryPoor
1051795,Thalictrum flavum,OpenDryPoor
1054091,Thalictrum flavum,OpenDryPoor
1054092,Thalictrum flavum,OpenDryPoor
1054093,Thalictrum flavum,OpenDryPoor
1054095,Thalictrum flavum,OpenDryPoor
1056391,Thalictrum flavum,OpenDryPoor
1056392,Thalictrum flavum,OpenDryPoor
1056393,Thalictrum flavum,OpenDryPoor
1056395,Thalictrum flavum,OpenDryPoor
1058691,Thalictrum flavum,OpenDryPoor
1058692,Thalictrum flavum,OpenDryPoor
1058693,Thalictrum flavum,OpenDryPoor
1058694,Thalictrum flavum,OpenDryPoor
1058695,Thalictrum flavum,OpenDryPoor
1058699,Thalictrum flavum,OpenDryPoor
1060991,Thalictrum flavum,OpenDryPoor
1060992,Thalictrum flavum,OpenDryPoor
1060993,Thalictrum flavum,OpenDryPoor
1060994,Thalictrum flavum,OpenDryPoor
1061004,Thalictrum flavum,OpenDryPoor
1061005,Thalictrum flavum,OpenDryPoor
1061006,Thalictrum flavum,OpenDryPoor
1061007,Thalictrum flavum,OpenDryPoor
1061008,Thalictrum flavum,OpenDryPoor
1063293,Thalictrum flavum,OpenDryPoor
1063305,Thalictrum flavum,OpenDryPoor
1063306,Thalictrum flavum,OpenDryPoor
1063308,Thalictrum flavum,OpenDryPoor
1063309,Thalictrum flavum,OpenDryPoor
1074602,Thalictrum flavum,OpenDryPoor
1074694,Thalictrum flavum,OpenDryPoor
1074723,Thalictrum flavum,OpenDryPoor
1074724,Thalictrum flavum,OpenDryPoor
1074726,Thalictrum flavum,OpenDryPoor
1076902,Thalictrum flavum,OpenDryPoor
1076903,Thalictrum flavum,OpenDryPoor
1076904,Thalictrum flavum,OpenDryPoor
1077023,Thalictrum flavum,OpenDryPoor
1077026,Thalictrum flavum,OpenDryPoor
1079200,Thalictrum flavum,OpenDryPoor
1079202,Thalictrum flavum,OpenDryPoor
1079203,Thalictrum flavum,OpenDryPoor
1081500,Thalictrum flavum,OpenDryPoor
1081504,Thalictrum flavum,OpenDryPoor
1081595,Thalictrum flavum,OpenDryPoor
1083804,Thalictrum flavum,OpenDryPoor
1106900,Thalictrum flavum,OpenDryPoor
1109200,Thalictrum flavum,OpenDryPoor
1109201,Thalictrum flavum,OpenDryPoor
1109205,Thalictrum flavum,OpenDryPoor
1111500,Thalictrum flavum,OpenDryPoor
1111501,Thalictrum flavum,OpenDryPoor
1146114,Thalictrum flavum,OpenDryPoor
1146117,Thalictrum flavum,OpenDryPoor
1148414,Thalictrum flavum,OpenDryPoor
1150713,Thalictrum flavum,OpenDryPoor
1150714,Thalictrum flavum,OpenDryPoor
1150715,Thalictrum flavum,OpenDryPoor
1150716,Thalictrum flavum,OpenDryPoor
1150717,Thalictrum flavum,OpenDryPoor
1153014,Thalictrum flavum,OpenDryPoor
1155316,Thalictrum flavum,OpenDryPoor
1205781,Thalictrum flavum,OpenDryPoor
1205783,Thalictrum flavum,OpenDryPoor
1205784,Thalictrum flavum,OpenDryPoor
1208081,Thalictrum flavum,OpenDryPoor
1208082,Thalictrum flavum,OpenDryPoor
1208083,Thalictrum flavum,OpenDryPoor
1208084,Thalictrum flavum,OpenDryPoor
1210380,Thalictrum flavum,OpenDryPoor
1210381,Thalictrum flavum,OpenDryPoor
1210382,Thalictrum flavum,OpenDryPoor
1210383,Thalictrum flavum,OpenDryPoor
1210384,Thalictrum flavum,OpenDryPoor
1212681,Thalictrum flavum,OpenDryPoor
1212683,Thalictrum flavum,OpenDryPoor
1212684,Thalictrum flavum,OpenDryPoor
1214982,Thalictrum flavum,OpenDryPoor
1214983,Thalictrum flavum,OpenDryPoor
1274327,Thalictrum flavum,OpenDryPoor
1274328,Thalictrum flavum,OpenDryPoor
1276626,Thalictrum flavum,OpenDryPoor
1276627,Thalictrum flavum,OpenDryPoor
1276629,Thalictrum flavum,OpenDryPoor
1278926,Thalictrum flavum,OpenDryPoor
1278927,Thalictrum flavum,OpenDryPoor
1311401,Thalictrum flavum,OpenDryPoor
1311402,Thalictrum flavum,OpenDryPoor
1311403,Thalictrum flavum,OpenDryPoor
1311404,Thalictrum flavum,OpenDryPoor
1311611,Thalictrum flavum,OpenDryPoor
1311612,Thalictrum flavum,OpenDryPoor
1311613,Thalictrum flavum,OpenDryPoor
1313703,Thalictrum flavum,OpenDryPoor
1313910,Thalictrum flavum,OpenDryPoor
1313911,Thalictrum flavum,OpenDryPoor
1313912,Thalictrum flavum,OpenDryPoor
1313913,Thalictrum flavum,OpenDryPoor
1316000,Thalictrum flavum,OpenDryPoor
1316001,Thalictrum flavum,OpenDryPoor
1316002,Thalictrum flavum,OpenDryPoor
1316003,Thalictrum flavum,OpenDryPoor
1316004,Thalictrum flavum,OpenDryPoor
1316211,Thalictrum flavum,OpenDryPoor
1316212,Thalictrum flavum,OpenDryPoor
1316213,Thalictrum flavum,OpenDryPoor
1316214,Thalictrum flavum,OpenDryPoor
1318301,Thalictrum flavum,OpenDryPoor
1318302,Thalictrum flavum,OpenDryPoor
1318303,Thalictrum flavum,OpenDryPoor
1318304,Thalictrum flavum,OpenDryPoor
1318305,Thalictrum flavum,OpenDryPoor
1318510,Thalictrum flavum,OpenDryPoor
1318513,Thalictrum flavum,OpenDryPoor
1320601,Thalictrum flavum,OpenDryPoor
1320602,Thalictrum flavum,OpenDryPoor
1320604,Thalictrum flavum,OpenDryPoor
1320811,Thalictrum flavum,OpenDryPoor
1320812,Thalictrum flavum,OpenDryPoor
1320813,Thalictrum flavum,OpenDryPoor
1322901,Thalictrum flavum,OpenDryPoor
1322902,Thalictrum flavum,OpenDryPoor
1322903,Thalictrum flavum,OpenDryPoor
1322904,Thalictrum flavum,OpenDryPoor
1364632,Thalictrum flavum,OpenDryPoor
1405723,Thalictrum flavum,OpenDryPoor
1405725,Thalictrum flavum,OpenDryPoor
1408022,Thalictrum flavum,OpenDryPoor
1408023,Thalictrum flavum,OpenDryPoor
1408024,Thalictrum flavum,OpenDryPoor
1408026,Thalictrum flavum,OpenDryPoor
1410323,Thalictrum flavum,OpenDryPoor
1410324,Thalictrum flavum,OpenDryPoor
1410326,Thalictrum flavum,OpenDryPoor
1410340,Thalictrum flavum,OpenDryPoor
1410341,Thalictrum flavum,OpenDryPoor
1410342,Thalictrum flavum,OpenDryPoor
1410343,Thalictrum flavum,OpenDryPoor
1412622,Thalictrum flavum,OpenDryPoor
1412624,Thalictrum flavum,OpenDryPoor
1412626,Thalictrum flavum,OpenDryPoor
1412639,Thalictrum flavum,OpenDryPoor
1412640,Thalictrum flavum,OpenDryPoor
1414924,Thalictrum flavum,OpenDryPoor
1414925,Thalictrum flavum,OpenDryPoor
1414939,Thalictrum flavum,OpenDryPoor
1414940,Thalictrum flavum,OpenDryPoor
1414941,Thalictrum flavum,OpenDryPoor
1414942,Thalictrum flavum,OpenDryPoor
1417240,Thalictrum flavum,OpenDryPoor
1417241,Thalictrum flavum,OpenDryPoor
1417243,Thalictrum flavum,OpenDryPoor
1419541,Thalictrum flavum,OpenDryPoor
1419542,Thalictrum flavum,OpenDryPoor
1419738,Thalictrum flavum,OpenDryPoor
1422037,Thalictrum flavum,OpenDryPoor
1422038,Thalictrum flavum,OpenDryPoor
1422039,Thalictrum flavum,OpenDryPoor
1422040,Thalictrum flavum,OpenDryPoor
1424337,Thalictrum flavum,OpenDryPoor
1426637,Thalictrum flavum,OpenDryPoor
1426640,Thalictrum flavum,OpenDryPoor
1428938,Thalictrum flavum,OpenDryPoor
1543911,Thalictrum flavum,OpenDryPoor
1546212,Thalictrum flavum,OpenDryPoor
1550811,Thalictrum flavum,OpenDryPoor
1553113,Thalictrum flavum,OpenDryPoor
1642914,Thalictrum flavum,OpenDryPoor
1645214,Thalictrum flavum,OpenDryPoor
1649814,Thalictrum flavum,OpenDryPoor
1725751,Thalictrum flavum,OpenDryPoor
1728049,Thalictrum flavum,OpenDryPoor
1728050,Thalictrum flavum,OpenDryPoor
1728051,Thalictrum flavum,OpenDryPoor
1730350,Thalictrum flavum,OpenDryPoor
1730353,Thalictrum flavum,OpenDryPoor
1732653,Thalictrum flavum,OpenDryPoor
1734952,Thalictrum flavum,OpenDryPoor
1734953,Thalictrum flavum,OpenDryPoor
1737249,Thalictrum flavum,OpenDryPoor
1741476,Thalictrum flavum,OpenDryPoor
1741733,Thalictrum flavum,OpenDryPoor
1743775,Thalictrum flavum,OpenDryPoor
1746079,Thalictrum flavum,OpenDryPoor
1748379,Thalictrum flavum,OpenDryPoor
1748747,Thalictrum flavum,OpenDryPoor
1748755,Thalictrum flavum,OpenDryPoor
1748756,Thalictrum flavum,OpenDryPoor
1751049,Thalictrum flavum,OpenDryPoor
1751054,Thalictrum flavum,OpenDryPoor
1753347,Thalictrum flavum,OpenDryPoor
1753350,Thalictrum flavum,OpenDryPoor
1753353,Thalictrum flavum,OpenDryPoor
1755530,Thalictrum flavum,OpenDryPoor
1755647,Thalictrum flavum,OpenDryPoor
1755648,Thalictrum flavum,OpenDryPoor
1755649,Thalictrum flavum,OpenDryPoor
1757830,Thalictrum flavum,OpenDryPoor
1757948,Thalictrum flavum,OpenDryPoor
1757950,Thalictrum flavum,OpenDryPoor
1760249,Thalictrum flavum,OpenDryPoor
1760250,Thalictrum flavum,OpenDryPoor
1760251,Thalictrum flavum,OpenDryPoor
1767034,Thalictrum flavum,OpenDryPoor
1769327,Thalictrum flavum,OpenDryPoor
1769334,Thalictrum flavum,OpenDryPoor
1769427,Thalictrum flavum,OpenDryPoor
1771627,Thalictrum flavum,OpenDryPoor
1771634,Thalictrum flavum,OpenDryPoor
1771727,Thalictrum flavum,OpenDryPoor
1771728,Thalictrum flavum,OpenDryPoor
1773934,Thalictrum flavum,OpenDryPoor
1774061,Thalictrum flavum,OpenDryPoor
1774062,Thalictrum flavum,OpenDryPoor
1774063,Thalictrum flavum,OpenDryPoor
1776360,Thalictrum flavum,OpenDryPoor
1776362,Thalictrum flavum,OpenDryPoor
1776363,Thalictrum flavum,OpenDryPoor
1778660,Thalictrum flavum,OpenDryPoor
1778663,Thalictrum flavum,OpenDryPoor
1780960,Thalictrum flavum,OpenDryPoor
1780962,Thalictrum flavum,OpenDryPoor
1783262,Thalictrum flavum,OpenDryPoor
1783263,Thalictrum flavum,OpenDryPoor
1790112,Thalictrum flavum,OpenDryPoor
1790113,Thalictrum flavum,OpenDryPoor
1792411,Thalictrum flavum,OpenDryPoor
1792412,Thalictrum flavum,OpenDryPoor
1792413,Thalictrum flavum,OpenDryPoor
1792414,Thalictrum flavum,OpenDryPoor
1792415,Thalictrum flavum,OpenDryPoor
1794711,Thalictrum flavum,OpenDryPoor
1797014,Thalictrum flavum,OpenDryPoor
1797015,Thalictrum flavum,OpenDryPoor
1799314,Thalictrum flavum,OpenDryPoor
1806116,Thalictrum flavum,OpenDryPoor
1806117,Thalictrum flavum,OpenDryPoor
1808416,Thalictrum flavum,OpenDryPoor
1810716,Thalictrum flavum,OpenDryPoor
1813015,Thalictrum flavum,OpenDryPoor
1813016,Thalictrum flavum,OpenDryPoor
1865533,Thalictrum flavum,OpenDryPoor
1865534,Thalictrum flavum,OpenDryPoor
1865535,Thalictrum flavum,OpenDryPoor
1865536,Thalictrum flavum,OpenDryPoor
1867835,Thalictrum flavum,OpenDryPoor
1870134,Thalictrum flavum,OpenDryPoor
1870135,Thalictrum flavum,OpenDryPoor
1870650,Thalictrum flavum,OpenDryPoor
1877550,Thalictrum flavum,OpenDryPoor
1884508,Thalictrum flavum,OpenDryPoor
1884509,Thalictrum flavum,OpenDryPoor
1886810,Thalictrum flavum,OpenDryPoor
1889109,Thalictrum flavum,OpenDryPoor
1889110,Thalictrum flavum,OpenDryPoor
1891409,Thalictrum flavum,OpenDryPoor
1891410,Thalictrum flavum,OpenDryPoor
1909649,Thalictrum flavum,OpenDryPoor
2036219,Thalictrum flavum,OpenDryPoor
2036220,Thalictrum flavum,OpenDryPoor
2036221,Thalictrum flavum,OpenDryPoor
2038521,Thalictrum flavum,OpenDryPoor
2038522,Thalictrum flavum,OpenDryPoor
2040819,Thalictrum flavum,OpenDryPoor
2040820,Thalictrum flavum,OpenDryPoor
2040821,Thalictrum flavum,OpenDryPoor
2040822,Thalictrum flavum,OpenDryPoor
2045514,Thalictrum flavum,OpenDryPoor
2047811,Thalictrum flavum,OpenDryPoor
2047812,Thalictrum flavum,OpenDryPoor
2047814,Thalictrum flavum,OpenDryPoor
2050111,Thalictrum flavum,OpenDryPoor
2050112,Thalictrum flavum,OpenDryPoor
2050113,Thalictrum flavum,OpenDryPoor
2050114,Thalictrum flavum,OpenDryPoor
2050115,Thalictrum flavum,OpenDryPoor
2052411,Thalictrum flavum,OpenDryPoor
2052412,Thalictrum flavum,OpenDryPoor
2052413,Thalictrum flavum,OpenDryPoor
2052414,Thalictrum flavum,OpenDryPoor
2052415,Thalictrum flavum,OpenDryPoor
2054712,Thalictrum flavum,OpenDryPoor
2054714,Thalictrum flavum,OpenDryPoor
2104726,Thalictrum flavum,OpenDryPoor
2107024,Thalictrum flavum,OpenDryPoor
2107025,Thalictrum flavum,OpenDryPoor
2107027,Thalictrum flavum,OpenDryPoor
2109324,Thalictrum flavum,OpenDryPoor
2109325,Thalictrum flavum,OpenDryPoor
2109326,Thalictrum flavum,OpenDryPoor
2109327,Thalictrum flavum,OpenDryPoor
2109328,Thalictrum flavum,OpenDryPoor
2111625,Thalictrum flavum,OpenDryPoor
2111626,Thalictrum flavum,OpenDryPoor
2111627,Thalictrum flavum,OpenDryPoor
2111628,Thalictrum flavum,OpenDryPoor
2113924,Thalictrum flavum,OpenDryPoor
2113925,Thalictrum flavum,OpenDryPoor
2113926,Thalictrum flavum,OpenDryPoor
2113927,Thalictrum flavum,OpenDryPoor
2125297,Thalictrum flavum,OpenDryPoor
2173594,Thalictrum flavum,OpenDryPoor
2175894,Thalictrum flavum,OpenDryPoor
2232298,Thalictrum flavum,OpenDryPoor
2234597,Thalictrum flavum,OpenDryPoor
2277125,Thalictrum flavum,OpenDryPoor
2277126,Thalictrum flavum,OpenDryPoor
2279425,Thalictrum flavum,OpenDryPoor
2279426,Thalictrum flavum,OpenDryPoor
2279427,Thalictrum flavum,OpenDryPoor
2281727,Thalictrum flavum,OpenDryPoor
2281728,Thalictrum flavum,OpenDryPoor
2284028,Thalictrum flavum,OpenDryPoor
2288620,Thalictrum flavum,OpenDryPoor
2290919,Thalictrum flavum,OpenDryPoor
2298249,Thalictrum flavum,OpenDryPoor
2300120,Thalictrum flavum,OpenDryPoor
2300121,Thalictrum flavum,OpenDryPoor
2302420,Thalictrum flavum,OpenDryPoor
2302421,Thalictrum flavum,OpenDryPoor
2302422,Thalictrum flavum,OpenDryPoor
2304720,Thalictrum flavum,OpenDryPoor
2304721,Thalictrum flavum,OpenDryPoor
2304722,Thalictrum flavum,OpenDryPoor
2304723,Thalictrum flavum,OpenDryPoor
2307020,Thalictrum flavum,OpenDryPoor
2307021,Thalictrum flavum,OpenDryPoor
2307022,Thalictrum flavum,OpenDryPoor
2307023,Thalictrum flavum,OpenDryPoor
2309321,Thalictrum flavum,OpenDryPoor
2309322,Thalictrum flavum,OpenDryPoor
2312320,Thalictrum flavum,OpenDryPoor
2314619,Thalictrum flavum,OpenDryPoor
2314620,Thalictrum flavum,OpenDryPoor
2316919,Thalictrum flavum,OpenDryPoor
2316920,Thalictrum flavum,OpenDryPoor
2317295,Thalictrum flavum,OpenDryPoor
2319219,Thalictrum flavum,OpenDryPoor
2319593,Thalictrum flavum,OpenDryPoor
2319594,Thalictrum flavum,OpenDryPoor
2319595,Thalictrum flavum,OpenDryPoor
2321520,Thalictrum flavum,OpenDryPoor
2321892,Thalictrum flavum,OpenDryPoor
2321893,Thalictrum flavum,OpenDryPoor
2321894,Thalictrum flavum,OpenDryPoor
2324195,Thalictrum flavum,OpenDryPoor
2324200,Thalictrum flavum,OpenDryPoor
2326498,Thalictrum flavum,OpenDryPoor
2326499,Thalictrum flavum,OpenDryPoor
2328414,Thalictrum flavum,OpenDryPoor
2328798,Thalictrum flavum,OpenDryPoor
2328799,Thalictrum flavum,OpenDryPoor
2331098,Thalictrum flavum,OpenDryPoor
2331099,Thalictrum flavum,OpenDryPoor
2333399,Thalictrum flavum,OpenDryPoor
2334624,Thalictrum flavum,OpenDryPoor
2334625,Thalictrum flavum,OpenDryPoor
2336925,Thalictrum flavum,OpenDryPoor
2342535,Thalictrum flavum,OpenDryPoor
2342536,Thalictrum flavum,OpenDryPoor
2342537,Thalictrum flavum,OpenDryPoor
2344836,Thalictrum flavum,OpenDryPoor
2344837,Thalictrum flavum,OpenDryPoor
2347137,Thalictrum flavum,OpenDryPoor
2349437,Thalictrum flavum,OpenDryPoor
2353031,Thalictrum flavum,OpenDryPoor
2353032,Thalictrum flavum,OpenDryPoor
2356336,Thalictrum flavum,OpenDryPoor
2357567,Thalictrum flavum,OpenDryPoor
2357568,Thalictrum flavum,OpenDryPoor
2357656,Thalictrum flavum,OpenDryPoor
2359867,Thalictrum flavum,OpenDryPoor
2359868,Thalictrum flavum,OpenDryPoor
2359954,Thalictrum flavum,OpenDryPoor
2359955,Thalictrum flavum,OpenDryPoor
2359957,Thalictrum flavum,OpenDryPoor
2360934,Thalictrum flavum,OpenDryPoor
2361120,Thalictrum flavum,OpenDryPoor
2362169,Thalictrum flavum,OpenDryPoor
2362256,Thalictrum flavum,OpenDryPoor
2362257,Thalictrum flavum,OpenDryPoor
2362258,Thalictrum flavum,OpenDryPoor
2363234,Thalictrum flavum,OpenDryPoor
2363235,Thalictrum flavum,OpenDryPoor
2363236,Thalictrum flavum,OpenDryPoor
2363237,Thalictrum flavum,OpenDryPoor
2363238,Thalictrum flavum,OpenDryPoor
2363420,Thalictrum flavum,OpenDryPoor
2363421,Thalictrum flavum,OpenDryPoor
2363422,Thalictrum flavum,OpenDryPoor
2364535,Thalictrum flavum,OpenDryPoor
2364536,Thalictrum flavum,OpenDryPoor
2364556,Thalictrum flavum,OpenDryPoor
2364557,Thalictrum flavum,OpenDryPoor
2364558,Thalictrum flavum,OpenDryPoor
2365533,Thalictrum flavum,OpenDryPoor
2365534,Thalictrum flavum,OpenDryPoor
2365721,Thalictrum flavum,OpenDryPoor
2365722,Thalictrum flavum,OpenDryPoor
2366769,Thalictrum flavum,OpenDryPoor
2366835,Thalictrum flavum,OpenDryPoor
2366836,Thalictrum flavum,OpenDryPoor
2366854,Thalictrum flavum,OpenDryPoor
2366855,Thalictrum flavum,OpenDryPoor
2366856,Thalictrum flavum,OpenDryPoor
2366857,Thalictrum flavum,OpenDryPoor
2367959,Thalictrum flavum,OpenDryPoor
2369070,Thalictrum flavum,OpenDryPoor
2369136,Thalictrum flavum,OpenDryPoor
2369137,Thalictrum flavum,OpenDryPoor
2369138,Thalictrum flavum,OpenDryPoor
2370320,Thalictrum flavum,OpenDryPoor
2370321,Thalictrum flavum,OpenDryPoor
2373669,Thalictrum flavum,OpenDryPoor
2373670,Thalictrum flavum,OpenDryPoor
2373671,Thalictrum flavum,OpenDryPoor
2373737,Thalictrum flavum,OpenDryPoor
2375969,Thalictrum flavum,OpenDryPoor
2375970,Thalictrum flavum,OpenDryPoor
2375971,Thalictrum flavum,OpenDryPoor
2375972,Thalictrum flavum,OpenDryPoor
2375973,Thalictrum flavum,OpenDryPoor
2376038,Thalictrum flavum,OpenDryPoor
2377062,Thalictrum flavum,OpenDryPoor
2377162,Thalictrum flavum,OpenDryPoor
2379462,Thalictrum flavum,OpenDryPoor
2379463,Thalictrum flavum,OpenDryPoor
2380640,Thalictrum flavum,OpenDryPoor
2380641,Thalictrum flavum,OpenDryPoor
2381763,Thalictrum flavum,OpenDryPoor
2382940,Thalictrum flavum,OpenDryPoor
2382941,Thalictrum flavum,OpenDryPoor
2382942,Thalictrum flavum,OpenDryPoor
2384064,Thalictrum flavum,OpenDryPoor
2384072,Thalictrum flavum,OpenDryPoor
2385241,Thalictrum flavum,OpenDryPoor
2385242,Thalictrum flavum,OpenDryPoor
2385243,Thalictrum flavum,OpenDryPoor
2386366,Thalictrum flavum,OpenDryPoor
2386367,Thalictrum flavum,OpenDryPoor
2386368,Thalictrum flavum,OpenDryPoor
2386369,Thalictrum flavum,OpenDryPoor
2386370,Thalictrum flavum,OpenDryPoor
2387541,Thalictrum flavum,OpenDryPoor
2389840,Thalictrum flavum,OpenDryPoor
2389842,Thalictrum flavum,OpenDryPoor
2393260,Thalictrum flavum,OpenDryPoor
2397859,Thalictrum flavum,OpenDryPoor
2402462,Thalictrum flavum,OpenDryPoor
2403666,Thalictrum flavum,OpenDryPoor
2405940,Thalictrum flavum,OpenDryPoor
2405964,Thalictrum flavum,OpenDryPoor
2405965,Thalictrum flavum,OpenDryPoor
2405967,Thalictrum flavum,OpenDryPoor
2407150,Thalictrum flavum,OpenDryPoor
2407151,Thalictrum flavum,OpenDryPoor
2408241,Thalictrum flavum,OpenDryPoor
2408264,Thalictrum flavum,OpenDryPoor
2408265,Thalictrum flavum,OpenDryPoor
2408266,Thalictrum flavum,OpenDryPoor
2408267,Thalictrum flavum,OpenDryPoor
2408529,Thalictrum flavum,OpenDryPoor
2409245,Thalictrum flavum,OpenDryPoor
2409248,Thalictrum flavum,OpenDryPoor
2409439,Thalictrum flavum,OpenDryPoor
2409451,Thalictrum flavum,OpenDryPoor
2409452,Thalictrum flavum,OpenDryPoor
2410540,Thalictrum flavum,OpenDryPoor
2410566,Thalictrum flavum,OpenDryPoor
2410568,Thalictrum flavum,OpenDryPoor
2410828,Thalictrum flavum,OpenDryPoor
2410829,Thalictrum flavum,OpenDryPoor
2411544,Thalictrum flavum,OpenDryPoor
2411740,Thalictrum flavum,OpenDryPoor
2411741,Thalictrum flavum,OpenDryPoor
2411748,Thalictrum flavum,OpenDryPoor
2411752,Thalictrum flavum,OpenDryPoor
2412840,Thalictrum flavum,OpenDryPoor
2413127,Thalictrum flavum,OpenDryPoor
2413844,Thalictrum flavum,OpenDryPoor
2413845,Thalictrum flavum,OpenDryPoor
2414039,Thalictrum flavum,OpenDryPoor
2414040,Thalictrum flavum,OpenDryPoor
2414041,Thalictrum flavum,OpenDryPoor
2414049,Thalictrum flavum,OpenDryPoor
2414050,Thalictrum flavum,OpenDryPoor
2415427,Thalictrum flavum,OpenDryPoor
2416273,Thalictrum flavum,OpenDryPoor
2417727,Thalictrum flavum,OpenDryPoor
2417728,Thalictrum flavum,OpenDryPoor
2418570,Thalictrum flavum,OpenDryPoor
2418573,Thalictrum flavum,OpenDryPoor
2418574,Thalictrum flavum,OpenDryPoor
2420872,Thalictrum flavum,OpenDryPoor
2425325,Thalictrum flavum,OpenDryPoor
2429948,Thalictrum flavum,OpenDryPoor
2431174,Thalictrum flavum,OpenDryPoor
2432247,Thalictrum flavum,OpenDryPoor
2432248,Thalictrum flavum,OpenDryPoor
2434671,Thalictrum flavum,OpenDryPoor
2436825,Thalictrum flavum,OpenDryPoor
2436971,Thalictrum flavum,OpenDryPoor
2441425,Thalictrum flavum,OpenDryPoor
2441426,Thalictrum flavum,OpenDryPoor
2443725,Thalictrum flavum,OpenDryPoor
2447338,Thalictrum flavum,OpenDryPoor
2447880,Thalictrum flavum,OpenDryPoor
2447881,Thalictrum flavum,OpenDryPoor
2447882,Thalictrum flavum,OpenDryPoor
2448362,Thalictrum flavum,OpenDryPoor
2449638,Thalictrum flavum,OpenDryPoor
2450181,Thalictrum flavum,OpenDryPoor
2450182,Thalictrum flavum,OpenDryPoor
2450183,Thalictrum flavum,OpenDryPoor
2452481,Thalictrum flavum,OpenDryPoor
2452482,Thalictrum flavum,OpenDryPoor
2454779,Thalictrum flavum,OpenDryPoor
2454782,Thalictrum flavum,OpenDryPoor
2457078,Thalictrum flavum,OpenDryPoor
2457083,Thalictrum flavum,OpenDryPoor
2459384,Thalictrum flavum,OpenDryPoor
2461680,Thalictrum flavum,OpenDryPoor
2463983,Thalictrum flavum,OpenDryPoor
2465960,Thalictrum flavum,OpenDryPoor
2465961,Thalictrum flavum,OpenDryPoor
2466283,Thalictrum flavum,OpenDryPoor
2466284,Thalictrum flavum,OpenDryPoor
2468115,Thalictrum flavum,OpenDryPoor
2468116,Thalictrum flavum,OpenDryPoor
2468259,Thalictrum flavum,OpenDryPoor
2468261,Thalictrum flavum,OpenDryPoor
2470414,Thalictrum flavum,OpenDryPoor
2470415,Thalictrum flavum,OpenDryPoor
2470416,Thalictrum flavum,OpenDryPoor
2470417,Thalictrum flavum,OpenDryPoor
2470558,Thalictrum flavum,OpenDryPoor
2470561,Thalictrum flavum,OpenDryPoor
2470562,Thalictrum flavum,OpenDryPoor
2470563,Thalictrum flavum,OpenDryPoor
2472714,Thalictrum flavum,OpenDryPoor
2472715,Thalictrum flavum,OpenDryPoor
2472716,Thalictrum flavum,OpenDryPoor
2472717,Thalictrum flavum,OpenDryPoor
2472858,Thalictrum flavum,OpenDryPoor
2472861,Thalictrum flavum,OpenDryPoor
2472862,Thalictrum flavum,OpenDryPoor
2472863,Thalictrum flavum,OpenDryPoor
2473762,Thalictrum flavum,OpenDryPoor
2475013,Thalictrum flavum,OpenDryPoor
2475014,Thalictrum flavum,OpenDryPoor
2475015,Thalictrum flavum,OpenDryPoor
2475016,Thalictrum flavum,OpenDryPoor
2475160,Thalictrum flavum,OpenDryPoor
2475161,Thalictrum flavum,OpenDryPoor
2475162,Thalictrum flavum,OpenDryPoor
2477225,Thalictrum flavum,OpenDryPoor
2477226,Thalictrum flavum,OpenDryPoor
2477314,Thalictrum flavum,OpenDryPoor
2477315,Thalictrum flavum,OpenDryPoor
2479526,Thalictrum flavum,OpenDryPoor
2479527,Thalictrum flavum,OpenDryPoor
2479528,Thalictrum flavum,OpenDryPoor
2486423,Thalictrum flavum,OpenDryPoor
2496874,Thalictrum flavum,OpenDryPoor
2499171,Thalictrum flavum,OpenDryPoor
2499176,Thalictrum flavum,OpenDryPoor
2501473,Thalictrum flavum,OpenDryPoor
2503529,Thalictrum flavum,OpenDryPoor
2503551,Thalictrum flavum,OpenDryPoor
2503774,Thalictrum flavum,OpenDryPoor
2503775,Thalictrum flavum,OpenDryPoor
2504812,Thalictrum flavum,OpenDryPoor
2505826,Thalictrum flavum,OpenDryPoor
2505829,Thalictrum flavum,OpenDryPoor
2505852,Thalictrum flavum,OpenDryPoor
2505853,Thalictrum flavum,OpenDryPoor
2506075,Thalictrum flavum,OpenDryPoor
2506076,Thalictrum flavum,OpenDryPoor
2508127,Thalictrum flavum,OpenDryPoor
2510428,Thalictrum flavum,OpenDryPoor
2510551,Thalictrum flavum,OpenDryPoor
2512206,Thalictrum flavum,OpenDryPoor
2512207,Thalictrum flavum,OpenDryPoor
2512208,Thalictrum flavum,OpenDryPoor
2512849,Thalictrum flavum,OpenDryPoor
2512850,Thalictrum flavum,OpenDryPoor
2512851,Thalictrum flavum,OpenDryPoor
2513980,Thalictrum flavum,OpenDryPoor
2514506,Thalictrum flavum,OpenDryPoor
2515152,Thalictrum flavum,OpenDryPoor
2516281,Thalictrum flavum,OpenDryPoor
2518581,Thalictrum flavum,OpenDryPoor
2518582,Thalictrum flavum,OpenDryPoor
2519737,Thalictrum flavum,OpenDryPoor
2520881,Thalictrum flavum,OpenDryPoor
2523181,Thalictrum flavum,OpenDryPoor
2525481,Thalictrum flavum,OpenDryPoor
2527781,Thalictrum flavum,OpenDryPoor
2533522,Thalictrum flavum,OpenDryPoor
2551988,Thalictrum flavum,OpenDryPoor
2554289,Thalictrum flavum,OpenDryPoor
2556589,Thalictrum flavum,OpenDryPoor
2558776,Thalictrum flavum,OpenDryPoor
2558777,Thalictrum flavum,OpenDryPoor
2558778,Thalictrum flavum,OpenDryPoor
2563284,Thalictrum flavum,OpenDryPoor
2563285,Thalictrum flavum,OpenDryPoor
2565584,Thalictrum flavum,OpenDryPoor
2565585,Thalictrum flavum,OpenDryPoor
2567881,Thalictrum flavum,OpenDryPoor
2567882,Thalictrum flavum,OpenDryPoor
2567883,Thalictrum flavum,OpenDryPoor
2567884,Thalictrum flavum,OpenDryPoor
2570182,Thalictrum flavum,OpenDryPoor
2570184,Thalictrum flavum,OpenDryPoor
2575042,Thalictrum flavum,OpenDryPoor
2577342,Thalictrum flavum,OpenDryPoor
2591130,Thalictrum flavum,OpenDryPoor
2591131,Thalictrum flavum,OpenDryPoor
2595729,Thalictrum flavum,OpenDryPoor
2609434,Thalictrum flavum,OpenDryPoor
2609435,Thalictrum flavum,OpenDryPoor
2611734,Thalictrum flavum,OpenDryPoor
2611735,Thalictrum flavum,OpenDryPoor
2614043,Thalictrum flavum,OpenDryPoor
2614045,Thalictrum flavum,OpenDryPoor
2620943,Thalictrum flavum,OpenDryPoor
2625544,Thalictrum flavum,OpenDryPoor
2629956,Thalictrum flavum,OpenDryPoor
2632257,Thalictrum flavum,OpenDryPoor
2632258,Thalictrum flavum,OpenDryPoor
2632259,Thalictrum flavum,OpenDryPoor
2634654,Thalictrum flavum,OpenDryPoor
2634655,Thalictrum flavum,OpenDryPoor
2634656,Thalictrum flavum,OpenDryPoor
2634657,Thalictrum flavum,OpenDryPoor
2636955,Thalictrum flavum,OpenDryPoor
2639256,Thalictrum flavum,OpenDryPoor
2641554,Thalictrum flavum,OpenDryPoor
2650971,Thalictrum flavum,OpenDryPoor
2655235,Thalictrum flavum,OpenDryPoor
2655236,Thalictrum flavum,OpenDryPoor
2655237,Thalictrum flavum,OpenDryPoor
2655238,Thalictrum flavum,OpenDryPoor
2657508,Thalictrum flavum,OpenDryPoor
2657510,Thalictrum flavum,OpenDryPoor
2657511,Thalictrum flavum,OpenDryPoor
2657512,Thalictrum flavum,OpenDryPoor
2657535,Thalictrum flavum,OpenDryPoor
2657536,Thalictrum flavum,OpenDryPoor
2657538,Thalictrum flavum,OpenDryPoor
2657727,Thalictrum flavum,OpenDryPoor
2659807,Thalictrum flavum,OpenDryPoor
2659808,Thalictrum flavum,OpenDryPoor
2659809,Thalictrum flavum,OpenDryPoor
2659812,Thalictrum flavum,OpenDryPoor
2659835,Thalictrum flavum,OpenDryPoor
2659836,Thalictrum flavum,OpenDryPoor
2662108,Thalictrum flavum,OpenDryPoor
2662109,Thalictrum flavum,OpenDryPoor
2662134,Thalictrum flavum,OpenDryPoor
2662135,Thalictrum flavum,OpenDryPoor
2662136,Thalictrum flavum,OpenDryPoor
2662138,Thalictrum flavum,OpenDryPoor
2664435,Thalictrum flavum,OpenDryPoor
2664436,Thalictrum flavum,OpenDryPoor
2664437,Thalictrum flavum,OpenDryPoor
2664681,Thalictrum flavum,OpenDryPoor
2666733,Thalictrum flavum,OpenDryPoor
2666736,Thalictrum flavum,OpenDryPoor
2666737,Thalictrum flavum,OpenDryPoor
2666986,Thalictrum flavum,OpenDryPoor
2669036,Thalictrum flavum,OpenDryPoor
2669037,Thalictrum flavum,OpenDryPoor
2669038,Thalictrum flavum,OpenDryPoor
2669039,Thalictrum flavum,OpenDryPoor
2669285,Thalictrum flavum,OpenDryPoor
2671334,Thalictrum flavum,OpenDryPoor
2671335,Thalictrum flavum,OpenDryPoor
2671336,Thalictrum flavum,OpenDryPoor
2671337,Thalictrum flavum,OpenDryPoor
2671339,Thalictrum flavum,OpenDryPoor
2673635,Thalictrum flavum,OpenDryPoor
2673636,Thalictrum flavum,OpenDryPoor
2673639,Thalictrum flavum,OpenDryPoor
2675934,Thalictrum flavum,OpenDryPoor
2675935,Thalictrum flavum,OpenDryPoor
2675939,Thalictrum flavum,OpenDryPoor
2678222,Thalictrum flavum,OpenDryPoor
2678223,Thalictrum flavum,OpenDryPoor
2678224,Thalictrum flavum,OpenDryPoor
2678234,Thalictrum flavum,OpenDryPoor
2678235,Thalictrum flavum,OpenDryPoor
2678236,Thalictrum flavum,OpenDryPoor
2680523,Thalictrum flavum,OpenDryPoor
2680524,Thalictrum flavum,OpenDryPoor
2680525,Thalictrum flavum,OpenDryPoor
2680532,Thalictrum flavum,OpenDryPoor
2680534,Thalictrum flavum,OpenDryPoor
2680535,Thalictrum flavum,OpenDryPoor
2680536,Thalictrum flavum,OpenDryPoor
2680539,Thalictrum flavum,OpenDryPoor
2682825,Thalictrum flavum,OpenDryPoor
2682826,Thalictrum flavum,OpenDryPoor
2682832,Thalictrum flavum,OpenDryPoor
2682833,Thalictrum flavum,OpenDryPoor
2682834,Thalictrum flavum,OpenDryPoor
2682838,Thalictrum flavum,OpenDryPoor
2682839,Thalictrum flavum,OpenDryPoor
2682840,Thalictrum flavum,OpenDryPoor
2685125,Thalictrum flavum,OpenDryPoor
2685132,Thalictrum flavum,OpenDryPoor
2685133,Thalictrum flavum,OpenDryPoor
2685134,Thalictrum flavum,OpenDryPoor
2685138,Thalictrum flavum,OpenDryPoor
2685139,Thalictrum flavum,OpenDryPoor
2685203,Thalictrum flavum,OpenDryPoor
2687433,Thalictrum flavum,OpenDryPoor
2687435,Thalictrum flavum,OpenDryPoor
2687438,Thalictrum flavum,OpenDryPoor
2687503,Thalictrum flavum,OpenDryPoor
2689734,Thalictrum flavum,OpenDryPoor
2689735,Thalictrum flavum,OpenDryPoor
2689736,Thalictrum flavum,OpenDryPoor
2689737,Thalictrum flavum,OpenDryPoor
2689798,Thalictrum flavum,OpenDryPoor
2689801,Thalictrum flavum,OpenDryPoor
2689802,Thalictrum flavum,OpenDryPoor
2692034,Thalictrum flavum,OpenDryPoor
2692035,Thalictrum flavum,OpenDryPoor
2692036,Thalictrum flavum,OpenDryPoor
2692037,Thalictrum flavum,OpenDryPoor
2692098,Thalictrum flavum,OpenDryPoor
2692099,Thalictrum flavum,OpenDryPoor
2692100,Thalictrum flavum,OpenDryPoor
2692101,Thalictrum flavum,OpenDryPoor
2694335,Thalictrum flavum,OpenDryPoor
2698939,Thalictrum flavum,OpenDryPoor
2698940,Thalictrum flavum,OpenDryPoor
2701239,Thalictrum flavum,OpenDryPoor
2701243,Thalictrum flavum,OpenDryPoor
2701244,Thalictrum flavum,OpenDryPoor
2701257,Thalictrum flavum,OpenDryPoor
2703540,Thalictrum flavum,OpenDryPoor
2703544,Thalictrum flavum,OpenDryPoor
2703557,Thalictrum flavum,OpenDryPoor
2708143,Thalictrum flavum,OpenDryPoor
2708145,Thalictrum flavum,OpenDryPoor
2708160,Thalictrum flavum,OpenDryPoor
2710443,Thalictrum flavum,OpenDryPoor
2710459,Thalictrum flavum,OpenDryPoor
2712912,Thalictrum flavum,OpenDryPoor
2712913,Thalictrum flavum,OpenDryPoor
2715042,Thalictrum flavum,OpenDryPoor
2715210,Thalictrum flavum,OpenDryPoor
2715211,Thalictrum flavum,OpenDryPoor
2715212,Thalictrum flavum,OpenDryPoor
2717510,Thalictrum flavum,OpenDryPoor
2725792,Thalictrum flavum,OpenDryPoor
2726559,Thalictrum flavum,OpenDryPoor
2726560,Thalictrum flavum,OpenDryPoor
2726580,Thalictrum flavum,OpenDryPoor
2726835,Thalictrum flavum,OpenDryPoor
2728091,Thalictrum flavum,OpenDryPoor
2728093,Thalictrum flavum,OpenDryPoor
2728860,Thalictrum flavum,OpenDryPoor
2728862,Thalictrum flavum,OpenDryPoor
2728880,Thalictrum flavum,OpenDryPoor
2730391,Thalictrum flavum,OpenDryPoor
2730394,Thalictrum flavum,OpenDryPoor
2732690,Thalictrum flavum,OpenDryPoor
2732693,Thalictrum flavum,OpenDryPoor
2732694,Thalictrum flavum,OpenDryPoor
2733459,Thalictrum flavum,OpenDryPoor
2734993,Thalictrum flavum,OpenDryPoor
2735759,Thalictrum flavum,OpenDryPoor
2738057,Thalictrum flavum,OpenDryPoor
2751878,Thalictrum flavum,OpenDryPoor
2751879,Thalictrum flavum,OpenDryPoor
2756476,Thalictrum flavum,OpenDryPoor
2756477,Thalictrum flavum,OpenDryPoor
2758785,Thalictrum flavum,OpenDryPoor
2758787,Thalictrum flavum,OpenDryPoor
2761085,Thalictrum flavum,OpenDryPoor
2761087,Thalictrum flavum,OpenDryPoor
2763387,Thalictrum flavum,OpenDryPoor
2765668,Thalictrum flavum,OpenDryPoor
2765686,Thalictrum flavum,OpenDryPoor
2765764,Thalictrum flavum,OpenDryPoor
2767974,Thalictrum flavum,OpenDryPoor
2770264,Thalictrum flavum,OpenDryPoor
2770266,Thalictrum flavum,OpenDryPoor
2770267,Thalictrum flavum,OpenDryPoor
2772565,Thalictrum flavum,OpenDryPoor
2772566,Thalictrum flavum,OpenDryPoor
2772658,Thalictrum flavum,OpenDryPoor
2772659,Thalictrum flavum,OpenDryPoor
2772958,Thalictrum flavum,OpenDryPoor
2774873,Thalictrum flavum,OpenDryPoor
2774958,Thalictrum flavum,OpenDryPoor
2774960,Thalictrum flavum,OpenDryPoor
2775258,Thalictrum flavum,OpenDryPoor
2777175,Thalictrum flavum,OpenDryPoor
2777258,Thalictrum flavum,OpenDryPoor
2777259,Thalictrum flavum,OpenDryPoor
2777260,Thalictrum flavum,OpenDryPoor
2777261,Thalictrum flavum,OpenDryPoor
2779557,Thalictrum flavum,OpenDryPoor
2779558,Thalictrum flavum,OpenDryPoor
2779559,Thalictrum flavum,OpenDryPoor
2779561,Thalictrum flavum,OpenDryPoor
2779858,Thalictrum flavum,OpenDryPoor
2781858,Thalictrum flavum,OpenDryPoor
2781860,Thalictrum flavum,OpenDryPoor
2782157,Thalictrum flavum,OpenDryPoor
2788696,Thalictrum flavum,OpenDryPoor
2788697,Thalictrum flavum,OpenDryPoor
2788698,Thalictrum flavum,OpenDryPoor
2793296,Thalictrum flavum,OpenDryPoor
2793297,Thalictrum flavum,OpenDryPoor
2793653,Thalictrum flavum,OpenDryPoor
2795571,Thalictrum flavum,OpenDryPoor
2795573,Thalictrum flavum,OpenDryPoor
2795952,Thalictrum flavum,OpenDryPoor
2795953,Thalictrum flavum,OpenDryPoor
2797870,Thalictrum flavum,OpenDryPoor
2797871,Thalictrum flavum,OpenDryPoor
2797881,Thalictrum flavum,OpenDryPoor
2797882,Thalictrum flavum,OpenDryPoor
2798252,Thalictrum flavum,OpenDryPoor
2798253,Thalictrum flavum,OpenDryPoor
2800166,Thalictrum flavum,OpenDryPoor
2800167,Thalictrum flavum,OpenDryPoor
2800168,Thalictrum flavum,OpenDryPoor
2800171,Thalictrum flavum,OpenDryPoor
2800181,Thalictrum flavum,OpenDryPoor
2802466,Thalictrum flavum,OpenDryPoor
2802469,Thalictrum flavum,OpenDryPoor
2802529,Thalictrum flavum,OpenDryPoor
2802533,Thalictrum flavum,OpenDryPoor
2802656,Thalictrum flavum,OpenDryPoor
2804766,Thalictrum flavum,OpenDryPoor
2804972,Thalictrum flavum,OpenDryPoor
2809572,Thalictrum flavum,OpenDryPoor
2811744,Thalictrum flavum,OpenDryPoor
2811872,Thalictrum flavum,OpenDryPoor
2813963,Thalictrum flavum,OpenDryPoor
2814042,Thalictrum flavum,OpenDryPoor
2814172,Thalictrum flavum,OpenDryPoor
2816319,Thalictrum flavum,OpenDryPoor
2816343,Thalictrum flavum,OpenDryPoor
2818619,Thalictrum flavum,OpenDryPoor
2818620,Thalictrum flavum,OpenDryPoor
2818621,Thalictrum flavum,OpenDryPoor
2818625,Thalictrum flavum,OpenDryPoor
2820918,Thalictrum flavum,OpenDryPoor
2820919,Thalictrum flavum,OpenDryPoor
2820921,Thalictrum flavum,OpenDryPoor
2820924,Thalictrum flavum,OpenDryPoor
2820925,Thalictrum flavum,OpenDryPoor
2823200,Thalictrum flavum,OpenDryPoor
2823201,Thalictrum flavum,OpenDryPoor
2823202,Thalictrum flavum,OpenDryPoor
2823219,Thalictrum flavum,OpenDryPoor
2823220,Thalictrum flavum,OpenDryPoor
2823221,Thalictrum flavum,OpenDryPoor
2823224,Thalictrum flavum,OpenDryPoor
2823225,Thalictrum flavum,OpenDryPoor
2823226,Thalictrum flavum,OpenDryPoor
2825496,Thalictrum flavum,OpenDryPoor
2825520,Thalictrum flavum,OpenDryPoor
2825521,Thalictrum flavum,OpenDryPoor
2825526,Thalictrum flavum,OpenDryPoor
2825527,Thalictrum flavum,OpenDryPoor
2825528,Thalictrum flavum,OpenDryPoor
2825539,Thalictrum flavum,OpenDryPoor
2825540,Thalictrum flavum,OpenDryPoor
2827764,Thalictrum flavum,OpenDryPoor
2827796,Thalictrum flavum,OpenDryPoor
2827797,Thalictrum flavum,OpenDryPoor
2827824,Thalictrum flavum,OpenDryPoor
2827826,Thalictrum flavum,OpenDryPoor
2827827,Thalictrum flavum,OpenDryPoor
2827840,Thalictrum flavum,OpenDryPoor
2830099,Thalictrum flavum,OpenDryPoor
2830100,Thalictrum flavum,OpenDryPoor
2830101,Thalictrum flavum,OpenDryPoor
2830143,Thalictrum flavum,OpenDryPoor
2832399,Thalictrum flavum,OpenDryPoor
2832401,Thalictrum flavum,OpenDryPoor
2832403,Thalictrum flavum,OpenDryPoor
2832441,Thalictrum flavum,OpenDryPoor
2832442,Thalictrum flavum,OpenDryPoor
2832444,Thalictrum flavum,OpenDryPoor
2834702,Thalictrum flavum,OpenDryPoor
2834742,Thalictrum flavum,OpenDryPoor
2834747,Thalictrum flavum,OpenDryPoor
2834748,Thalictrum flavum,OpenDryPoor
2834749,Thalictrum flavum,OpenDryPoor
2837046,Thalictrum flavum,OpenDryPoor
2837077,Thalictrum flavum,OpenDryPoor
2837151,Thalictrum flavum,OpenDryPoor
2837258,Thalictrum flavum,OpenDryPoor
2839346,Thalictrum flavum,OpenDryPoor
2839457,Thalictrum flavum,OpenDryPoor
2839458,Thalictrum flavum,OpenDryPoor
2841355,Thalictrum flavum,OpenDryPoor
2841757,Thalictrum flavum,OpenDryPoor
2843654,Thalictrum flavum,OpenDryPoor
2843655,Thalictrum flavum,OpenDryPoor
2844156,Thalictrum flavum,OpenDryPoor
2845954,Thalictrum flavum,OpenDryPoor
2845955,Thalictrum flavum,OpenDryPoor
2845956,Thalictrum flavum,OpenDryPoor
2846179,Thalictrum flavum,OpenDryPoor
2848255,Thalictrum flavum,OpenDryPoor
2848256,Thalictrum flavum,OpenDryPoor
2848657,Thalictrum flavum,OpenDryPoor
2850556,Thalictrum flavum,OpenDryPoor
2850557,Thalictrum flavum,OpenDryPoor
2853022,Thalictrum flavum,OpenDryPoor
2853064,Thalictrum flavum,OpenDryPoor
2853259,Thalictrum flavum,OpenDryPoor
2855319,Thalictrum flavum,OpenDryPoor
2855320,Thalictrum flavum,OpenDryPoor
2855459,Thalictrum flavum,OpenDryPoor
2855462,Thalictrum flavum,OpenDryPoor
2855559,Thalictrum flavum,OpenDryPoor
2855560,Thalictrum flavum,OpenDryPoor
2857620,Thalictrum flavum,OpenDryPoor
2857759,Thalictrum flavum,OpenDryPoor
2857760,Thalictrum flavum,OpenDryPoor
2857761,Thalictrum flavum,OpenDryPoor
2857762,Thalictrum flavum,OpenDryPoor
2857763,Thalictrum flavum,OpenDryPoor
2857859,Thalictrum flavum,OpenDryPoor
2857863,Thalictrum flavum,OpenDryPoor
2860060,Thalictrum flavum,OpenDryPoor
2860062,Thalictrum flavum,OpenDryPoor
2860063,Thalictrum flavum,OpenDryPoor
2860078,Thalictrum flavum,OpenDryPoor
2860079,Thalictrum flavum,OpenDryPoor
2860159,Thalictrum flavum,OpenDryPoor
2860161,Thalictrum flavum,OpenDryPoor
2860162,Thalictrum flavum,OpenDryPoor
2860163,Thalictrum flavum,OpenDryPoor
2862359,Thalictrum flavum,OpenDryPoor
2862360,Thalictrum flavum,OpenDryPoor
2862362,Thalictrum flavum,OpenDryPoor
2862459,Thalictrum flavum,OpenDryPoor
2862460,Thalictrum flavum,OpenDryPoor
2862461,Thalictrum flavum,OpenDryPoor
2862462,Thalictrum flavum,OpenDryPoor
2864609,Thalictrum flavum,OpenDryPoor
2871522,Thalictrum flavum,OpenDryPoor
2871672,Thalictrum flavum,OpenDryPoor
2873821,Thalictrum flavum,OpenDryPoor
2873951,Thalictrum flavum,OpenDryPoor
2873972,Thalictrum flavum,OpenDryPoor
2873973,Thalictrum flavum,OpenDryPoor
2876275,Thalictrum flavum,OpenDryPoor
2878572,Thalictrum flavum,OpenDryPoor
2880613,Thalictrum flavum,OpenDryPoor
2880614,Thalictrum flavum,OpenDryPoor
2882912,Thalictrum flavum,OpenDryPoor
2882913,Thalictrum flavum,OpenDryPoor
2882914,Thalictrum flavum,OpenDryPoor
2882915,Thalictrum flavum,OpenDryPoor
2883122,Thalictrum flavum,OpenDryPoor
2883133,Thalictrum flavum,OpenDryPoor
2885212,Thalictrum flavum,OpenDryPoor
2885213,Thalictrum flavum,OpenDryPoor
2885214,Thalictrum flavum,OpenDryPoor
2885215,Thalictrum flavum,OpenDryPoor
2885422,Thalictrum flavum,OpenDryPoor
2885430,Thalictrum flavum,OpenDryPoor
2885457,Thalictrum flavum,OpenDryPoor
2887512,Thalictrum flavum,OpenDryPoor
2890021,Thalictrum flavum,OpenDryPoor
2890149,Thalictrum flavum,OpenDryPoor
2892108,Thalictrum flavum,OpenDryPoor
2894408,Thalictrum flavum,OpenDryPoor
2894409,Thalictrum flavum,OpenDryPoor
2894616,Thalictrum flavum,OpenDryPoor
2896708,Thalictrum flavum,OpenDryPoor
2896709,Thalictrum flavum,OpenDryPoor
2896711,Thalictrum flavum,OpenDryPoor
2896846,Thalictrum flavum,OpenDryPoor
2899145,Thalictrum flavum,OpenDryPoor
2899146,Thalictrum flavum,OpenDryPoor
2901445,Thalictrum flavum,OpenDryPoor
2901446,Thalictrum flavum,OpenDryPoor
2903742,Thalictrum flavum,OpenDryPoor
2903744,Thalictrum flavum,OpenDryPoor
2903745,Thalictrum flavum,OpenDryPoor
2903810,Thalictrum flavum,OpenDryPoor
2906043,Thalictrum flavum,OpenDryPoor
2906044,Thalictrum flavum,OpenDryPoor
2908343,Thalictrum flavum,OpenDryPoor
2908344,Thalictrum flavum,OpenDryPoor
2908346,Thalictrum flavum,OpenDryPoor
2910645,Thalictrum flavum,OpenDryPoor
2910646,Thalictrum flavum,OpenDryPoor
2910647,Thalictrum flavum,OpenDryPoor
2910648,Thalictrum flavum,OpenDryPoor
2912936,Thalictrum flavum,OpenDryPoor
2912946,Thalictrum flavum,OpenDryPoor
2912947,Thalictrum flavum,OpenDryPoor
2912948,Thalictrum flavum,OpenDryPoor
2915245,Thalictrum flavum,OpenDryPoor
2915387,Thalictrum flavum,OpenDryPoor
2917547,Thalictrum flavum,OpenDryPoor
2917548,Thalictrum flavum,OpenDryPoor
2917690,Thalictrum flavum,OpenDryPoor
2919847,Thalictrum flavum,OpenDryPoor
2922130,Thalictrum flavum,OpenDryPoor
2922131,Thalictrum flavum,OpenDryPoor
2924429,Thalictrum flavum,OpenDryPoor
2924430,Thalictrum flavum,OpenDryPoor
2924441,Thalictrum flavum,OpenDryPoor
2924442,Thalictrum flavum,OpenDryPoor
2924443,Thalictrum flavum,OpenDryPoor
2926740,Thalictrum flavum,OpenDryPoor
2926741,Thalictrum flavum,OpenDryPoor
2926742,Thalictrum flavum,OpenDryPoor
2929091,Thalictrum flavum,OpenDryPoor
2931343,Thalictrum flavum,OpenDryPoor
2931344,Thalictrum flavum,OpenDryPoor
2933641,Thalictrum flavum,OpenDryPoor
2933642,Thalictrum flavum,OpenDryPoor
2933643,Thalictrum flavum,OpenDryPoor
2935943,Thalictrum flavum,OpenDryPoor
2938241,Thalictrum flavum,OpenDryPoor
2938242,Thalictrum flavum,OpenDryPoor
2938243,Thalictrum flavum,OpenDryPoor
2940532,Thalictrum flavum,OpenDryPoor
2940533,Thalictrum flavum,OpenDryPoor
2940541,Thalictrum flavum,OpenDryPoor
2940542,Thalictrum flavum,OpenDryPoor
2940601,Thalictrum flavum,OpenDryPoor
2940602,Thalictrum flavum,OpenDryPoor
2942819,Thalictrum flavum,OpenDryPoor
2942829,Thalictrum flavum,OpenDryPoor
2942830,Thalictrum flavum,OpenDryPoor
2942832,Thalictrum flavum,OpenDryPoor
2942841,Thalictrum flavum,OpenDryPoor
2945118,Thalictrum flavum,OpenDryPoor
2945119,Thalictrum flavum,OpenDryPoor
2945143,Thalictrum flavum,OpenDryPoor
2947417,Thalictrum flavum,OpenDryPoor
2947420,Thalictrum flavum,OpenDryPoor
2947443,Thalictrum flavum,OpenDryPoor
2947611,Thalictrum flavum,OpenDryPoor
2947612,Thalictrum flavum,OpenDryPoor
2949913,Thalictrum flavum,OpenDryPoor
2952223,Thalictrum flavum,OpenDryPoor
2954405,Thalictrum flavum,OpenDryPoor
2954467,Thalictrum flavum,OpenDryPoor
2954472,Thalictrum flavum,OpenDryPoor
2959053,Thalictrum flavum,OpenDryPoor
2961353,Thalictrum flavum,OpenDryPoor
2963549,Thalictrum flavum,OpenDryPoor
2963654,Thalictrum flavum,OpenDryPoor
2965850,Thalictrum flavum,OpenDryPoor
2965955,Thalictrum flavum,OpenDryPoor
2968149,Thalictrum flavum,OpenDryPoor
2968150,Thalictrum flavum,OpenDryPoor
2968254,Thalictrum flavum,OpenDryPoor
2968255,Thalictrum flavum,OpenDryPoor
2968259,Thalictrum flavum,OpenDryPoor
2968260,Thalictrum flavum,OpenDryPoor
2970471,Thalictrum flavum,OpenDryPoor
2975244,Thalictrum flavum,OpenDryPoor
2979805,Thalictrum flavum,OpenDryPoor
2979845,Thalictrum flavum,OpenDryPoor
2981939,Thalictrum flavum,OpenDryPoor
2981940,Thalictrum flavum,OpenDryPoor
2982103,Thalictrum flavum,OpenDryPoor
2984239,Thalictrum flavum,OpenDryPoor
2984241,Thalictrum flavum,OpenDryPoor
2984403,Thalictrum flavum,OpenDryPoor
2986540,Thalictrum flavum,OpenDryPoor
2988840,Thalictrum flavum,OpenDryPoor
3000359,Thalictrum flavum,OpenDryPoor
3000361,Thalictrum flavum,OpenDryPoor
3002661,Thalictrum flavum,OpenDryPoor
3005065,Thalictrum flavum,OpenDryPoor
3005153,Thalictrum flavum,OpenDryPoor
3007365,Thalictrum flavum,OpenDryPoor
3007454,Thalictrum flavum,OpenDryPoor
3009534,Thalictrum flavum,OpenDryPoor
3009755,Thalictrum flavum,OpenDryPoor
3011483,Thalictrum flavum,OpenDryPoor
3011484,Thalictrum flavum,OpenDryPoor
3016433,Thalictrum flavum,OpenDryPoor
3021170,Thalictrum flavum,OpenDryPoor
3030303,Thalictrum flavum,OpenDryPoor
3037293,Thalictrum flavum,OpenDryPoor
3039490,Thalictrum flavum,OpenDryPoor
3041754,Thalictrum flavum,OpenDryPoor
3041755,Thalictrum flavum,OpenDryPoor
3041789,Thalictrum flavum,OpenDryPoor
3043670,Thalictrum flavum,OpenDryPoor
3044189,Thalictrum flavum,OpenDryPoor
3045970,Thalictrum flavum,OpenDryPoor
3064393,Thalictrum flavum,OpenDryPoor
3064394,Thalictrum flavum,OpenDryPoor
3064395,Thalictrum flavum,OpenDryPoor
3066693,Thalictrum flavum,OpenDryPoor
3066695,Thalictrum flavum,OpenDryPoor
3068995,Thalictrum flavum,OpenDryPoor
3073595,Thalictrum flavum,OpenDryPoor
3073596,Thalictrum flavum,OpenDryPoor
3075895,Thalictrum flavum,OpenDryPoor
3076248,Thalictrum flavum,OpenDryPoor
3076249,Thalictrum flavum,OpenDryPoor
3076250,Thalictrum flavum,OpenDryPoor
3080915,Thalictrum flavum,OpenDryPoor
3080916,Thalictrum flavum,OpenDryPoor
3083041,Thalictrum flavum,OpenDryPoor
3083059,Thalictrum flavum,OpenDryPoor
3083149,Thalictrum flavum,OpenDryPoor
3085359,Thalictrum flavum,OpenDryPoor
3085448,Thalictrum flavum,OpenDryPoor
3085449,Thalictrum flavum,OpenDryPoor
3085452,Thalictrum flavum,OpenDryPoor
3085526,Thalictrum flavum,OpenDryPoor
3087434,Thalictrum flavum,OpenDryPoor
3087435,Thalictrum flavum,OpenDryPoor
3087438,Thalictrum flavum,OpenDryPoor
3087639,Thalictrum flavum,OpenDryPoor
3087640,Thalictrum flavum,OpenDryPoor
3087642,Thalictrum flavum,OpenDryPoor
3087826,Thalictrum flavum,OpenDryPoor
3087827,Thalictrum flavum,OpenDryPoor
3087829,Thalictrum flavum,OpenDryPoor
3089734,Thalictrum flavum,OpenDryPoor
3089735,Thalictrum flavum,OpenDryPoor
3089736,Thalictrum flavum,OpenDryPoor
3089737,Thalictrum flavum,OpenDryPoor
3089738,Thalictrum flavum,OpenDryPoor
3089939,Thalictrum flavum,OpenDryPoor
3089940,Thalictrum flavum,OpenDryPoor
3089942,Thalictrum flavum,OpenDryPoor
3092034,Thalictrum flavum,OpenDryPoor
3092035,Thalictrum flavum,OpenDryPoor
3092036,Thalictrum flavum,OpenDryPoor
3092037,Thalictrum flavum,OpenDryPoor
3092038,Thalictrum flavum,OpenDryPoor
3092240,Thalictrum flavum,OpenDryPoor
3092241,Thalictrum flavum,OpenDryPoor
3094338,Thalictrum flavum,OpenDryPoor
3096634,Thalictrum flavum,OpenDryPoor
3096635,Thalictrum flavum,OpenDryPoor
3096637,Thalictrum flavum,OpenDryPoor
3096639,Thalictrum flavum,OpenDryPoor
3098935,Thalictrum flavum,OpenDryPoor
3098936,Thalictrum flavum,OpenDryPoor
3098939,Thalictrum flavum,OpenDryPoor
3098940,Thalictrum flavum,OpenDryPoor
3099232,Thalictrum flavum,OpenDryPoor
3101238,Thalictrum flavum,OpenDryPoor
3101533,Thalictrum flavum,OpenDryPoor
3103535,Thalictrum flavum,OpenDryPoor
3103536,Thalictrum flavum,OpenDryPoor
3103537,Thalictrum flavum,OpenDryPoor
3103538,Thalictrum flavum,OpenDryPoor
3103539,Thalictrum flavum,OpenDryPoor
3105835,Thalictrum flavum,OpenDryPoor
3105836,Thalictrum flavum,OpenDryPoor
3108134,Thalictrum flavum,OpenDryPoor
3108135,Thalictrum flavum,OpenDryPoor
3108136,Thalictrum flavum,OpenDryPoor
3108138,Thalictrum flavum,OpenDryPoor
3108139,Thalictrum flavum,OpenDryPoor
3110434,Thalictrum flavum,OpenDryPoor
3110435,Thalictrum flavum,OpenDryPoor
3110438,Thalictrum flavum,OpenDryPoor
3110780,Thalictrum flavum,OpenDryPoor
3110781,Thalictrum flavum,OpenDryPoor
3112735,Thalictrum flavum,OpenDryPoor
3112737,Thalictrum flavum,OpenDryPoor
3115035,Thalictrum flavum,OpenDryPoor
3115036,Thalictrum flavum,OpenDryPoor
3115037,Thalictrum flavum,OpenDryPoor
3117335,Thalictrum flavum,OpenDryPoor
3117336,Thalictrum flavum,OpenDryPoor
3119138,Thalictrum flavum,OpenDryPoor
3119139,Thalictrum flavum,OpenDryPoor
3119141,Thalictrum flavum,OpenDryPoor
3119832,Thalictrum flavum,OpenDryPoor
3120011,Thalictrum flavum,OpenDryPoor
3121437,Thalictrum flavum,OpenDryPoor
3121438,Thalictrum flavum,OpenDryPoor
3121439,Thalictrum flavum,OpenDryPoor
3121440,Thalictrum flavum,OpenDryPoor
3121441,Thalictrum flavum,OpenDryPoor
3122131,Thalictrum flavum,OpenDryPoor
3122132,Thalictrum flavum,OpenDryPoor
3122311,Thalictrum flavum,OpenDryPoor
3123737,Thalictrum flavum,OpenDryPoor
3123738,Thalictrum flavum,OpenDryPoor
3123739,Thalictrum flavum,OpenDryPoor
3123741,Thalictrum flavum,OpenDryPoor
3126038,Thalictrum flavum,OpenDryPoor
3128339,Thalictrum flavum,OpenDryPoor
3132875,Thalictrum flavum,OpenDryPoor
3132876,Thalictrum flavum,OpenDryPoor
3132877,Thalictrum flavum,OpenDryPoor
3132878,Thalictrum flavum,OpenDryPoor
3135175,Thalictrum flavum,OpenDryPoor
3135176,Thalictrum flavum,OpenDryPoor
3135177,Thalictrum flavum,OpenDryPoor
3135178,Thalictrum flavum,OpenDryPoor
3137474,Thalictrum flavum,OpenDryPoor
3137476,Thalictrum flavum,OpenDryPoor
3137477,Thalictrum flavum,OpenDryPoor
3137478,Thalictrum flavum,OpenDryPoor
3137964,Thalictrum flavum,OpenDryPoor
3137965,Thalictrum flavum,OpenDryPoor
3138360,Thalictrum flavum,OpenDryPoor
3138385,Thalictrum flavum,OpenDryPoor
3139775,Thalictrum flavum,OpenDryPoor
3139776,Thalictrum flavum,OpenDryPoor
3139777,Thalictrum flavum,OpenDryPoor
3139778,Thalictrum flavum,OpenDryPoor
3140265,Thalictrum flavum,OpenDryPoor
3142076,Thalictrum flavum,OpenDryPoor
3142563,Thalictrum flavum,OpenDryPoor
3142565,Thalictrum flavum,OpenDryPoor
3144254,Thalictrum flavum,OpenDryPoor
3144255,Thalictrum flavum,OpenDryPoor
3144861,Thalictrum flavum,OpenDryPoor
3144863,Thalictrum flavum,OpenDryPoor
3144865,Thalictrum flavum,OpenDryPoor
3146554,Thalictrum flavum,OpenDryPoor
3146555,Thalictrum flavum,OpenDryPoor
3146556,Thalictrum flavum,OpenDryPoor
3147161,Thalictrum flavum,OpenDryPoor
3147162,Thalictrum flavum,OpenDryPoor
3147166,Thalictrum flavum,OpenDryPoor
3148585,Thalictrum flavum,OpenDryPoor
3148979,Thalictrum flavum,OpenDryPoor
3148980,Thalictrum flavum,OpenDryPoor
3148981,Thalictrum flavum,OpenDryPoor
3149931,Thalictrum flavum,OpenDryPoor
3150883,Thalictrum flavum,OpenDryPoor
3150884,Thalictrum flavum,OpenDryPoor
3150885,Thalictrum flavum,OpenDryPoor
3150886,Thalictrum flavum,OpenDryPoor
3151278,Thalictrum flavum,OpenDryPoor
3151279,Thalictrum flavum,OpenDryPoor
3151280,Thalictrum flavum,OpenDryPoor
3151281,Thalictrum flavum,OpenDryPoor
3151282,Thalictrum flavum,OpenDryPoor
3151758,Thalictrum flavum,OpenDryPoor
3152226,Thalictrum flavum,OpenDryPoor
3152229,Thalictrum flavum,OpenDryPoor
3152230,Thalictrum flavum,OpenDryPoor
3153183,Thalictrum flavum,OpenDryPoor
3153185,Thalictrum flavum,OpenDryPoor
3153186,Thalictrum flavum,OpenDryPoor
3153187,Thalictrum flavum,OpenDryPoor
3153578,Thalictrum flavum,OpenDryPoor
3153579,Thalictrum flavum,OpenDryPoor
3153582,Thalictrum flavum,OpenDryPoor
3154057,Thalictrum flavum,OpenDryPoor
3154527,Thalictrum flavum,OpenDryPoor
3155484,Thalictrum flavum,OpenDryPoor
3155485,Thalictrum flavum,OpenDryPoor
3155486,Thalictrum flavum,OpenDryPoor
3155487,Thalictrum flavum,OpenDryPoor
3155878,Thalictrum flavum,OpenDryPoor
3155879,Thalictrum flavum,OpenDryPoor
3155882,Thalictrum flavum,OpenDryPoor
3156357,Thalictrum flavum,OpenDryPoor
3156814,Thalictrum flavum,OpenDryPoor
3156833,Thalictrum flavum,OpenDryPoor
3156837,Thalictrum flavum,OpenDryPoor
3157785,Thalictrum flavum,OpenDryPoor
3157786,Thalictrum flavum,OpenDryPoor
3157835,Thalictrum flavum,OpenDryPoor
3158179,Thalictrum flavum,OpenDryPoor
3158181,Thalictrum flavum,OpenDryPoor
3158656,Thalictrum flavum,OpenDryPoor
3160098,Thalictrum flavum,OpenDryPoor
3160099,Thalictrum flavum,OpenDryPoor
3160137,Thalictrum flavum,OpenDryPoor
3160956,Thalictrum flavum,OpenDryPoor
3160957,Thalictrum flavum,OpenDryPoor
3162397,Thalictrum flavum,OpenDryPoor
3162401,Thalictrum flavum,OpenDryPoor
3162437,Thalictrum flavum,OpenDryPoor
3162751,Thalictrum flavum,OpenDryPoor
3162755,Thalictrum flavum,OpenDryPoor
3163732,Thalictrum flavum,OpenDryPoor
3164701,Thalictrum flavum,OpenDryPoor
3165074,Thalictrum flavum,OpenDryPoor
3165077,Thalictrum flavum,OpenDryPoor
3165549,Thalictrum flavum,OpenDryPoor
3165550,Thalictrum flavum,OpenDryPoor
3165551,Thalictrum flavum,OpenDryPoor
3166031,Thalictrum flavum,OpenDryPoor
3166998,Thalictrum flavum,OpenDryPoor
3167375,Thalictrum flavum,OpenDryPoor
3167377,Thalictrum flavum,OpenDryPoor
3167378,Thalictrum flavum,OpenDryPoor
3167383,Thalictrum flavum,OpenDryPoor
3167384,Thalictrum flavum,OpenDryPoor
3167848,Thalictrum flavum,OpenDryPoor
3167849,Thalictrum flavum,OpenDryPoor
3167850,Thalictrum flavum,OpenDryPoor
3169639,Thalictrum flavum,OpenDryPoor
3169674,Thalictrum flavum,OpenDryPoor
3169675,Thalictrum flavum,OpenDryPoor
3169677,Thalictrum flavum,OpenDryPoor
3169683,Thalictrum flavum,OpenDryPoor
3169684,Thalictrum flavum,OpenDryPoor
3169685,Thalictrum flavum,OpenDryPoor
3170146,Thalictrum flavum,OpenDryPoor
3170148,Thalictrum flavum,OpenDryPoor
3170149,Thalictrum flavum,OpenDryPoor
3170150,Thalictrum flavum,OpenDryPoor
3170151,Thalictrum flavum,OpenDryPoor
3170152,Thalictrum flavum,OpenDryPoor
3170155,Thalictrum flavum,OpenDryPoor
3171976,Thalictrum flavum,OpenDryPoor
3171983,Thalictrum flavum,OpenDryPoor
3171984,Thalictrum flavum,OpenDryPoor
3171985,Thalictrum flavum,OpenDryPoor
3171986,Thalictrum flavum,OpenDryPoor
3172447,Thalictrum flavum,OpenDryPoor
3172448,Thalictrum flavum,OpenDryPoor
3172449,Thalictrum flavum,OpenDryPoor
3172452,Thalictrum flavum,OpenDryPoor
3172904,Thalictrum flavum,OpenDryPoor
3172933,Thalictrum flavum,OpenDryPoor
3172938,Thalictrum flavum,OpenDryPoor
3174282,Thalictrum flavum,OpenDryPoor
3174283,Thalictrum flavum,OpenDryPoor
3174285,Thalictrum flavum,OpenDryPoor
3174286,Thalictrum flavum,OpenDryPoor
3174746,Thalictrum flavum,OpenDryPoor
3174747,Thalictrum flavum,OpenDryPoor
3174748,Thalictrum flavum,OpenDryPoor
3175234,Thalictrum flavum,OpenDryPoor
3176582,Thalictrum flavum,OpenDryPoor
3176583,Thalictrum flavum,OpenDryPoor
3176584,Thalictrum flavum,OpenDryPoor
3176585,Thalictrum flavum,OpenDryPoor
3177044,Thalictrum flavum,OpenDryPoor
3177046,Thalictrum flavum,OpenDryPoor
3177047,Thalictrum flavum,OpenDryPoor
3177542,Thalictrum flavum,OpenDryPoor
3178869,Thalictrum flavum,OpenDryPoor
3178876,Thalictrum flavum,OpenDryPoor
3178877,Thalictrum flavum,OpenDryPoor
3178878,Thalictrum flavum,OpenDryPoor
3178879,Thalictrum flavum,OpenDryPoor
3179344,Thalictrum flavum,OpenDryPoor
3179345,Thalictrum flavum,OpenDryPoor
3179346,Thalictrum flavum,OpenDryPoor
3179348,Thalictrum flavum,OpenDryPoor
3179842,Thalictrum flavum,OpenDryPoor
3181175,Thalictrum flavum,OpenDryPoor
3181177,Thalictrum flavum,OpenDryPoor
3181178,Thalictrum flavum,OpenDryPoor
3181179,Thalictrum flavum,OpenDryPoor
3181180,Thalictrum flavum,OpenDryPoor
3181644,Thalictrum flavum,OpenDryPoor
3181645,Thalictrum flavum,OpenDryPoor
3181647,Thalictrum flavum,OpenDryPoor
3183467,Thalictrum flavum,OpenDryPoor
3183468,Thalictrum flavum,OpenDryPoor
3183469,Thalictrum flavum,OpenDryPoor
3183470,Thalictrum flavum,OpenDryPoor
3183475,Thalictrum flavum,OpenDryPoor
3183476,Thalictrum flavum,OpenDryPoor
3183479,Thalictrum flavum,OpenDryPoor
3183480,Thalictrum flavum,OpenDryPoor
3183944,Thalictrum flavum,OpenDryPoor
3183945,Thalictrum flavum,OpenDryPoor
3183947,Thalictrum flavum,OpenDryPoor
3184009,Thalictrum flavum,OpenDryPoor
3185760,Thalictrum flavum,OpenDryPoor
3185766,Thalictrum flavum,OpenDryPoor
3185767,Thalictrum flavum,OpenDryPoor
3185768,Thalictrum flavum,OpenDryPoor
3185769,Thalictrum flavum,OpenDryPoor
3185770,Thalictrum flavum,OpenDryPoor
3185771,Thalictrum flavum,OpenDryPoor
3185773,Thalictrum flavum,OpenDryPoor
3185774,Thalictrum flavum,OpenDryPoor
3185775,Thalictrum flavum,OpenDryPoor
3185776,Thalictrum flavum,OpenDryPoor
3185779,Thalictrum flavum,OpenDryPoor
3185780,Thalictrum flavum,OpenDryPoor
3185781,Thalictrum flavum,OpenDryPoor
3186759,Thalictrum flavum,OpenDryPoor
3188060,Thalictrum flavum,OpenDryPoor
3188061,Thalictrum flavum,OpenDryPoor
3188062,Thalictrum flavum,OpenDryPoor
3188067,Thalictrum flavum,OpenDryPoor
3188068,Thalictrum flavum,OpenDryPoor
3188069,Thalictrum flavum,OpenDryPoor
3188070,Thalictrum flavum,OpenDryPoor
3188071,Thalictrum flavum,OpenDryPoor
3188072,Thalictrum flavum,OpenDryPoor
3188073,Thalictrum flavum,OpenDryPoor
3188074,Thalictrum flavum,OpenDryPoor
3188075,Thalictrum flavum,OpenDryPoor
3188076,Thalictrum flavum,OpenDryPoor
3188077,Thalictrum flavum,OpenDryPoor
3188078,Thalictrum flavum,OpenDryPoor
3188079,Thalictrum flavum,OpenDryPoor
3188081,Thalictrum flavum,OpenDryPoor
3188610,Thalictrum flavum,OpenDryPoor
3188611,Thalictrum flavum,OpenDryPoor
3188612,Thalictrum flavum,OpenDryPoor
3189057,Thalictrum flavum,OpenDryPoor
3190362,Thalictrum flavum,OpenDryPoor
3190363,Thalictrum flavum,OpenDryPoor
3190364,Thalictrum flavum,OpenDryPoor
3190365,Thalictrum flavum,OpenDryPoor
3190366,Thalictrum flavum,OpenDryPoor
3190368,Thalictrum flavum,OpenDryPoor
3190369,Thalictrum flavum,OpenDryPoor
3190370,Thalictrum flavum,OpenDryPoor
3190372,Thalictrum flavum,OpenDryPoor
3190373,Thalictrum flavum,OpenDryPoor
3190374,Thalictrum flavum,OpenDryPoor
3190375,Thalictrum flavum,OpenDryPoor
3190376,Thalictrum flavum,OpenDryPoor
3190377,Thalictrum flavum,OpenDryPoor
3190378,Thalictrum flavum,OpenDryPoor
3190379,Thalictrum flavum,OpenDryPoor
3190380,Thalictrum flavum,OpenDryPoor
3190382,Thalictrum flavum,OpenDryPoor
3190383,Thalictrum flavum,OpenDryPoor
3190384,Thalictrum flavum,OpenDryPoor
3190910,Thalictrum flavum,OpenDryPoor
3192663,Thalictrum flavum,OpenDryPoor
3192664,Thalictrum flavum,OpenDryPoor
3192665,Thalictrum flavum,OpenDryPoor
3192666,Thalictrum flavum,OpenDryPoor
3192667,Thalictrum flavum,OpenDryPoor
3192668,Thalictrum flavum,OpenDryPoor
3192669,Thalictrum flavum,OpenDryPoor
3192670,Thalictrum flavum,OpenDryPoor
3192671,Thalictrum flavum,OpenDryPoor
3192672,Thalictrum flavum,OpenDryPoor
3192673,Thalictrum flavum,OpenDryPoor
3192674,Thalictrum flavum,OpenDryPoor
3192675,Thalictrum flavum,OpenDryPoor
3192676,Thalictrum flavum,OpenDryPoor
3192677,Thalictrum flavum,OpenDryPoor
3192678,Thalictrum flavum,OpenDryPoor
3192680,Thalictrum flavum,OpenDryPoor
3192681,Thalictrum flavum,OpenDryPoor
3192682,Thalictrum flavum,OpenDryPoor
3192683,Thalictrum flavum,OpenDryPoor
3192684,Thalictrum flavum,OpenDryPoor
3192685,Thalictrum flavum,OpenDryPoor
3192687,Thalictrum flavum,OpenDryPoor
3192688,Thalictrum flavum,OpenDryPoor
3194963,Thalictrum flavum,OpenDryPoor
3194966,Thalictrum flavum,OpenDryPoor
3194967,Thalictrum flavum,OpenDryPoor
3194969,Thalictrum flavum,OpenDryPoor
3194970,Thalictrum flavum,OpenDryPoor
3194971,Thalictrum flavum,OpenDryPoor
3194972,Thalictrum flavum,OpenDryPoor
3194973,Thalictrum flavum,OpenDryPoor
3194974,Thalictrum flavum,OpenDryPoor
3194975,Thalictrum flavum,OpenDryPoor
3194977,Thalictrum flavum,OpenDryPoor
3194978,Thalictrum flavum,OpenDryPoor
3194979,Thalictrum flavum,OpenDryPoor
3194980,Thalictrum flavum,OpenDryPoor
3194981,Thalictrum flavum,OpenDryPoor
3194982,Thalictrum flavum,OpenDryPoor
3194983,Thalictrum flavum,OpenDryPoor
3194984,Thalictrum flavum,OpenDryPoor
3194985,Thalictrum flavum,OpenDryPoor
3194986,Thalictrum flavum,OpenDryPoor
3195907,Thalictrum flavum,OpenDryPoor
3197265,Thalictrum flavum,OpenDryPoor
3197268,Thalictrum flavum,OpenDryPoor
3197269,Thalictrum flavum,OpenDryPoor
3197270,Thalictrum flavum,OpenDryPoor
3197271,Thalictrum flavum,OpenDryPoor
3197272,Thalictrum flavum,OpenDryPoor
3197273,Thalictrum flavum,OpenDryPoor
3197274,Thalictrum flavum,OpenDryPoor
3197275,Thalictrum flavum,OpenDryPoor
3197276,Thalictrum flavum,OpenDryPoor
3197277,Thalictrum flavum,OpenDryPoor
3197278,Thalictrum flavum,OpenDryPoor
3197280,Thalictrum flavum,OpenDryPoor
3197281,Thalictrum flavum,OpenDryPoor
3197282,Thalictrum flavum,OpenDryPoor
3197283,Thalictrum flavum,OpenDryPoor
3197284,Thalictrum flavum,OpenDryPoor
3197285,Thalictrum flavum,OpenDryPoor
3197286,Thalictrum flavum,OpenDryPoor
3197287,Thalictrum flavum,OpenDryPoor
3199567,Thalictrum flavum,OpenDryPoor
3199568,Thalictrum flavum,OpenDryPoor
3199569,Thalictrum flavum,OpenDryPoor
3199570,Thalictrum flavum,OpenDryPoor
3199578,Thalictrum flavum,OpenDryPoor
3199582,Thalictrum flavum,OpenDryPoor
3199583,Thalictrum flavum,OpenDryPoor
3199584,Thalictrum flavum,OpenDryPoor
3199586,Thalictrum flavum,OpenDryPoor
3199587,Thalictrum flavum,OpenDryPoor
3199588,Thalictrum flavum,OpenDryPoor
3200543,Thalictrum flavum,OpenDryPoor
3200544,Thalictrum flavum,OpenDryPoor
3200549,Thalictrum flavum,OpenDryPoor
3200550,Thalictrum flavum,OpenDryPoor
3201882,Thalictrum flavum,OpenDryPoor
3201883,Thalictrum flavum,OpenDryPoor
3201884,Thalictrum flavum,OpenDryPoor
3201886,Thalictrum flavum,OpenDryPoor
3202844,Thalictrum flavum,OpenDryPoor
3202915,Thalictrum flavum,OpenDryPoor
3204187,Thalictrum flavum,OpenDryPoor
3204188,Thalictrum flavum,OpenDryPoor
3204189,Thalictrum flavum,OpenDryPoor
3204624,Thalictrum flavum,OpenDryPoor
3205142,Thalictrum flavum,OpenDryPoor
3206486,Thalictrum flavum,OpenDryPoor
3206487,Thalictrum flavum,OpenDryPoor
3206488,Thalictrum flavum,OpenDryPoor
3206489,Thalictrum flavum,OpenDryPoor
3206923,Thalictrum flavum,OpenDryPoor
3206924,Thalictrum flavum,OpenDryPoor
3206925,Thalictrum flavum,OpenDryPoor
3207446,Thalictrum flavum,OpenDryPoor
3207514,Thalictrum flavum,OpenDryPoor
3208786,Thalictrum flavum,OpenDryPoor
3209222,Thalictrum flavum,OpenDryPoor
3209223,Thalictrum flavum,OpenDryPoor
3209224,Thalictrum flavum,OpenDryPoor
3209699,Thalictrum flavum,OpenDryPoor
3209743,Thalictrum flavum,OpenDryPoor
3209744,Thalictrum flavum,OpenDryPoor
3209745,Thalictrum flavum,OpenDryPoor
3209746,Thalictrum flavum,OpenDryPoor
3210766,Thalictrum flavum,OpenDryPoor
3211086,Thalictrum flavum,OpenDryPoor
3211090,Thalictrum flavum,OpenDryPoor
3211532,Thalictrum flavum,OpenDryPoor
3211535,Thalictrum flavum,OpenDryPoor
3212041,Thalictrum flavum,OpenDryPoor
3212042,Thalictrum flavum,OpenDryPoor
3212044,Thalictrum flavum,OpenDryPoor
3213067,Thalictrum flavum,OpenDryPoor
3213068,Thalictrum flavum,OpenDryPoor
3213069,Thalictrum flavum,OpenDryPoor
3213070,Thalictrum flavum,OpenDryPoor
3213386,Thalictrum flavum,OpenDryPoor
3213390,Thalictrum flavum,OpenDryPoor
3213836,Thalictrum flavum,OpenDryPoor
3214301,Thalictrum flavum,OpenDryPoor
3215686,Thalictrum flavum,OpenDryPoor
3215687,Thalictrum flavum,OpenDryPoor
3215689,Thalictrum flavum,OpenDryPoor
3215691,Thalictrum flavum,OpenDryPoor
3216130,Thalictrum flavum,OpenDryPoor
3216131,Thalictrum flavum,OpenDryPoor
3216132,Thalictrum flavum,OpenDryPoor
3216133,Thalictrum flavum,OpenDryPoor
3216135,Thalictrum flavum,OpenDryPoor
3216136,Thalictrum flavum,OpenDryPoor
3217586,Thalictrum flavum,OpenDryPoor
3217587,Thalictrum flavum,OpenDryPoor
3217986,Thalictrum flavum,OpenDryPoor
3217987,Thalictrum flavum,OpenDryPoor
3217988,Thalictrum flavum,OpenDryPoor
3217989,Thalictrum flavum,OpenDryPoor
3217991,Thalictrum flavum,OpenDryPoor
3218429,Thalictrum flavum,OpenDryPoor
3218431,Thalictrum flavum,OpenDryPoor
3218432,Thalictrum flavum,OpenDryPoor
3218906,Thalictrum flavum,OpenDryPoor
3219884,Thalictrum flavum,OpenDryPoor
3219886,Thalictrum flavum,OpenDryPoor
3219887,Thalictrum flavum,OpenDryPoor
3219888,Thalictrum flavum,OpenDryPoor
3220287,Thalictrum flavum,OpenDryPoor
3220288,Thalictrum flavum,OpenDryPoor
3220728,Thalictrum flavum,OpenDryPoor
3220730,Thalictrum flavum,OpenDryPoor
3220731,Thalictrum flavum,OpenDryPoor
3220733,Thalictrum flavum,OpenDryPoor
3222184,Thalictrum flavum,OpenDryPoor
3222185,Thalictrum flavum,OpenDryPoor
3222187,Thalictrum flavum,OpenDryPoor
3222188,Thalictrum flavum,OpenDryPoor
3223028,Thalictrum flavum,OpenDryPoor
3223507,Thalictrum flavum,OpenDryPoor
3223563,Thalictrum flavum,OpenDryPoor
3224484,Thalictrum flavum,OpenDryPoor
3224487,Thalictrum flavum,OpenDryPoor
3225328,Thalictrum flavum,OpenDryPoor
3225329,Thalictrum flavum,OpenDryPoor
3225331,Thalictrum flavum,OpenDryPoor
3225332,Thalictrum flavum,OpenDryPoor
3226785,Thalictrum flavum,OpenDryPoor
3226787,Thalictrum flavum,OpenDryPoor
3227629,Thalictrum flavum,OpenDryPoor
3227630,Thalictrum flavum,OpenDryPoor
3227631,Thalictrum flavum,OpenDryPoor
3232244,Thalictrum flavum,OpenDryPoor
3234545,Thalictrum flavum,OpenDryPoor
3234546,Thalictrum flavum,OpenDryPoor
3236842,Thalictrum flavum,OpenDryPoor
3236843,Thalictrum flavum,OpenDryPoor
3236845,Thalictrum flavum,OpenDryPoor
3236846,Thalictrum flavum,OpenDryPoor
3239145,Thalictrum flavum,OpenDryPoor
3239146,Thalictrum flavum,OpenDryPoor
3243185,Thalictrum flavum,OpenDryPoor
3243187,Thalictrum flavum,OpenDryPoor
3243188,Thalictrum flavum,OpenDryPoor
3245487,Thalictrum flavum,OpenDryPoor
3252117,Thalictrum flavum,OpenDryPoor
3252387,Thalictrum flavum,OpenDryPoor
3256717,Thalictrum flavum,OpenDryPoor
3259017,Thalictrum flavum,OpenDryPoor
3275151,Thalictrum flavum,OpenDryPoor
3275152,Thalictrum flavum,OpenDryPoor
3275153,Thalictrum flavum,OpenDryPoor
3279749,Thalictrum flavum,OpenDryPoor
3279750,Thalictrum flavum,OpenDryPoor
3279751,Thalictrum flavum,OpenDryPoor
3282050,Thalictrum flavum,OpenDryPoor
3284351,Thalictrum flavum,OpenDryPoor
3291208,Thalictrum flavum,OpenDryPoor
3291209,Thalictrum flavum,OpenDryPoor
3291212,Thalictrum flavum,OpenDryPoor
3291213,Thalictrum flavum,OpenDryPoor
3293513,Thalictrum flavum,OpenDryPoor
3293514,Thalictrum flavum,OpenDryPoor
3295809,Thalictrum flavum,OpenDryPoor
3295810,Thalictrum flavum,OpenDryPoor
3295813,Thalictrum flavum,OpenDryPoor
3295814,Thalictrum flavum,OpenDryPoor
3298111,Thalictrum flavum,OpenDryPoor
3298112,Thalictrum flavum,OpenDryPoor
3298113,Thalictrum flavum,OpenDryPoor
3300466,Thalictrum flavum,OpenDryPoor
3302766,Thalictrum flavum,OpenDryPoor
3305840,Thalictrum flavum,OpenDryPoor
3308143,Thalictrum flavum,OpenDryPoor
3310441,Thalictrum flavum,OpenDryPoor
3310442,Thalictrum flavum,OpenDryPoor
3310443,Thalictrum flavum,OpenDryPoor
3312245,Thalictrum flavum,OpenDryPoor
3312742,Thalictrum flavum,OpenDryPoor
3312743,Thalictrum flavum,OpenDryPoor
3314544,Thalictrum flavum,OpenDryPoor
3314545,Thalictrum flavum,OpenDryPoor
3314546,Thalictrum flavum,OpenDryPoor
3314547,Thalictrum flavum,OpenDryPoor
3314552,Thalictrum flavum,OpenDryPoor
3316844,Thalictrum flavum,OpenDryPoor
3316847,Thalictrum flavum,OpenDryPoor
3316848,Thalictrum flavum,OpenDryPoor
3316851,Thalictrum flavum,OpenDryPoor
3316853,Thalictrum flavum,OpenDryPoor
3317921,Thalictrum flavum,OpenDryPoor
3319144,Thalictrum flavum,OpenDryPoor
3319145,Thalictrum flavum,OpenDryPoor
3319146,Thalictrum flavum,OpenDryPoor
3319147,Thalictrum flavum,OpenDryPoor
3319148,Thalictrum flavum,OpenDryPoor
3319149,Thalictrum flavum,OpenDryPoor
3319153,Thalictrum flavum,OpenDryPoor
3320218,Thalictrum flavum,OpenDryPoor
3320219,Thalictrum flavum,OpenDryPoor
3320220,Thalictrum flavum,OpenDryPoor
3321444,Thalictrum flavum,OpenDryPoor
3321445,Thalictrum flavum,OpenDryPoor
3321446,Thalictrum flavum,OpenDryPoor
3321447,Thalictrum flavum,OpenDryPoor
3321451,Thalictrum flavum,OpenDryPoor
3322518,Thalictrum flavum,OpenDryPoor
3322519,Thalictrum flavum,OpenDryPoor
3322521,Thalictrum flavum,OpenDryPoor
3331721,Thalictrum flavum,OpenDryPoor
3333923,Thalictrum flavum,OpenDryPoor
3334019,Thalictrum flavum,OpenDryPoor
3334021,Thalictrum flavum,OpenDryPoor
3336318,Thalictrum flavum,OpenDryPoor
3336319,Thalictrum flavum,OpenDryPoor
3343136,Thalictrum flavum,OpenDryPoor
3343137,Thalictrum flavum,OpenDryPoor
3345415,Thalictrum flavum,OpenDryPoor
3345435,Thalictrum flavum,OpenDryPoor
3345436,Thalictrum flavum,OpenDryPoor
3347735,Thalictrum flavum,OpenDryPoor
3347736,Thalictrum flavum,OpenDryPoor
3350014,Thalictrum flavum,OpenDryPoor
3360281,Thalictrum flavum,OpenDryPoor
3360282,Thalictrum flavum,OpenDryPoor
3362580,Thalictrum flavum,OpenDryPoor
3364880,Thalictrum flavum,OpenDryPoor
3364881,Thalictrum flavum,OpenDryPoor
3369483,Thalictrum flavum,OpenDryPoor
3377632,Thalictrum flavum,OpenDryPoor
3386343,Thalictrum flavum,OpenDryPoor
3390943,Thalictrum flavum,OpenDryPoor
3390945,Thalictrum flavum,OpenDryPoor
3393244,Thalictrum flavum,OpenDryPoor
3393245,Thalictrum flavum,OpenDryPoor
3395544,Thalictrum flavum,OpenDryPoor
3395545,Thalictrum flavum,OpenDryPoor
3397844,Thalictrum flavum,OpenDryPoor
3400144,Thalictrum flavum,OpenDryPoor
3400671,Thalictrum flavum,OpenDryPoor
3402972,Thalictrum flavum,OpenDryPoor
3405273,Thalictrum flavum,OpenDryPoor
3405276,Thalictrum flavum,OpenDryPoor
3407573,Thalictrum flavum,OpenDryPoor
3407578,Thalictrum flavum,OpenDryPoor
3409874,Thalictrum flavum,OpenDryPoor
3409875,Thalictrum flavum,OpenDryPoor
3420270,Thalictrum flavum,OpenDryPoor
3422570,Thalictrum flavum,OpenDryPoor
3423261,Thalictrum flavum,OpenDryPoor
3423262,Thalictrum flavum,OpenDryPoor
3424870,Thalictrum flavum,OpenDryPoor
3425563,Thalictrum flavum,OpenDryPoor
3427171,Thalictrum flavum,OpenDryPoor
3429469,Thalictrum flavum,OpenDryPoor
3429470,Thalictrum flavum,OpenDryPoor
3448912,Thalictrum flavum,OpenDryPoor
3490363,Thalictrum flavum,OpenDryPoor
3491642,Thalictrum flavum,OpenDryPoor
3493884,Thalictrum flavum,OpenDryPoor
3493885,Thalictrum flavum,OpenDryPoor
3493886,Thalictrum flavum,OpenDryPoor
3493939,Thalictrum flavum,OpenDryPoor
3493940,Thalictrum flavum,OpenDryPoor
3493941,Thalictrum flavum,OpenDryPoor
3493942,Thalictrum flavum,OpenDryPoor
3494962,Thalictrum flavum,OpenDryPoor
3494964,Thalictrum flavum,OpenDryPoor
3496183,Thalictrum flavum,OpenDryPoor
3496184,Thalictrum flavum,OpenDryPoor
3496185,Thalictrum flavum,OpenDryPoor
3496186,Thalictrum flavum,OpenDryPoor
3496568,Thalictrum flavum,OpenDryPoor
3497262,Thalictrum flavum,OpenDryPoor
3497263,Thalictrum flavum,OpenDryPoor
3498487,Thalictrum flavum,OpenDryPoor
3499564,Thalictrum flavum,OpenDryPoor
3501861,Thalictrum flavum,OpenDryPoor
3501862,Thalictrum flavum,OpenDryPoor
3508933,Thalictrum flavum,OpenDryPoor
3508934,Thalictrum flavum,OpenDryPoor
3511232,Thalictrum flavum,OpenDryPoor
3511233,Thalictrum flavum,OpenDryPoor
3513533,Thalictrum flavum,OpenDryPoor
3515673,Thalictrum flavum,OpenDryPoor
3529488,Thalictrum flavum,OpenDryPoor
3529498,Thalictrum flavum,OpenDryPoor
3529499,Thalictrum flavum,OpenDryPoor
3531788,Thalictrum flavum,OpenDryPoor
3531789,Thalictrum flavum,OpenDryPoor
3531798,Thalictrum flavum,OpenDryPoor
3531799,Thalictrum flavum,OpenDryPoor
3534098,Thalictrum flavum,OpenDryPoor
3534099,Thalictrum flavum,OpenDryPoor
3559428,Thalictrum flavum,OpenDryPoor
3573337,Thalictrum flavum,OpenDryPoor
3575636,Thalictrum flavum,OpenDryPoor
3575638,Thalictrum flavum,OpenDryPoor
3577935,Thalictrum flavum,OpenDryPoor
3595362,Thalictrum flavum,OpenDryPoor
3596205,Thalictrum flavum,OpenDryPoor
3604561,Thalictrum flavum,OpenDryPoor
3611385,Thalictrum flavum,OpenDryPoor
3611386,Thalictrum flavum,OpenDryPoor
3612221,Thalictrum flavum,OpenDryPoor
3613684,Thalictrum flavum,OpenDryPoor
3613685,Thalictrum flavum,OpenDryPoor
3613686,Thalictrum flavum,OpenDryPoor
3613687,Thalictrum flavum,OpenDryPoor
3615984,Thalictrum flavum,OpenDryPoor
3615985,Thalictrum flavum,OpenDryPoor
3615986,Thalictrum flavum,OpenDryPoor
3615987,Thalictrum flavum,OpenDryPoor
3615988,Thalictrum flavum,OpenDryPoor
3618284,Thalictrum flavum,OpenDryPoor
3618285,Thalictrum flavum,OpenDryPoor
3618286,Thalictrum flavum,OpenDryPoor
3618287,Thalictrum flavum,OpenDryPoor
3620584,Thalictrum flavum,OpenDryPoor
3620585,Thalictrum flavum,OpenDryPoor
3620586,Thalictrum flavum,OpenDryPoor
3620587,Thalictrum flavum,OpenDryPoor
3638888,Thalictrum flavum,OpenDryPoor
3641184,Thalictrum flavum,OpenDryPoor
3643484,Thalictrum flavum,OpenDryPoor
3643485,Thalictrum flavum,OpenDryPoor
3645785,Thalictrum flavum,OpenDryPoor
3648084,Thalictrum flavum,OpenDryPoor
3648087,Thalictrum flavum,OpenDryPoor
3650384,Thalictrum flavum,OpenDryPoor
3650388,Thalictrum flavum,OpenDryPoor
3652684,Thalictrum flavum,OpenDryPoor
3652687,Thalictrum flavum,OpenDryPoor
3652688,Thalictrum flavum,OpenDryPoor
3654984,Thalictrum flavum,OpenDryPoor
3654985,Thalictrum flavum,OpenDryPoor
3654987,Thalictrum flavum,OpenDryPoor
3717107,Thalictrum flavum,OpenDryPoor
3719408,Thalictrum flavum,OpenDryPoor
3721704,Thalictrum flavum,OpenDryPoor
3721707,Thalictrum flavum,OpenDryPoor
3721708,Thalictrum flavum,OpenDryPoor
3758699,Thalictrum flavum,OpenDryPoor
3763267,Thalictrum flavum,OpenDryPoor
3763268,Thalictrum flavum,OpenDryPoor
3763269,Thalictrum flavum,OpenDryPoor
3765566,Thalictrum flavum,OpenDryPoor
3765567,Thalictrum flavum,OpenDryPoor
3765569,Thalictrum flavum,OpenDryPoor
3767866,Thalictrum flavum,OpenDryPoor
3767868,Thalictrum flavum,OpenDryPoor
3767869,Thalictrum flavum,OpenDryPoor
3835337,Thalictrum flavum,OpenDryPoor
3892840,Thalictrum flavum,OpenDryPoor
3892841,Thalictrum flavum,OpenDryPoor
3895140,Thalictrum flavum,OpenDryPoor
3895141,Thalictrum flavum,OpenDryPoor
3895142,Thalictrum flavum,OpenDryPoor
3897441,Thalictrum flavum,OpenDryPoor
3897442,Thalictrum flavum,OpenDryPoor
3897443,Thalictrum flavum,OpenDryPoor
3899744,Thalictrum flavum,OpenDryPoor
3902045,Thalictrum flavum,OpenDryPoor
3904345,Thalictrum flavum,OpenDryPoor
3904346,Thalictrum flavum,OpenDryPoor
3993987,Thalictrum flavum,OpenDryPoor
3993988,Thalictrum flavum,OpenDryPoor
3996266,Thalictrum flavum,OpenDryPoor
3998566,Thalictrum flavum,OpenDryPoor
