108892,Fagus sylvatica,ForestWetPoor
111188,Fagus sylvatica,ForestWetPoor
111189,Fagus sylvatica,ForestWetPoor
111190,Fagus sylvatica,ForestWetPoor
111191,Fagus sylvatica,ForestWetPoor
113487,Fagus sylvatica,ForestWetPoor
113488,Fagus sylvatica,ForestWetPoor
113490,Fagus sylvatica,ForestWetPoor
115787,Fagus sylvatica,ForestWetPoor
115788,Fagus sylvatica,ForestWetPoor
115793,Fagus sylvatica,ForestWetPoor
118093,Fagus sylvatica,ForestWetPoor
193966,Fagus sylvatica,ForestWetPoor
196266,Fagus sylvatica,ForestWetPoor
207769,Fagus sylvatica,ForestWetPoor
223864,Fagus sylvatica,ForestWetPoor
226164,Fagus sylvatica,ForestWetPoor
228464,Fagus sylvatica,ForestWetPoor
242231,Fagus sylvatica,ForestWetPoor
246831,Fagus sylvatica,ForestWetPoor
246832,Fagus sylvatica,ForestWetPoor
246833,Fagus sylvatica,ForestWetPoor
246834,Fagus sylvatica,ForestWetPoor
249132,Fagus sylvatica,ForestWetPoor
249133,Fagus sylvatica,ForestWetPoor
258335,Fagus sylvatica,ForestWetPoor
258336,Fagus sylvatica,ForestWetPoor
258346,Fagus sylvatica,ForestWetPoor
260634,Fagus sylvatica,ForestWetPoor
260635,Fagus sylvatica,ForestWetPoor
260636,Fagus sylvatica,ForestWetPoor
260637,Fagus sylvatica,ForestWetPoor
260649,Fagus sylvatica,ForestWetPoor
260650,Fagus sylvatica,ForestWetPoor
262933,Fagus sylvatica,ForestWetPoor
262935,Fagus sylvatica,ForestWetPoor
262936,Fagus sylvatica,ForestWetPoor
262937,Fagus sylvatica,ForestWetPoor
265233,Fagus sylvatica,ForestWetPoor
265234,Fagus sylvatica,ForestWetPoor
265235,Fagus sylvatica,ForestWetPoor
265236,Fagus sylvatica,ForestWetPoor
265237,Fagus sylvatica,ForestWetPoor
267534,Fagus sylvatica,ForestWetPoor
267535,Fagus sylvatica,ForestWetPoor
267536,Fagus sylvatica,ForestWetPoor
267537,Fagus sylvatica,ForestWetPoor
267541,Fagus sylvatica,ForestWetPoor
267544,Fagus sylvatica,ForestWetPoor
269839,Fagus sylvatica,ForestWetPoor
272139,Fagus sylvatica,ForestWetPoor
272140,Fagus sylvatica,ForestWetPoor
274439,Fagus sylvatica,ForestWetPoor
274455,Fagus sylvatica,ForestWetPoor
276756,Fagus sylvatica,ForestWetPoor
283637,Fagus sylvatica,ForestWetPoor
283638,Fagus sylvatica,ForestWetPoor
283658,Fagus sylvatica,ForestWetPoor
285937,Fagus sylvatica,ForestWetPoor
285958,Fagus sylvatica,ForestWetPoor
288117,Fagus sylvatica,ForestWetPoor
288237,Fagus sylvatica,ForestWetPoor
288257,Fagus sylvatica,ForestWetPoor
290536,Fagus sylvatica,ForestWetPoor
290537,Fagus sylvatica,ForestWetPoor
290558,Fagus sylvatica,ForestWetPoor
292716,Fagus sylvatica,ForestWetPoor
292844,Fagus sylvatica,ForestWetPoor
295037,Fagus sylvatica,ForestWetPoor
295144,Fagus sylvatica,ForestWetPoor
295145,Fagus sylvatica,ForestWetPoor
297337,Fagus sylvatica,ForestWetPoor
297338,Fagus sylvatica,ForestWetPoor
297440,Fagus sylvatica,ForestWetPoor
297441,Fagus sylvatica,ForestWetPoor
297442,Fagus sylvatica,ForestWetPoor
297443,Fagus sylvatica,ForestWetPoor
297444,Fagus sylvatica,ForestWetPoor
297445,Fagus sylvatica,ForestWetPoor
299740,Fagus sylvatica,ForestWetPoor
299741,Fagus sylvatica,ForestWetPoor
299742,Fagus sylvatica,ForestWetPoor
304339,Fagus sylvatica,ForestWetPoor
306639,Fagus sylvatica,ForestWetPoor
308936,Fagus sylvatica,ForestWetPoor
308937,Fagus sylvatica,ForestWetPoor
308938,Fagus sylvatica,ForestWetPoor
308939,Fagus sylvatica,ForestWetPoor
311238,Fagus sylvatica,ForestWetPoor
311239,Fagus sylvatica,ForestWetPoor
311259,Fagus sylvatica,ForestWetPoor
313537,Fagus sylvatica,ForestWetPoor
313558,Fagus sylvatica,ForestWetPoor
313559,Fagus sylvatica,ForestWetPoor
315858,Fagus sylvatica,ForestWetPoor
315859,Fagus sylvatica,ForestWetPoor
315860,Fagus sylvatica,ForestWetPoor
318159,Fagus sylvatica,ForestWetPoor
318160,Fagus sylvatica,ForestWetPoor
318161,Fagus sylvatica,ForestWetPoor
320460,Fagus sylvatica,ForestWetPoor
320461,Fagus sylvatica,ForestWetPoor
322731,Fagus sylvatica,ForestWetPoor
322733,Fagus sylvatica,ForestWetPoor
325030,Fagus sylvatica,ForestWetPoor
325031,Fagus sylvatica,ForestWetPoor
325032,Fagus sylvatica,ForestWetPoor
325034,Fagus sylvatica,ForestWetPoor
327330,Fagus sylvatica,ForestWetPoor
327333,Fagus sylvatica,ForestWetPoor
327334,Fagus sylvatica,ForestWetPoor
329630,Fagus sylvatica,ForestWetPoor
329631,Fagus sylvatica,ForestWetPoor
331933,Fagus sylvatica,ForestWetPoor
338821,Fagus sylvatica,ForestWetPoor
348020,Fagus sylvatica,ForestWetPoor
357113,Fagus sylvatica,ForestWetPoor
359413,Fagus sylvatica,ForestWetPoor
368728,Fagus sylvatica,ForestWetPoor
371029,Fagus sylvatica,ForestWetPoor
371030,Fagus sylvatica,ForestWetPoor
373329,Fagus sylvatica,ForestWetPoor
373330,Fagus sylvatica,ForestWetPoor
375630,Fagus sylvatica,ForestWetPoor
398674,Fagus sylvatica,ForestWetPoor
398675,Fagus sylvatica,ForestWetPoor
398677,Fagus sylvatica,ForestWetPoor
403273,Fagus sylvatica,ForestWetPoor
405574,Fagus sylvatica,ForestWetPoor
407884,Fagus sylvatica,ForestWetPoor
596479,Fagus sylvatica,ForestWetPoor
617345,Fagus sylvatica,ForestWetPoor
626544,Fagus sylvatica,ForestWetPoor
626550,Fagus sylvatica,ForestWetPoor
628843,Fagus sylvatica,ForestWetPoor
628844,Fagus sylvatica,ForestWetPoor
628845,Fagus sylvatica,ForestWetPoor
628847,Fagus sylvatica,ForestWetPoor
628851,Fagus sylvatica,ForestWetPoor
631143,Fagus sylvatica,ForestWetPoor
631144,Fagus sylvatica,ForestWetPoor
631147,Fagus sylvatica,ForestWetPoor
633439,Fagus sylvatica,ForestWetPoor
633443,Fagus sylvatica,ForestWetPoor
633444,Fagus sylvatica,ForestWetPoor
633445,Fagus sylvatica,ForestWetPoor
633446,Fagus sylvatica,ForestWetPoor
633447,Fagus sylvatica,ForestWetPoor
635738,Fagus sylvatica,ForestWetPoor
635742,Fagus sylvatica,ForestWetPoor
635743,Fagus sylvatica,ForestWetPoor
635744,Fagus sylvatica,ForestWetPoor
635745,Fagus sylvatica,ForestWetPoor
638038,Fagus sylvatica,ForestWetPoor
638039,Fagus sylvatica,ForestWetPoor
638041,Fagus sylvatica,ForestWetPoor
638042,Fagus sylvatica,ForestWetPoor
638043,Fagus sylvatica,ForestWetPoor
638044,Fagus sylvatica,ForestWetPoor
640341,Fagus sylvatica,ForestWetPoor
640342,Fagus sylvatica,ForestWetPoor
640343,Fagus sylvatica,ForestWetPoor
642641,Fagus sylvatica,ForestWetPoor
642642,Fagus sylvatica,ForestWetPoor
642643,Fagus sylvatica,ForestWetPoor
644941,Fagus sylvatica,ForestWetPoor
647226,Fagus sylvatica,ForestWetPoor
649529,Fagus sylvatica,ForestWetPoor
651829,Fagus sylvatica,ForestWetPoor
654118,Fagus sylvatica,ForestWetPoor
654129,Fagus sylvatica,ForestWetPoor
654133,Fagus sylvatica,ForestWetPoor
656434,Fagus sylvatica,ForestWetPoor
658427,Fagus sylvatica,ForestWetPoor
658428,Fagus sylvatica,ForestWetPoor
658735,Fagus sylvatica,ForestWetPoor
658736,Fagus sylvatica,ForestWetPoor
661016,Fagus sylvatica,ForestWetPoor
661037,Fagus sylvatica,ForestWetPoor
661038,Fagus sylvatica,ForestWetPoor
661039,Fagus sylvatica,ForestWetPoor
663318,Fagus sylvatica,ForestWetPoor
663319,Fagus sylvatica,ForestWetPoor
665615,Fagus sylvatica,ForestWetPoor
665616,Fagus sylvatica,ForestWetPoor
667715,Fagus sylvatica,ForestWetPoor
667916,Fagus sylvatica,ForestWetPoor
667917,Fagus sylvatica,ForestWetPoor
670219,Fagus sylvatica,ForestWetPoor
672314,Fagus sylvatica,ForestWetPoor
672516,Fagus sylvatica,ForestWetPoor
674816,Fagus sylvatica,ForestWetPoor
674820,Fagus sylvatica,ForestWetPoor
677116,Fagus sylvatica,ForestWetPoor
677117,Fagus sylvatica,ForestWetPoor
677118,Fagus sylvatica,ForestWetPoor
677120,Fagus sylvatica,ForestWetPoor
679417,Fagus sylvatica,ForestWetPoor
679418,Fagus sylvatica,ForestWetPoor
686173,Fagus sylvatica,ForestWetPoor
718393,Fagus sylvatica,ForestWetPoor
720693,Fagus sylvatica,ForestWetPoor
722714,Fagus sylvatica,ForestWetPoor
722992,Fagus sylvatica,ForestWetPoor
725014,Fagus sylvatica,ForestWetPoor
727489,Fagus sylvatica,ForestWetPoor
729832,Fagus sylvatica,ForestWetPoor
732131,Fagus sylvatica,ForestWetPoor
732132,Fagus sylvatica,ForestWetPoor
732133,Fagus sylvatica,ForestWetPoor
736731,Fagus sylvatica,ForestWetPoor
736732,Fagus sylvatica,ForestWetPoor
739032,Fagus sylvatica,ForestWetPoor
755131,Fagus sylvatica,ForestWetPoor
755132,Fagus sylvatica,ForestWetPoor
757432,Fagus sylvatica,ForestWetPoor
757433,Fagus sylvatica,ForestWetPoor
759690,Fagus sylvatica,ForestWetPoor
759733,Fagus sylvatica,ForestWetPoor
759734,Fagus sylvatica,ForestWetPoor
762032,Fagus sylvatica,ForestWetPoor
762044,Fagus sylvatica,ForestWetPoor
762045,Fagus sylvatica,ForestWetPoor
762046,Fagus sylvatica,ForestWetPoor
764343,Fagus sylvatica,ForestWetPoor
764344,Fagus sylvatica,ForestWetPoor
764345,Fagus sylvatica,ForestWetPoor
764346,Fagus sylvatica,ForestWetPoor
766644,Fagus sylvatica,ForestWetPoor
766645,Fagus sylvatica,ForestWetPoor
768945,Fagus sylvatica,ForestWetPoor
771252,Fagus sylvatica,ForestWetPoor
789425,Fagus sylvatica,ForestWetPoor
791724,Fagus sylvatica,ForestWetPoor
791728,Fagus sylvatica,ForestWetPoor
794026,Fagus sylvatica,ForestWetPoor
794027,Fagus sylvatica,ForestWetPoor
794028,Fagus sylvatica,ForestWetPoor
796324,Fagus sylvatica,ForestWetPoor
796325,Fagus sylvatica,ForestWetPoor
796327,Fagus sylvatica,ForestWetPoor
796328,Fagus sylvatica,ForestWetPoor
798625,Fagus sylvatica,ForestWetPoor
835616,Fagus sylvatica,ForestWetPoor
837798,Fagus sylvatica,ForestWetPoor
837800,Fagus sylvatica,ForestWetPoor
837916,Fagus sylvatica,ForestWetPoor
840100,Fagus sylvatica,ForestWetPoor
840101,Fagus sylvatica,ForestWetPoor
840103,Fagus sylvatica,ForestWetPoor
840219,Fagus sylvatica,ForestWetPoor
842520,Fagus sylvatica,ForestWetPoor
844530,Fagus sylvatica,ForestWetPoor
844531,Fagus sylvatica,ForestWetPoor
844532,Fagus sylvatica,ForestWetPoor
844539,Fagus sylvatica,ForestWetPoor
844540,Fagus sylvatica,ForestWetPoor
844703,Fagus sylvatica,ForestWetPoor
844855,Fagus sylvatica,ForestWetPoor
846838,Fagus sylvatica,ForestWetPoor
847002,Fagus sylvatica,ForestWetPoor
847158,Fagus sylvatica,ForestWetPoor
849138,Fagus sylvatica,ForestWetPoor
849458,Fagus sylvatica,ForestWetPoor
858323,Fagus sylvatica,ForestWetPoor
860623,Fagus sylvatica,ForestWetPoor
862923,Fagus sylvatica,ForestWetPoor
862924,Fagus sylvatica,ForestWetPoor
865223,Fagus sylvatica,ForestWetPoor
865459,Fagus sylvatica,ForestWetPoor
867524,Fagus sylvatica,ForestWetPoor
867755,Fagus sylvatica,ForestWetPoor
870075,Fagus sylvatica,ForestWetPoor
872033,Fagus sylvatica,ForestWetPoor
872034,Fagus sylvatica,ForestWetPoor
872373,Fagus sylvatica,ForestWetPoor
872375,Fagus sylvatica,ForestWetPoor
872376,Fagus sylvatica,ForestWetPoor
874334,Fagus sylvatica,ForestWetPoor
874337,Fagus sylvatica,ForestWetPoor
874673,Fagus sylvatica,ForestWetPoor
874674,Fagus sylvatica,ForestWetPoor
874675,Fagus sylvatica,ForestWetPoor
874677,Fagus sylvatica,ForestWetPoor
876635,Fagus sylvatica,ForestWetPoor
876957,Fagus sylvatica,ForestWetPoor
876977,Fagus sylvatica,ForestWetPoor
879013,Fagus sylvatica,ForestWetPoor
883530,Fagus sylvatica,ForestWetPoor
883532,Fagus sylvatica,ForestWetPoor
883533,Fagus sylvatica,ForestWetPoor
883834,Fagus sylvatica,ForestWetPoor
885831,Fagus sylvatica,ForestWetPoor
885832,Fagus sylvatica,ForestWetPoor
885833,Fagus sylvatica,ForestWetPoor
886178,Fagus sylvatica,ForestWetPoor
886179,Fagus sylvatica,ForestWetPoor
888477,Fagus sylvatica,ForestWetPoor
888478,Fagus sylvatica,ForestWetPoor
888543,Fagus sylvatica,ForestWetPoor
888547,Fagus sylvatica,ForestWetPoor
890513,Fagus sylvatica,ForestWetPoor
890778,Fagus sylvatica,ForestWetPoor
890846,Fagus sylvatica,ForestWetPoor
906868,Fagus sylvatica,ForestWetPoor
909167,Fagus sylvatica,ForestWetPoor
911467,Fagus sylvatica,ForestWetPoor
911468,Fagus sylvatica,ForestWetPoor
911469,Fagus sylvatica,ForestWetPoor
911470,Fagus sylvatica,ForestWetPoor
911471,Fagus sylvatica,ForestWetPoor
913766,Fagus sylvatica,ForestWetPoor
913768,Fagus sylvatica,ForestWetPoor
913769,Fagus sylvatica,ForestWetPoor
913770,Fagus sylvatica,ForestWetPoor
913771,Fagus sylvatica,ForestWetPoor
916066,Fagus sylvatica,ForestWetPoor
916067,Fagus sylvatica,ForestWetPoor
916068,Fagus sylvatica,ForestWetPoor
916069,Fagus sylvatica,ForestWetPoor
916070,Fagus sylvatica,ForestWetPoor
918367,Fagus sylvatica,ForestWetPoor
918369,Fagus sylvatica,ForestWetPoor
918370,Fagus sylvatica,ForestWetPoor
920669,Fagus sylvatica,ForestWetPoor
925158,Fagus sylvatica,ForestWetPoor
932055,Fagus sylvatica,ForestWetPoor
932056,Fagus sylvatica,ForestWetPoor
932058,Fagus sylvatica,ForestWetPoor
934117,Fagus sylvatica,ForestWetPoor
934356,Fagus sylvatica,ForestWetPoor
934358,Fagus sylvatica,ForestWetPoor
936417,Fagus sylvatica,ForestWetPoor
938717,Fagus sylvatica,ForestWetPoor
938718,Fagus sylvatica,ForestWetPoor
941017,Fagus sylvatica,ForestWetPoor
943319,Fagus sylvatica,ForestWetPoor
945619,Fagus sylvatica,ForestWetPoor
945858,Fagus sylvatica,ForestWetPoor
945970,Fagus sylvatica,ForestWetPoor
948153,Fagus sylvatica,ForestWetPoor
948270,Fagus sylvatica,ForestWetPoor
950454,Fagus sylvatica,ForestWetPoor
950455,Fagus sylvatica,ForestWetPoor
950456,Fagus sylvatica,ForestWetPoor
950457,Fagus sylvatica,ForestWetPoor
950458,Fagus sylvatica,ForestWetPoor
950571,Fagus sylvatica,ForestWetPoor
950572,Fagus sylvatica,ForestWetPoor
952871,Fagus sylvatica,ForestWetPoor
952872,Fagus sylvatica,ForestWetPoor
952940,Fagus sylvatica,ForestWetPoor
952941,Fagus sylvatica,ForestWetPoor
955015,Fagus sylvatica,ForestWetPoor
955173,Fagus sylvatica,ForestWetPoor
955174,Fagus sylvatica,ForestWetPoor
955240,Fagus sylvatica,ForestWetPoor
957473,Fagus sylvatica,ForestWetPoor
957474,Fagus sylvatica,ForestWetPoor
957540,Fagus sylvatica,ForestWetPoor
959774,Fagus sylvatica,ForestWetPoor
959775,Fagus sylvatica,ForestWetPoor
962138,Fagus sylvatica,ForestWetPoor
964438,Fagus sylvatica,ForestWetPoor
964440,Fagus sylvatica,ForestWetPoor
966404,Fagus sylvatica,ForestWetPoor
966405,Fagus sylvatica,ForestWetPoor
966406,Fagus sylvatica,ForestWetPoor
966407,Fagus sylvatica,ForestWetPoor
966740,Fagus sylvatica,ForestWetPoor
968704,Fagus sylvatica,ForestWetPoor
968705,Fagus sylvatica,ForestWetPoor
969033,Fagus sylvatica,ForestWetPoor
969034,Fagus sylvatica,ForestWetPoor
969035,Fagus sylvatica,ForestWetPoor
969040,Fagus sylvatica,ForestWetPoor
969041,Fagus sylvatica,ForestWetPoor
971007,Fagus sylvatica,ForestWetPoor
971328,Fagus sylvatica,ForestWetPoor
971329,Fagus sylvatica,ForestWetPoor
973211,Fagus sylvatica,ForestWetPoor
973212,Fagus sylvatica,ForestWetPoor
973305,Fagus sylvatica,ForestWetPoor
973307,Fagus sylvatica,ForestWetPoor
973628,Fagus sylvatica,ForestWetPoor
973629,Fagus sylvatica,ForestWetPoor
975512,Fagus sylvatica,ForestWetPoor
975513,Fagus sylvatica,ForestWetPoor
975606,Fagus sylvatica,ForestWetPoor
975928,Fagus sylvatica,ForestWetPoor
975933,Fagus sylvatica,ForestWetPoor
975935,Fagus sylvatica,ForestWetPoor
975936,Fagus sylvatica,ForestWetPoor
977808,Fagus sylvatica,ForestWetPoor
977812,Fagus sylvatica,ForestWetPoor
978228,Fagus sylvatica,ForestWetPoor
978229,Fagus sylvatica,ForestWetPoor
978236,Fagus sylvatica,ForestWetPoor
980113,Fagus sylvatica,ForestWetPoor
980528,Fagus sylvatica,ForestWetPoor
980533,Fagus sylvatica,ForestWetPoor
980534,Fagus sylvatica,ForestWetPoor
980536,Fagus sylvatica,ForestWetPoor
996090,Fagus sylvatica,ForestWetPoor
996515,Fagus sylvatica,ForestWetPoor
998389,Fagus sylvatica,ForestWetPoor
998390,Fagus sylvatica,ForestWetPoor
1000690,Fagus sylvatica,ForestWetPoor
1000691,Fagus sylvatica,ForestWetPoor
1002992,Fagus sylvatica,ForestWetPoor
1005290,Fagus sylvatica,ForestWetPoor
1005291,Fagus sylvatica,ForestWetPoor
1005292,Fagus sylvatica,ForestWetPoor
1005713,Fagus sylvatica,ForestWetPoor
1024230,Fagus sylvatica,ForestWetPoor
1026533,Fagus sylvatica,ForestWetPoor
1028669,Fagus sylvatica,ForestWetPoor
1028670,Fagus sylvatica,ForestWetPoor
1028671,Fagus sylvatica,ForestWetPoor
1031035,Fagus sylvatica,ForestWetPoor
1033270,Fagus sylvatica,ForestWetPoor
1033323,Fagus sylvatica,ForestWetPoor
1033324,Fagus sylvatica,ForestWetPoor
1035570,Fagus sylvatica,ForestWetPoor
1037769,Fagus sylvatica,ForestWetPoor
1037870,Fagus sylvatica,ForestWetPoor
1042371,Fagus sylvatica,ForestWetPoor
1044671,Fagus sylvatica,ForestWetPoor
1044672,Fagus sylvatica,ForestWetPoor
1044679,Fagus sylvatica,ForestWetPoor
1044680,Fagus sylvatica,ForestWetPoor
1046980,Fagus sylvatica,ForestWetPoor
1049441,Fagus sylvatica,ForestWetPoor
1051742,Fagus sylvatica,ForestWetPoor
1054043,Fagus sylvatica,ForestWetPoor
1054044,Fagus sylvatica,ForestWetPoor
1056180,Fagus sylvatica,ForestWetPoor
1056345,Fagus sylvatica,ForestWetPoor
1067673,Fagus sylvatica,ForestWetPoor
1067795,Fagus sylvatica,ForestWetPoor
1069973,Fagus sylvatica,ForestWetPoor
1069974,Fagus sylvatica,ForestWetPoor
1069975,Fagus sylvatica,ForestWetPoor
1072271,Fagus sylvatica,ForestWetPoor
1072272,Fagus sylvatica,ForestWetPoor
1072274,Fagus sylvatica,ForestWetPoor
1072275,Fagus sylvatica,ForestWetPoor
1072394,Fagus sylvatica,ForestWetPoor
1074571,Fagus sylvatica,ForestWetPoor
1074572,Fagus sylvatica,ForestWetPoor
1074573,Fagus sylvatica,ForestWetPoor
1074770,Fagus sylvatica,ForestWetPoor
1074771,Fagus sylvatica,ForestWetPoor
1074773,Fagus sylvatica,ForestWetPoor
1076872,Fagus sylvatica,ForestWetPoor
1076873,Fagus sylvatica,ForestWetPoor
1076874,Fagus sylvatica,ForestWetPoor
1076875,Fagus sylvatica,ForestWetPoor
1077070,Fagus sylvatica,ForestWetPoor
1077071,Fagus sylvatica,ForestWetPoor
1077072,Fagus sylvatica,ForestWetPoor
1077073,Fagus sylvatica,ForestWetPoor
1079372,Fagus sylvatica,ForestWetPoor
1079373,Fagus sylvatica,ForestWetPoor
1079374,Fagus sylvatica,ForestWetPoor
1079414,Fagus sylvatica,ForestWetPoor
1081670,Fagus sylvatica,ForestWetPoor
1081671,Fagus sylvatica,ForestWetPoor
1081672,Fagus sylvatica,ForestWetPoor
1081673,Fagus sylvatica,ForestWetPoor
1081711,Fagus sylvatica,ForestWetPoor
1081714,Fagus sylvatica,ForestWetPoor
1081715,Fagus sylvatica,ForestWetPoor
1083971,Fagus sylvatica,ForestWetPoor
1084011,Fagus sylvatica,ForestWetPoor
1084012,Fagus sylvatica,ForestWetPoor
1084014,Fagus sylvatica,ForestWetPoor
1084015,Fagus sylvatica,ForestWetPoor
1088368,Fagus sylvatica,ForestWetPoor
1090666,Fagus sylvatica,ForestWetPoor
1090667,Fagus sylvatica,ForestWetPoor
1090668,Fagus sylvatica,ForestWetPoor
1090669,Fagus sylvatica,ForestWetPoor
1090670,Fagus sylvatica,ForestWetPoor
1092967,Fagus sylvatica,ForestWetPoor
1092969,Fagus sylvatica,ForestWetPoor
1093012,Fagus sylvatica,ForestWetPoor
1095267,Fagus sylvatica,ForestWetPoor
1095268,Fagus sylvatica,ForestWetPoor
1095269,Fagus sylvatica,ForestWetPoor
1095311,Fagus sylvatica,ForestWetPoor
1097567,Fagus sylvatica,ForestWetPoor
1097568,Fagus sylvatica,ForestWetPoor
1097610,Fagus sylvatica,ForestWetPoor
1101872,Fagus sylvatica,ForestWetPoor
1102402,Fagus sylvatica,ForestWetPoor
1102403,Fagus sylvatica,ForestWetPoor
1104171,Fagus sylvatica,ForestWetPoor
1104172,Fagus sylvatica,ForestWetPoor
1104702,Fagus sylvatica,ForestWetPoor
1104703,Fagus sylvatica,ForestWetPoor
1106470,Fagus sylvatica,ForestWetPoor
1106471,Fagus sylvatica,ForestWetPoor
1106472,Fagus sylvatica,ForestWetPoor
1107002,Fagus sylvatica,ForestWetPoor
1108771,Fagus sylvatica,ForestWetPoor
1109312,Fagus sylvatica,ForestWetPoor
1109314,Fagus sylvatica,ForestWetPoor
1113664,Fagus sylvatica,ForestWetPoor
1113665,Fagus sylvatica,ForestWetPoor
1113919,Fagus sylvatica,ForestWetPoor
1115963,Fagus sylvatica,ForestWetPoor
1115964,Fagus sylvatica,ForestWetPoor
1115965,Fagus sylvatica,ForestWetPoor
1116210,Fagus sylvatica,ForestWetPoor
1116218,Fagus sylvatica,ForestWetPoor
1118262,Fagus sylvatica,ForestWetPoor
1118263,Fagus sylvatica,ForestWetPoor
1118264,Fagus sylvatica,ForestWetPoor
1118265,Fagus sylvatica,ForestWetPoor
1118267,Fagus sylvatica,ForestWetPoor
1118510,Fagus sylvatica,ForestWetPoor
1118518,Fagus sylvatica,ForestWetPoor
1118519,Fagus sylvatica,ForestWetPoor
1120584,Fagus sylvatica,ForestWetPoor
1120585,Fagus sylvatica,ForestWetPoor
1120592,Fagus sylvatica,ForestWetPoor
1120814,Fagus sylvatica,ForestWetPoor
1120819,Fagus sylvatica,ForestWetPoor
1122863,Fagus sylvatica,ForestWetPoor
1122864,Fagus sylvatica,ForestWetPoor
1122865,Fagus sylvatica,ForestWetPoor
1122885,Fagus sylvatica,ForestWetPoor
1122891,Fagus sylvatica,ForestWetPoor
1122892,Fagus sylvatica,ForestWetPoor
1123118,Fagus sylvatica,ForestWetPoor
1125163,Fagus sylvatica,ForestWetPoor
1125164,Fagus sylvatica,ForestWetPoor
1125165,Fagus sylvatica,ForestWetPoor
1125184,Fagus sylvatica,ForestWetPoor
1125187,Fagus sylvatica,ForestWetPoor
1125188,Fagus sylvatica,ForestWetPoor
1125189,Fagus sylvatica,ForestWetPoor
1125190,Fagus sylvatica,ForestWetPoor
1125191,Fagus sylvatica,ForestWetPoor
1125192,Fagus sylvatica,ForestWetPoor
1127467,Fagus sylvatica,ForestWetPoor
1127487,Fagus sylvatica,ForestWetPoor
1127488,Fagus sylvatica,ForestWetPoor
1127489,Fagus sylvatica,ForestWetPoor
1127490,Fagus sylvatica,ForestWetPoor
1127491,Fagus sylvatica,ForestWetPoor
1129791,Fagus sylvatica,ForestWetPoor
1129804,Fagus sylvatica,ForestWetPoor
1129809,Fagus sylvatica,ForestWetPoor
1132108,Fagus sylvatica,ForestWetPoor
1132109,Fagus sylvatica,ForestWetPoor
1134406,Fagus sylvatica,ForestWetPoor
1134408,Fagus sylvatica,ForestWetPoor
1136707,Fagus sylvatica,ForestWetPoor
1136709,Fagus sylvatica,ForestWetPoor
1138967,Fagus sylvatica,ForestWetPoor
1138968,Fagus sylvatica,ForestWetPoor
1138969,Fagus sylvatica,ForestWetPoor
1138970,Fagus sylvatica,ForestWetPoor
1139008,Fagus sylvatica,ForestWetPoor
1139009,Fagus sylvatica,ForestWetPoor
1139010,Fagus sylvatica,ForestWetPoor
1139103,Fagus sylvatica,ForestWetPoor
1141269,Fagus sylvatica,ForestWetPoor
1141270,Fagus sylvatica,ForestWetPoor
1141309,Fagus sylvatica,ForestWetPoor
1141310,Fagus sylvatica,ForestWetPoor
1141403,Fagus sylvatica,ForestWetPoor
1143567,Fagus sylvatica,ForestWetPoor
1143568,Fagus sylvatica,ForestWetPoor
1143569,Fagus sylvatica,ForestWetPoor
1143570,Fagus sylvatica,ForestWetPoor
1143703,Fagus sylvatica,ForestWetPoor
1145869,Fagus sylvatica,ForestWetPoor
1145870,Fagus sylvatica,ForestWetPoor
1150626,Fagus sylvatica,ForestWetPoor
1152919,Fagus sylvatica,ForestWetPoor
1152927,Fagus sylvatica,ForestWetPoor
1152929,Fagus sylvatica,ForestWetPoor
1152930,Fagus sylvatica,ForestWetPoor
1152964,Fagus sylvatica,ForestWetPoor
1155222,Fagus sylvatica,ForestWetPoor
1155264,Fagus sylvatica,ForestWetPoor
1157521,Fagus sylvatica,ForestWetPoor
1157522,Fagus sylvatica,ForestWetPoor
1157564,Fagus sylvatica,ForestWetPoor
1157565,Fagus sylvatica,ForestWetPoor
1159821,Fagus sylvatica,ForestWetPoor
1159822,Fagus sylvatica,ForestWetPoor
1159864,Fagus sylvatica,ForestWetPoor
1162118,Fagus sylvatica,ForestWetPoor
1162119,Fagus sylvatica,ForestWetPoor
1164204,Fagus sylvatica,ForestWetPoor
1164205,Fagus sylvatica,ForestWetPoor
1164206,Fagus sylvatica,ForestWetPoor
1164415,Fagus sylvatica,ForestWetPoor
1164416,Fagus sylvatica,ForestWetPoor
1164417,Fagus sylvatica,ForestWetPoor
1164418,Fagus sylvatica,ForestWetPoor
1166506,Fagus sylvatica,ForestWetPoor
1166507,Fagus sylvatica,ForestWetPoor
1166608,Fagus sylvatica,ForestWetPoor
1166714,Fagus sylvatica,ForestWetPoor
1166715,Fagus sylvatica,ForestWetPoor
1166718,Fagus sylvatica,ForestWetPoor
1168807,Fagus sylvatica,ForestWetPoor
1168908,Fagus sylvatica,ForestWetPoor
1169013,Fagus sylvatica,ForestWetPoor
1169014,Fagus sylvatica,ForestWetPoor
1169015,Fagus sylvatica,ForestWetPoor
1169016,Fagus sylvatica,ForestWetPoor
1171209,Fagus sylvatica,ForestWetPoor
1171314,Fagus sylvatica,ForestWetPoor
1173158,Fagus sylvatica,ForestWetPoor
1173159,Fagus sylvatica,ForestWetPoor
1173508,Fagus sylvatica,ForestWetPoor
1173509,Fagus sylvatica,ForestWetPoor
1173610,Fagus sylvatica,ForestWetPoor
1173611,Fagus sylvatica,ForestWetPoor
1173613,Fagus sylvatica,ForestWetPoor
1175457,Fagus sylvatica,ForestWetPoor
1175458,Fagus sylvatica,ForestWetPoor
1175460,Fagus sylvatica,ForestWetPoor
1175808,Fagus sylvatica,ForestWetPoor
1175809,Fagus sylvatica,ForestWetPoor
1175810,Fagus sylvatica,ForestWetPoor
1175911,Fagus sylvatica,ForestWetPoor
1177760,Fagus sylvatica,ForestWetPoor
1177761,Fagus sylvatica,ForestWetPoor
1178108,Fagus sylvatica,ForestWetPoor
1178109,Fagus sylvatica,ForestWetPoor
1180061,Fagus sylvatica,ForestWetPoor
1180409,Fagus sylvatica,ForestWetPoor
1180410,Fagus sylvatica,ForestWetPoor
1180411,Fagus sylvatica,ForestWetPoor
1180589,Fagus sylvatica,ForestWetPoor
1180590,Fagus sylvatica,ForestWetPoor
1182890,Fagus sylvatica,ForestWetPoor
1182891,Fagus sylvatica,ForestWetPoor
1185005,Fagus sylvatica,ForestWetPoor
1185190,Fagus sylvatica,ForestWetPoor
1185191,Fagus sylvatica,ForestWetPoor
1186946,Fagus sylvatica,ForestWetPoor
1186947,Fagus sylvatica,ForestWetPoor
1187305,Fagus sylvatica,ForestWetPoor
1187491,Fagus sylvatica,ForestWetPoor
1189789,Fagus sylvatica,ForestWetPoor
1191905,Fagus sylvatica,ForestWetPoor
1196521,Fagus sylvatica,ForestWetPoor
1196522,Fagus sylvatica,ForestWetPoor
1198821,Fagus sylvatica,ForestWetPoor
1205916,Fagus sylvatica,ForestWetPoor
1208215,Fagus sylvatica,ForestWetPoor
1208216,Fagus sylvatica,ForestWetPoor
1217296,Fagus sylvatica,ForestWetPoor
1217370,Fagus sylvatica,ForestWetPoor
1219534,Fagus sylvatica,ForestWetPoor
1219535,Fagus sylvatica,ForestWetPoor
1219594,Fagus sylvatica,ForestWetPoor
1219595,Fagus sylvatica,ForestWetPoor
1219596,Fagus sylvatica,ForestWetPoor
1219669,Fagus sylvatica,ForestWetPoor
1219717,Fagus sylvatica,ForestWetPoor
1219718,Fagus sylvatica,ForestWetPoor
1221798,Fagus sylvatica,ForestWetPoor
1221801,Fagus sylvatica,ForestWetPoor
1221835,Fagus sylvatica,ForestWetPoor
1221894,Fagus sylvatica,ForestWetPoor
1221895,Fagus sylvatica,ForestWetPoor
1221896,Fagus sylvatica,ForestWetPoor
1221969,Fagus sylvatica,ForestWetPoor
1222017,Fagus sylvatica,ForestWetPoor
1224099,Fagus sylvatica,ForestWetPoor
1224100,Fagus sylvatica,ForestWetPoor
1224101,Fagus sylvatica,ForestWetPoor
1224102,Fagus sylvatica,ForestWetPoor
1224193,Fagus sylvatica,ForestWetPoor
1224194,Fagus sylvatica,ForestWetPoor
1224195,Fagus sylvatica,ForestWetPoor
1226036,Fagus sylvatica,ForestWetPoor
1226401,Fagus sylvatica,ForestWetPoor
1226402,Fagus sylvatica,ForestWetPoor
1226490,Fagus sylvatica,ForestWetPoor
1226491,Fagus sylvatica,ForestWetPoor
1226494,Fagus sylvatica,ForestWetPoor
1228336,Fagus sylvatica,ForestWetPoor
1228699,Fagus sylvatica,ForestWetPoor
1228701,Fagus sylvatica,ForestWetPoor
1228789,Fagus sylvatica,ForestWetPoor
1228790,Fagus sylvatica,ForestWetPoor
1230999,Fagus sylvatica,ForestWetPoor
1231000,Fagus sylvatica,ForestWetPoor
1231089,Fagus sylvatica,ForestWetPoor
1237987,Fagus sylvatica,ForestWetPoor
1240283,Fagus sylvatica,ForestWetPoor
1240284,Fagus sylvatica,ForestWetPoor
1242583,Fagus sylvatica,ForestWetPoor
1242587,Fagus sylvatica,ForestWetPoor
1242709,Fagus sylvatica,ForestWetPoor
1244881,Fagus sylvatica,ForestWetPoor
1244883,Fagus sylvatica,ForestWetPoor
1244884,Fagus sylvatica,ForestWetPoor
1244886,Fagus sylvatica,ForestWetPoor
1244887,Fagus sylvatica,ForestWetPoor
1244888,Fagus sylvatica,ForestWetPoor
1247183,Fagus sylvatica,ForestWetPoor
1247184,Fagus sylvatica,ForestWetPoor
1247185,Fagus sylvatica,ForestWetPoor
1247186,Fagus sylvatica,ForestWetPoor
1247187,Fagus sylvatica,ForestWetPoor
1247188,Fagus sylvatica,ForestWetPoor
1249484,Fagus sylvatica,ForestWetPoor
1249485,Fagus sylvatica,ForestWetPoor
1249486,Fagus sylvatica,ForestWetPoor
1249487,Fagus sylvatica,ForestWetPoor
1249488,Fagus sylvatica,ForestWetPoor
1249489,Fagus sylvatica,ForestWetPoor
1251547,Fagus sylvatica,ForestWetPoor
1251784,Fagus sylvatica,ForestWetPoor
1251786,Fagus sylvatica,ForestWetPoor
1251787,Fagus sylvatica,ForestWetPoor
1251788,Fagus sylvatica,ForestWetPoor
1254087,Fagus sylvatica,ForestWetPoor
1254088,Fagus sylvatica,ForestWetPoor
1254089,Fagus sylvatica,ForestWetPoor
1254090,Fagus sylvatica,ForestWetPoor
1256387,Fagus sylvatica,ForestWetPoor
1256388,Fagus sylvatica,ForestWetPoor
1256390,Fagus sylvatica,ForestWetPoor
1256391,Fagus sylvatica,ForestWetPoor
1256477,Fagus sylvatica,ForestWetPoor
1258688,Fagus sylvatica,ForestWetPoor
1258689,Fagus sylvatica,ForestWetPoor
1258691,Fagus sylvatica,ForestWetPoor
1258744,Fagus sylvatica,ForestWetPoor
1258751,Fagus sylvatica,ForestWetPoor
1258777,Fagus sylvatica,ForestWetPoor
1258778,Fagus sylvatica,ForestWetPoor
1260989,Fagus sylvatica,ForestWetPoor
1260990,Fagus sylvatica,ForestWetPoor
1260991,Fagus sylvatica,ForestWetPoor
1261044,Fagus sylvatica,ForestWetPoor
1261051,Fagus sylvatica,ForestWetPoor
1261077,Fagus sylvatica,ForestWetPoor
1261078,Fagus sylvatica,ForestWetPoor
1263290,Fagus sylvatica,ForestWetPoor
1263291,Fagus sylvatica,ForestWetPoor
1263292,Fagus sylvatica,ForestWetPoor
1263369,Fagus sylvatica,ForestWetPoor
1263375,Fagus sylvatica,ForestWetPoor
1263376,Fagus sylvatica,ForestWetPoor
1265443,Fagus sylvatica,ForestWetPoor
1265592,Fagus sylvatica,ForestWetPoor
1265668,Fagus sylvatica,ForestWetPoor
1267744,Fagus sylvatica,ForestWetPoor
1267964,Fagus sylvatica,ForestWetPoor
1267965,Fagus sylvatica,ForestWetPoor
1267974,Fagus sylvatica,ForestWetPoor
1270264,Fagus sylvatica,ForestWetPoor
1272335,Fagus sylvatica,ForestWetPoor
1272564,Fagus sylvatica,ForestWetPoor
1272565,Fagus sylvatica,ForestWetPoor
1274314,Fagus sylvatica,ForestWetPoor
1274634,Fagus sylvatica,ForestWetPoor
1274635,Fagus sylvatica,ForestWetPoor
1274636,Fagus sylvatica,ForestWetPoor
1274865,Fagus sylvatica,ForestWetPoor
1276935,Fagus sylvatica,ForestWetPoor
1277166,Fagus sylvatica,ForestWetPoor
1279235,Fagus sylvatica,ForestWetPoor
1279391,Fagus sylvatica,ForestWetPoor
1281213,Fagus sylvatica,ForestWetPoor
1283513,Fagus sylvatica,ForestWetPoor
1283989,Fagus sylvatica,ForestWetPoor
1293226,Fagus sylvatica,ForestWetPoor
1304769,Fagus sylvatica,ForestWetPoor
1304770,Fagus sylvatica,ForestWetPoor
1304822,Fagus sylvatica,ForestWetPoor
1306954,Fagus sylvatica,ForestWetPoor
1306955,Fagus sylvatica,ForestWetPoor
1307069,Fagus sylvatica,ForestWetPoor
1309254,Fagus sylvatica,ForestWetPoor
1309255,Fagus sylvatica,ForestWetPoor
1309424,Fagus sylvatica,ForestWetPoor
1311555,Fagus sylvatica,ForestWetPoor
1311556,Fagus sylvatica,ForestWetPoor
1313855,Fagus sylvatica,ForestWetPoor
1320754,Fagus sylvatica,ForestWetPoor
1323054,Fagus sylvatica,ForestWetPoor
1323120,Fagus sylvatica,ForestWetPoor
1323121,Fagus sylvatica,ForestWetPoor
1325354,Fagus sylvatica,ForestWetPoor
1325419,Fagus sylvatica,ForestWetPoor
1325420,Fagus sylvatica,ForestWetPoor
1325421,Fagus sylvatica,ForestWetPoor
1325423,Fagus sylvatica,ForestWetPoor
1327654,Fagus sylvatica,ForestWetPoor
1327655,Fagus sylvatica,ForestWetPoor
1327719,Fagus sylvatica,ForestWetPoor
1327752,Fagus sylvatica,ForestWetPoor
1329955,Fagus sylvatica,ForestWetPoor
1330019,Fagus sylvatica,ForestWetPoor
1330020,Fagus sylvatica,ForestWetPoor
1334277,Fagus sylvatica,ForestWetPoor
1334555,Fagus sylvatica,ForestWetPoor
1336575,Fagus sylvatica,ForestWetPoor
1336576,Fagus sylvatica,ForestWetPoor
1336577,Fagus sylvatica,ForestWetPoor
1336855,Fagus sylvatica,ForestWetPoor
1338875,Fagus sylvatica,ForestWetPoor
1343859,Fagus sylvatica,ForestWetPoor
1346160,Fagus sylvatica,ForestWetPoor
1362316,Fagus sylvatica,ForestWetPoor
1364615,Fagus sylvatica,ForestWetPoor
1366915,Fagus sylvatica,ForestWetPoor
1366916,Fagus sylvatica,ForestWetPoor
1366918,Fagus sylvatica,ForestWetPoor
1369217,Fagus sylvatica,ForestWetPoor
1369218,Fagus sylvatica,ForestWetPoor
1371518,Fagus sylvatica,ForestWetPoor
1381110,Fagus sylvatica,ForestWetPoor
1383410,Fagus sylvatica,ForestWetPoor
1385232,Fagus sylvatica,ForestWetPoor
1385710,Fagus sylvatica,ForestWetPoor
1387531,Fagus sylvatica,ForestWetPoor
1387532,Fagus sylvatica,ForestWetPoor
1388011,Fagus sylvatica,ForestWetPoor
1389940,Fagus sylvatica,ForestWetPoor
1390311,Fagus sylvatica,ForestWetPoor
1392168,Fagus sylvatica,ForestWetPoor
1399140,Fagus sylvatica,ForestWetPoor
1401440,Fagus sylvatica,ForestWetPoor
1403302,Fagus sylvatica,ForestWetPoor
1414898,Fagus sylvatica,ForestWetPoor
1414899,Fagus sylvatica,ForestWetPoor
1417199,Fagus sylvatica,ForestWetPoor
1419264,Fagus sylvatica,ForestWetPoor
1440472,Fagus sylvatica,ForestWetPoor
1442772,Fagus sylvatica,ForestWetPoor
1445072,Fagus sylvatica,ForestWetPoor
1447372,Fagus sylvatica,ForestWetPoor
1454230,Fagus sylvatica,ForestWetPoor
1461148,Fagus sylvatica,ForestWetPoor
1463424,Fagus sylvatica,ForestWetPoor
1474986,Fagus sylvatica,ForestWetPoor
1477285,Fagus sylvatica,ForestWetPoor
1477287,Fagus sylvatica,ForestWetPoor
1502107,Fagus sylvatica,ForestWetPoor
1502108,Fagus sylvatica,ForestWetPoor
1504408,Fagus sylvatica,ForestWetPoor
1525320,Fagus sylvatica,ForestWetPoor
1536681,Fagus sylvatica,ForestWetPoor
1536817,Fagus sylvatica,ForestWetPoor
1536818,Fagus sylvatica,ForestWetPoor
1539117,Fagus sylvatica,ForestWetPoor
1539118,Fagus sylvatica,ForestWetPoor
1539119,Fagus sylvatica,ForestWetPoor
1541280,Fagus sylvatica,ForestWetPoor
1541418,Fagus sylvatica,ForestWetPoor
1543579,Fagus sylvatica,ForestWetPoor
1543580,Fagus sylvatica,ForestWetPoor
1546107,Fagus sylvatica,ForestWetPoor
1546108,Fagus sylvatica,ForestWetPoor
1548405,Fagus sylvatica,ForestWetPoor
1548406,Fagus sylvatica,ForestWetPoor
1550703,Fagus sylvatica,ForestWetPoor
1550705,Fagus sylvatica,ForestWetPoor
1550734,Fagus sylvatica,ForestWetPoor
1550735,Fagus sylvatica,ForestWetPoor
1552996,Fagus sylvatica,ForestWetPoor
1553035,Fagus sylvatica,ForestWetPoor
1553036,Fagus sylvatica,ForestWetPoor
1555295,Fagus sylvatica,ForestWetPoor
1555297,Fagus sylvatica,ForestWetPoor
1557594,Fagus sylvatica,ForestWetPoor
1557595,Fagus sylvatica,ForestWetPoor
1557634,Fagus sylvatica,ForestWetPoor
1559892,Fagus sylvatica,ForestWetPoor
1559894,Fagus sylvatica,ForestWetPoor
1559995,Fagus sylvatica,ForestWetPoor
1559996,Fagus sylvatica,ForestWetPoor
1562192,Fagus sylvatica,ForestWetPoor
1562193,Fagus sylvatica,ForestWetPoor
1562194,Fagus sylvatica,ForestWetPoor
1564493,Fagus sylvatica,ForestWetPoor
1587485,Fagus sylvatica,ForestWetPoor
1587486,Fagus sylvatica,ForestWetPoor
1589785,Fagus sylvatica,ForestWetPoor
1589786,Fagus sylvatica,ForestWetPoor
1589787,Fagus sylvatica,ForestWetPoor
1592085,Fagus sylvatica,ForestWetPoor
1592086,Fagus sylvatica,ForestWetPoor
1592087,Fagus sylvatica,ForestWetPoor
1592088,Fagus sylvatica,ForestWetPoor
1594387,Fagus sylvatica,ForestWetPoor
1596531,Fagus sylvatica,ForestWetPoor
1596534,Fagus sylvatica,ForestWetPoor
1596535,Fagus sylvatica,ForestWetPoor
1596536,Fagus sylvatica,ForestWetPoor
1596781,Fagus sylvatica,ForestWetPoor
1596782,Fagus sylvatica,ForestWetPoor
1598835,Fagus sylvatica,ForestWetPoor
1599080,Fagus sylvatica,ForestWetPoor
1599081,Fagus sylvatica,ForestWetPoor
1599082,Fagus sylvatica,ForestWetPoor
1599083,Fagus sylvatica,ForestWetPoor
1601123,Fagus sylvatica,ForestWetPoor
1601124,Fagus sylvatica,ForestWetPoor
1601125,Fagus sylvatica,ForestWetPoor
1601314,Fagus sylvatica,ForestWetPoor
1601317,Fagus sylvatica,ForestWetPoor
1601380,Fagus sylvatica,ForestWetPoor
1601381,Fagus sylvatica,ForestWetPoor
1601382,Fagus sylvatica,ForestWetPoor
1601383,Fagus sylvatica,ForestWetPoor
1603422,Fagus sylvatica,ForestWetPoor
1603423,Fagus sylvatica,ForestWetPoor
1603424,Fagus sylvatica,ForestWetPoor
1603616,Fagus sylvatica,ForestWetPoor
1603618,Fagus sylvatica,ForestWetPoor
1603680,Fagus sylvatica,ForestWetPoor
1603681,Fagus sylvatica,ForestWetPoor
1603682,Fagus sylvatica,ForestWetPoor
1605617,Fagus sylvatica,ForestWetPoor
1605618,Fagus sylvatica,ForestWetPoor
1605722,Fagus sylvatica,ForestWetPoor
1605726,Fagus sylvatica,ForestWetPoor
1605914,Fagus sylvatica,ForestWetPoor
1605916,Fagus sylvatica,ForestWetPoor
1605917,Fagus sylvatica,ForestWetPoor
1607917,Fagus sylvatica,ForestWetPoor
1608023,Fagus sylvatica,ForestWetPoor
1608214,Fagus sylvatica,ForestWetPoor
1608215,Fagus sylvatica,ForestWetPoor
1608216,Fagus sylvatica,ForestWetPoor
1610216,Fagus sylvatica,ForestWetPoor
1610217,Fagus sylvatica,ForestWetPoor
1610322,Fagus sylvatica,ForestWetPoor
1610323,Fagus sylvatica,ForestWetPoor
1610324,Fagus sylvatica,ForestWetPoor
1612517,Fagus sylvatica,ForestWetPoor
1612620,Fagus sylvatica,ForestWetPoor
1612621,Fagus sylvatica,ForestWetPoor
1612622,Fagus sylvatica,ForestWetPoor
1612623,Fagus sylvatica,ForestWetPoor
1612875,Fagus sylvatica,ForestWetPoor
1612876,Fagus sylvatica,ForestWetPoor
1614921,Fagus sylvatica,ForestWetPoor
1614923,Fagus sylvatica,ForestWetPoor
1614924,Fagus sylvatica,ForestWetPoor
1615174,Fagus sylvatica,ForestWetPoor
1615175,Fagus sylvatica,ForestWetPoor
1615176,Fagus sylvatica,ForestWetPoor
1615177,Fagus sylvatica,ForestWetPoor
1615178,Fagus sylvatica,ForestWetPoor
1615192,Fagus sylvatica,ForestWetPoor
1617220,Fagus sylvatica,ForestWetPoor
1617221,Fagus sylvatica,ForestWetPoor
1617222,Fagus sylvatica,ForestWetPoor
1617223,Fagus sylvatica,ForestWetPoor
1617224,Fagus sylvatica,ForestWetPoor
1617233,Fagus sylvatica,ForestWetPoor
1617474,Fagus sylvatica,ForestWetPoor
1619698,Fagus sylvatica,ForestWetPoor
1619699,Fagus sylvatica,ForestWetPoor
1619743,Fagus sylvatica,ForestWetPoor
1621996,Fagus sylvatica,ForestWetPoor
1621997,Fagus sylvatica,ForestWetPoor
1622044,Fagus sylvatica,ForestWetPoor
1622045,Fagus sylvatica,ForestWetPoor
1622385,Fagus sylvatica,ForestWetPoor
1624296,Fagus sylvatica,ForestWetPoor
1624343,Fagus sylvatica,ForestWetPoor
1624344,Fagus sylvatica,ForestWetPoor
1626645,Fagus sylvatica,ForestWetPoor
1626646,Fagus sylvatica,ForestWetPoor
1628947,Fagus sylvatica,ForestWetPoor
1630896,Fagus sylvatica,ForestWetPoor
1631251,Fagus sylvatica,ForestWetPoor
1631561,Fagus sylvatica,ForestWetPoor
1633861,Fagus sylvatica,ForestWetPoor
1635795,Fagus sylvatica,ForestWetPoor
1638094,Fagus sylvatica,ForestWetPoor
1638095,Fagus sylvatica,ForestWetPoor
1638308,Fagus sylvatica,ForestWetPoor
1640394,Fagus sylvatica,ForestWetPoor
1640395,Fagus sylvatica,ForestWetPoor
1640608,Fagus sylvatica,ForestWetPoor
1640785,Fagus sylvatica,ForestWetPoor
1640788,Fagus sylvatica,ForestWetPoor
1642695,Fagus sylvatica,ForestWetPoor
1642908,Fagus sylvatica,ForestWetPoor
1643085,Fagus sylvatica,ForestWetPoor
1644995,Fagus sylvatica,ForestWetPoor
1645208,Fagus sylvatica,ForestWetPoor
1645361,Fagus sylvatica,ForestWetPoor
1647661,Fagus sylvatica,ForestWetPoor
1649595,Fagus sylvatica,ForestWetPoor
1649596,Fagus sylvatica,ForestWetPoor
1649942,Fagus sylvatica,ForestWetPoor
1651896,Fagus sylvatica,ForestWetPoor
1653967,Fagus sylvatica,ForestWetPoor
1654021,Fagus sylvatica,ForestWetPoor
1656268,Fagus sylvatica,ForestWetPoor
1658567,Fagus sylvatica,ForestWetPoor
1658568,Fagus sylvatica,ForestWetPoor
1658569,Fagus sylvatica,ForestWetPoor
1658571,Fagus sylvatica,ForestWetPoor
1660869,Fagus sylvatica,ForestWetPoor
1670305,Fagus sylvatica,ForestWetPoor
1670308,Fagus sylvatica,ForestWetPoor
1670398,Fagus sylvatica,ForestWetPoor
1672606,Fagus sylvatica,ForestWetPoor
1672696,Fagus sylvatica,ForestWetPoor
1674720,Fagus sylvatica,ForestWetPoor
1674996,Fagus sylvatica,ForestWetPoor
1674997,Fagus sylvatica,ForestWetPoor
1674998,Fagus sylvatica,ForestWetPoor
1675000,Fagus sylvatica,ForestWetPoor
1675006,Fagus sylvatica,ForestWetPoor
1677020,Fagus sylvatica,ForestWetPoor
1677021,Fagus sylvatica,ForestWetPoor
1677183,Fagus sylvatica,ForestWetPoor
1677184,Fagus sylvatica,ForestWetPoor
1677185,Fagus sylvatica,ForestWetPoor
1677297,Fagus sylvatica,ForestWetPoor
1677302,Fagus sylvatica,ForestWetPoor
1677305,Fagus sylvatica,ForestWetPoor
1677556,Fagus sylvatica,ForestWetPoor
1679319,Fagus sylvatica,ForestWetPoor
1679320,Fagus sylvatica,ForestWetPoor
1679321,Fagus sylvatica,ForestWetPoor
1679322,Fagus sylvatica,ForestWetPoor
1679480,Fagus sylvatica,ForestWetPoor
1679483,Fagus sylvatica,ForestWetPoor
1679484,Fagus sylvatica,ForestWetPoor
1679596,Fagus sylvatica,ForestWetPoor
1679597,Fagus sylvatica,ForestWetPoor
1679598,Fagus sylvatica,ForestWetPoor
1679599,Fagus sylvatica,ForestWetPoor
1679602,Fagus sylvatica,ForestWetPoor
1679604,Fagus sylvatica,ForestWetPoor
1681619,Fagus sylvatica,ForestWetPoor
1681620,Fagus sylvatica,ForestWetPoor
1681621,Fagus sylvatica,ForestWetPoor
1681780,Fagus sylvatica,ForestWetPoor
1681781,Fagus sylvatica,ForestWetPoor
1681904,Fagus sylvatica,ForestWetPoor
1683920,Fagus sylvatica,ForestWetPoor
1683921,Fagus sylvatica,ForestWetPoor
1684198,Fagus sylvatica,ForestWetPoor
1686497,Fagus sylvatica,ForestWetPoor
1686499,Fagus sylvatica,ForestWetPoor
1688796,Fagus sylvatica,ForestWetPoor
1688799,Fagus sylvatica,ForestWetPoor
1688800,Fagus sylvatica,ForestWetPoor
1688905,Fagus sylvatica,ForestWetPoor
1691096,Fagus sylvatica,ForestWetPoor
1691097,Fagus sylvatica,ForestWetPoor
1691099,Fagus sylvatica,ForestWetPoor
1691205,Fagus sylvatica,ForestWetPoor
1693394,Fagus sylvatica,ForestWetPoor
1693395,Fagus sylvatica,ForestWetPoor
1693502,Fagus sylvatica,ForestWetPoor
1693505,Fagus sylvatica,ForestWetPoor
1695684,Fagus sylvatica,ForestWetPoor
1695685,Fagus sylvatica,ForestWetPoor
1695802,Fagus sylvatica,ForestWetPoor
1695803,Fagus sylvatica,ForestWetPoor
1695804,Fagus sylvatica,ForestWetPoor
1697975,Fagus sylvatica,ForestWetPoor
1697976,Fagus sylvatica,ForestWetPoor
1697987,Fagus sylvatica,ForestWetPoor
1697988,Fagus sylvatica,ForestWetPoor
1697990,Fagus sylvatica,ForestWetPoor
1700275,Fagus sylvatica,ForestWetPoor
1700276,Fagus sylvatica,ForestWetPoor
1700277,Fagus sylvatica,ForestWetPoor
1700285,Fagus sylvatica,ForestWetPoor
1700286,Fagus sylvatica,ForestWetPoor
1700287,Fagus sylvatica,ForestWetPoor
1700288,Fagus sylvatica,ForestWetPoor
1700290,Fagus sylvatica,ForestWetPoor
1700473,Fagus sylvatica,ForestWetPoor
1700474,Fagus sylvatica,ForestWetPoor
1702585,Fagus sylvatica,ForestWetPoor
1702586,Fagus sylvatica,ForestWetPoor
1702587,Fagus sylvatica,ForestWetPoor
1702772,Fagus sylvatica,ForestWetPoor
1702775,Fagus sylvatica,ForestWetPoor
1704872,Fagus sylvatica,ForestWetPoor
1704873,Fagus sylvatica,ForestWetPoor
1704882,Fagus sylvatica,ForestWetPoor
1705072,Fagus sylvatica,ForestWetPoor
1705073,Fagus sylvatica,ForestWetPoor
1707371,Fagus sylvatica,ForestWetPoor
1707372,Fagus sylvatica,ForestWetPoor
1707374,Fagus sylvatica,ForestWetPoor
1709492,Fagus sylvatica,ForestWetPoor
1709672,Fagus sylvatica,ForestWetPoor
1709673,Fagus sylvatica,ForestWetPoor
1709674,Fagus sylvatica,ForestWetPoor
1709675,Fagus sylvatica,ForestWetPoor
1711762,Fagus sylvatica,ForestWetPoor
1711763,Fagus sylvatica,ForestWetPoor
1711991,Fagus sylvatica,ForestWetPoor
1711992,Fagus sylvatica,ForestWetPoor
1714061,Fagus sylvatica,ForestWetPoor
1714062,Fagus sylvatica,ForestWetPoor
1714094,Fagus sylvatica,ForestWetPoor
1714095,Fagus sylvatica,ForestWetPoor
1716360,Fagus sylvatica,ForestWetPoor
1716592,Fagus sylvatica,ForestWetPoor
1723261,Fagus sylvatica,ForestWetPoor
1725301,Fagus sylvatica,ForestWetPoor
1725561,Fagus sylvatica,ForestWetPoor
1725778,Fagus sylvatica,ForestWetPoor
1727935,Fagus sylvatica,ForestWetPoor
1727936,Fagus sylvatica,ForestWetPoor
1728077,Fagus sylvatica,ForestWetPoor
1728078,Fagus sylvatica,ForestWetPoor
1728079,Fagus sylvatica,ForestWetPoor
1728080,Fagus sylvatica,ForestWetPoor
1730234,Fagus sylvatica,ForestWetPoor
1730235,Fagus sylvatica,ForestWetPoor
1730236,Fagus sylvatica,ForestWetPoor
1730377,Fagus sylvatica,ForestWetPoor
1732446,Fagus sylvatica,ForestWetPoor
1732447,Fagus sylvatica,ForestWetPoor
1732534,Fagus sylvatica,ForestWetPoor
1732581,Fagus sylvatica,ForestWetPoor
1732582,Fagus sylvatica,ForestWetPoor
1732583,Fagus sylvatica,ForestWetPoor
1732584,Fagus sylvatica,ForestWetPoor
1732677,Fagus sylvatica,ForestWetPoor
1732680,Fagus sylvatica,ForestWetPoor
1734745,Fagus sylvatica,ForestWetPoor
1734746,Fagus sylvatica,ForestWetPoor
1734748,Fagus sylvatica,ForestWetPoor
1734980,Fagus sylvatica,ForestWetPoor
1737043,Fagus sylvatica,ForestWetPoor
1737046,Fagus sylvatica,ForestWetPoor
1737047,Fagus sylvatica,ForestWetPoor
1737059,Fagus sylvatica,ForestWetPoor
1737060,Fagus sylvatica,ForestWetPoor
1737061,Fagus sylvatica,ForestWetPoor
1737086,Fagus sylvatica,ForestWetPoor
1737087,Fagus sylvatica,ForestWetPoor
1737183,Fagus sylvatica,ForestWetPoor
1737184,Fagus sylvatica,ForestWetPoor
1739178,Fagus sylvatica,ForestWetPoor
1739341,Fagus sylvatica,ForestWetPoor
1739342,Fagus sylvatica,ForestWetPoor
1739358,Fagus sylvatica,ForestWetPoor
1739359,Fagus sylvatica,ForestWetPoor
1739360,Fagus sylvatica,ForestWetPoor
1739361,Fagus sylvatica,ForestWetPoor
1739383,Fagus sylvatica,ForestWetPoor
1739384,Fagus sylvatica,ForestWetPoor
1739385,Fagus sylvatica,ForestWetPoor
1739386,Fagus sylvatica,ForestWetPoor
1739387,Fagus sylvatica,ForestWetPoor
1739481,Fagus sylvatica,ForestWetPoor
1739482,Fagus sylvatica,ForestWetPoor
1739483,Fagus sylvatica,ForestWetPoor
1739484,Fagus sylvatica,ForestWetPoor
1741221,Fagus sylvatica,ForestWetPoor
1741478,Fagus sylvatica,ForestWetPoor
1741616,Fagus sylvatica,ForestWetPoor
1741629,Fagus sylvatica,ForestWetPoor
1741630,Fagus sylvatica,ForestWetPoor
1741631,Fagus sylvatica,ForestWetPoor
1741632,Fagus sylvatica,ForestWetPoor
1741633,Fagus sylvatica,ForestWetPoor
1741637,Fagus sylvatica,ForestWetPoor
1741638,Fagus sylvatica,ForestWetPoor
1741639,Fagus sylvatica,ForestWetPoor
1741641,Fagus sylvatica,ForestWetPoor
1741661,Fagus sylvatica,ForestWetPoor
1741683,Fagus sylvatica,ForestWetPoor
1741732,Fagus sylvatica,ForestWetPoor
1741782,Fagus sylvatica,ForestWetPoor
1743522,Fagus sylvatica,ForestWetPoor
1743777,Fagus sylvatica,ForestWetPoor
1743915,Fagus sylvatica,ForestWetPoor
1743918,Fagus sylvatica,ForestWetPoor
1743928,Fagus sylvatica,ForestWetPoor
1743929,Fagus sylvatica,ForestWetPoor
1743930,Fagus sylvatica,ForestWetPoor
1743931,Fagus sylvatica,ForestWetPoor
1743932,Fagus sylvatica,ForestWetPoor
1743933,Fagus sylvatica,ForestWetPoor
1743934,Fagus sylvatica,ForestWetPoor
1743935,Fagus sylvatica,ForestWetPoor
1743936,Fagus sylvatica,ForestWetPoor
1743938,Fagus sylvatica,ForestWetPoor
1743939,Fagus sylvatica,ForestWetPoor
1743940,Fagus sylvatica,ForestWetPoor
1743961,Fagus sylvatica,ForestWetPoor
1743962,Fagus sylvatica,ForestWetPoor
1743967,Fagus sylvatica,ForestWetPoor
1743968,Fagus sylvatica,ForestWetPoor
1743969,Fagus sylvatica,ForestWetPoor
1744032,Fagus sylvatica,ForestWetPoor
1744149,Fagus sylvatica,ForestWetPoor
1745821,Fagus sylvatica,ForestWetPoor
1745822,Fagus sylvatica,ForestWetPoor
1746228,Fagus sylvatica,ForestWetPoor
1746229,Fagus sylvatica,ForestWetPoor
1746231,Fagus sylvatica,ForestWetPoor
1746232,Fagus sylvatica,ForestWetPoor
1746234,Fagus sylvatica,ForestWetPoor
1746235,Fagus sylvatica,ForestWetPoor
1746238,Fagus sylvatica,ForestWetPoor
1746267,Fagus sylvatica,ForestWetPoor
1746268,Fagus sylvatica,ForestWetPoor
1746270,Fagus sylvatica,ForestWetPoor
1746327,Fagus sylvatica,ForestWetPoor
1746332,Fagus sylvatica,ForestWetPoor
1746449,Fagus sylvatica,ForestWetPoor
1746457,Fagus sylvatica,ForestWetPoor
1748515,Fagus sylvatica,ForestWetPoor
1748516,Fagus sylvatica,ForestWetPoor
1748517,Fagus sylvatica,ForestWetPoor
1748528,Fagus sylvatica,ForestWetPoor
1748530,Fagus sylvatica,ForestWetPoor
1748567,Fagus sylvatica,ForestWetPoor
1748570,Fagus sylvatica,ForestWetPoor
1748571,Fagus sylvatica,ForestWetPoor
1748747,Fagus sylvatica,ForestWetPoor
1748749,Fagus sylvatica,ForestWetPoor
1748753,Fagus sylvatica,ForestWetPoor
1748754,Fagus sylvatica,ForestWetPoor
1748755,Fagus sylvatica,ForestWetPoor
1748756,Fagus sylvatica,ForestWetPoor
1748757,Fagus sylvatica,ForestWetPoor
1750421,Fagus sylvatica,ForestWetPoor
1750869,Fagus sylvatica,ForestWetPoor
1750870,Fagus sylvatica,ForestWetPoor
1751049,Fagus sylvatica,ForestWetPoor
1751054,Fagus sylvatica,ForestWetPoor
1753350,Fagus sylvatica,ForestWetPoor
1755225,Fagus sylvatica,ForestWetPoor
1755407,Fagus sylvatica,ForestWetPoor
1755409,Fagus sylvatica,ForestWetPoor
1755648,Fagus sylvatica,ForestWetPoor
1757706,Fagus sylvatica,ForestWetPoor
1757708,Fagus sylvatica,ForestWetPoor
1757710,Fagus sylvatica,ForestWetPoor
1757963,Fagus sylvatica,ForestWetPoor
1757964,Fagus sylvatica,ForestWetPoor
1758024,Fagus sylvatica,ForestWetPoor
1758026,Fagus sylvatica,ForestWetPoor
1759980,Fagus sylvatica,ForestWetPoor
1759982,Fagus sylvatica,ForestWetPoor
1760004,Fagus sylvatica,ForestWetPoor
1760006,Fagus sylvatica,ForestWetPoor
1760007,Fagus sylvatica,ForestWetPoor
1760247,Fagus sylvatica,ForestWetPoor
1760265,Fagus sylvatica,ForestWetPoor
1762279,Fagus sylvatica,ForestWetPoor
1762281,Fagus sylvatica,ForestWetPoor
1762282,Fagus sylvatica,ForestWetPoor
1762283,Fagus sylvatica,ForestWetPoor
1762284,Fagus sylvatica,ForestWetPoor
1762301,Fagus sylvatica,ForestWetPoor
1762303,Fagus sylvatica,ForestWetPoor
1762304,Fagus sylvatica,ForestWetPoor
1762305,Fagus sylvatica,ForestWetPoor
1762564,Fagus sylvatica,ForestWetPoor
1762565,Fagus sylvatica,ForestWetPoor
1764581,Fagus sylvatica,ForestWetPoor
1764582,Fagus sylvatica,ForestWetPoor
1764583,Fagus sylvatica,ForestWetPoor
1764584,Fagus sylvatica,ForestWetPoor
1764587,Fagus sylvatica,ForestWetPoor
1764588,Fagus sylvatica,ForestWetPoor
1764589,Fagus sylvatica,ForestWetPoor
1764601,Fagus sylvatica,ForestWetPoor
1764602,Fagus sylvatica,ForestWetPoor
1764604,Fagus sylvatica,ForestWetPoor
1764864,Fagus sylvatica,ForestWetPoor
1764865,Fagus sylvatica,ForestWetPoor
1766878,Fagus sylvatica,ForestWetPoor
1766879,Fagus sylvatica,ForestWetPoor
1766901,Fagus sylvatica,ForestWetPoor
1766918,Fagus sylvatica,ForestWetPoor
1766919,Fagus sylvatica,ForestWetPoor
1766920,Fagus sylvatica,ForestWetPoor
1769177,Fagus sylvatica,ForestWetPoor
1769178,Fagus sylvatica,ForestWetPoor
1769218,Fagus sylvatica,ForestWetPoor
1771474,Fagus sylvatica,ForestWetPoor
1771475,Fagus sylvatica,ForestWetPoor
1771476,Fagus sylvatica,ForestWetPoor
1771477,Fagus sylvatica,ForestWetPoor
1773768,Fagus sylvatica,ForestWetPoor
1773776,Fagus sylvatica,ForestWetPoor
1773777,Fagus sylvatica,ForestWetPoor
1773966,Fagus sylvatica,ForestWetPoor
1776075,Fagus sylvatica,ForestWetPoor
1776076,Fagus sylvatica,ForestWetPoor
1776077,Fagus sylvatica,ForestWetPoor
1778373,Fagus sylvatica,ForestWetPoor
1778375,Fagus sylvatica,ForestWetPoor
1778376,Fagus sylvatica,ForestWetPoor
1778799,Fagus sylvatica,ForestWetPoor
1780809,Fagus sylvatica,ForestWetPoor
1780810,Fagus sylvatica,ForestWetPoor
1781100,Fagus sylvatica,ForestWetPoor
1781101,Fagus sylvatica,ForestWetPoor
1781103,Fagus sylvatica,ForestWetPoor
1782976,Fagus sylvatica,ForestWetPoor
1783108,Fagus sylvatica,ForestWetPoor
1783109,Fagus sylvatica,ForestWetPoor
1783111,Fagus sylvatica,ForestWetPoor
1783400,Fagus sylvatica,ForestWetPoor
1783401,Fagus sylvatica,ForestWetPoor
1785408,Fagus sylvatica,ForestWetPoor
1785409,Fagus sylvatica,ForestWetPoor
1785411,Fagus sylvatica,ForestWetPoor
1787576,Fagus sylvatica,ForestWetPoor
1787709,Fagus sylvatica,ForestWetPoor
1787711,Fagus sylvatica,ForestWetPoor
1790010,Fagus sylvatica,ForestWetPoor
1790011,Fagus sylvatica,ForestWetPoor
1792047,Fagus sylvatica,ForestWetPoor
1792153,Fagus sylvatica,ForestWetPoor
1794471,Fagus sylvatica,ForestWetPoor
1794769,Fagus sylvatica,ForestWetPoor
1796769,Fagus sylvatica,ForestWetPoor
1799060,Fagus sylvatica,ForestWetPoor
1799061,Fagus sylvatica,ForestWetPoor
1799069,Fagus sylvatica,ForestWetPoor
1801359,Fagus sylvatica,ForestWetPoor
1801360,Fagus sylvatica,ForestWetPoor
1801361,Fagus sylvatica,ForestWetPoor
1801362,Fagus sylvatica,ForestWetPoor
1801363,Fagus sylvatica,ForestWetPoor
1801364,Fagus sylvatica,ForestWetPoor
1801367,Fagus sylvatica,ForestWetPoor
1801372,Fagus sylvatica,ForestWetPoor
1803661,Fagus sylvatica,ForestWetPoor
1803662,Fagus sylvatica,ForestWetPoor
1803813,Fagus sylvatica,ForestWetPoor
1803814,Fagus sylvatica,ForestWetPoor
1805962,Fagus sylvatica,ForestWetPoor
1805963,Fagus sylvatica,ForestWetPoor
1806114,Fagus sylvatica,ForestWetPoor
1808414,Fagus sylvatica,ForestWetPoor
1808641,Fagus sylvatica,ForestWetPoor
1808642,Fagus sylvatica,ForestWetPoor
1808643,Fagus sylvatica,ForestWetPoor
1808644,Fagus sylvatica,ForestWetPoor
1810545,Fagus sylvatica,ForestWetPoor
1810943,Fagus sylvatica,ForestWetPoor
1812980,Fagus sylvatica,ForestWetPoor
1815315,Fagus sylvatica,ForestWetPoor
1817776,Fagus sylvatica,ForestWetPoor
1820076,Fagus sylvatica,ForestWetPoor
1820077,Fagus sylvatica,ForestWetPoor
1820078,Fagus sylvatica,ForestWetPoor
1822375,Fagus sylvatica,ForestWetPoor
1822376,Fagus sylvatica,ForestWetPoor
1822377,Fagus sylvatica,ForestWetPoor
1822378,Fagus sylvatica,ForestWetPoor
1822379,Fagus sylvatica,ForestWetPoor
1824514,Fagus sylvatica,ForestWetPoor
1824676,Fagus sylvatica,ForestWetPoor
1824677,Fagus sylvatica,ForestWetPoor
1824678,Fagus sylvatica,ForestWetPoor
1824679,Fagus sylvatica,ForestWetPoor
1826754,Fagus sylvatica,ForestWetPoor
1826755,Fagus sylvatica,ForestWetPoor
1826977,Fagus sylvatica,ForestWetPoor
1826978,Fagus sylvatica,ForestWetPoor
1829054,Fagus sylvatica,ForestWetPoor
1829055,Fagus sylvatica,ForestWetPoor
1831234,Fagus sylvatica,ForestWetPoor
1831235,Fagus sylvatica,ForestWetPoor
1831352,Fagus sylvatica,ForestWetPoor
1831354,Fagus sylvatica,ForestWetPoor
1831355,Fagus sylvatica,ForestWetPoor
1833293,Fagus sylvatica,ForestWetPoor
1833294,Fagus sylvatica,ForestWetPoor
1833534,Fagus sylvatica,ForestWetPoor
1833535,Fagus sylvatica,ForestWetPoor
1833646,Fagus sylvatica,ForestWetPoor
1833650,Fagus sylvatica,ForestWetPoor
1833651,Fagus sylvatica,ForestWetPoor
1833652,Fagus sylvatica,ForestWetPoor
1833653,Fagus sylvatica,ForestWetPoor
1833654,Fagus sylvatica,ForestWetPoor
1835835,Fagus sylvatica,ForestWetPoor
1835836,Fagus sylvatica,ForestWetPoor
1835947,Fagus sylvatica,ForestWetPoor
1835948,Fagus sylvatica,ForestWetPoor
1835949,Fagus sylvatica,ForestWetPoor
1838244,Fagus sylvatica,ForestWetPoor
1838247,Fagus sylvatica,ForestWetPoor
1840538,Fagus sylvatica,ForestWetPoor
1840611,Fagus sylvatica,ForestWetPoor
1842734,Fagus sylvatica,ForestWetPoor
1844711,Fagus sylvatica,ForestWetPoor
1845040,Fagus sylvatica,ForestWetPoor
1845129,Fagus sylvatica,ForestWetPoor
1845211,Fagus sylvatica,ForestWetPoor
1845212,Fagus sylvatica,ForestWetPoor
1847010,Fagus sylvatica,ForestWetPoor
1847332,Fagus sylvatica,ForestWetPoor
1847333,Fagus sylvatica,ForestWetPoor
1847338,Fagus sylvatica,ForestWetPoor
1847339,Fagus sylvatica,ForestWetPoor
1847428,Fagus sylvatica,ForestWetPoor
1847430,Fagus sylvatica,ForestWetPoor
1847511,Fagus sylvatica,ForestWetPoor
1849637,Fagus sylvatica,ForestWetPoor
1851610,Fagus sylvatica,ForestWetPoor
1851611,Fagus sylvatica,ForestWetPoor
1851612,Fagus sylvatica,ForestWetPoor
1852149,Fagus sylvatica,ForestWetPoor
1853910,Fagus sylvatica,ForestWetPoor
1853911,Fagus sylvatica,ForestWetPoor
1853912,Fagus sylvatica,ForestWetPoor
1853913,Fagus sylvatica,ForestWetPoor
1859249,Fagus sylvatica,ForestWetPoor
1859264,Fagus sylvatica,ForestWetPoor
1861551,Fagus sylvatica,ForestWetPoor
1863625,Fagus sylvatica,ForestWetPoor
1863847,Fagus sylvatica,ForestWetPoor
1865533,Fagus sylvatica,ForestWetPoor
1865534,Fagus sylvatica,ForestWetPoor
1865535,Fagus sylvatica,ForestWetPoor
1865536,Fagus sylvatica,ForestWetPoor
1865538,Fagus sylvatica,ForestWetPoor
1865622,Fagus sylvatica,ForestWetPoor
1865923,Fagus sylvatica,ForestWetPoor
1865928,Fagus sylvatica,ForestWetPoor
1866147,Fagus sylvatica,ForestWetPoor
1866148,Fagus sylvatica,ForestWetPoor
1866149,Fagus sylvatica,ForestWetPoor
1866150,Fagus sylvatica,ForestWetPoor
1866151,Fagus sylvatica,ForestWetPoor
1867827,Fagus sylvatica,ForestWetPoor
1867835,Fagus sylvatica,ForestWetPoor
1868223,Fagus sylvatica,ForestWetPoor
1868231,Fagus sylvatica,ForestWetPoor
1868233,Fagus sylvatica,ForestWetPoor
1868450,Fagus sylvatica,ForestWetPoor
1870535,Fagus sylvatica,ForestWetPoor
1872438,Fagus sylvatica,ForestWetPoor
1872825,Fagus sylvatica,ForestWetPoor
1872833,Fagus sylvatica,ForestWetPoor
1875127,Fagus sylvatica,ForestWetPoor
1875128,Fagus sylvatica,ForestWetPoor
1875129,Fagus sylvatica,ForestWetPoor
1875130,Fagus sylvatica,ForestWetPoor
1875134,Fagus sylvatica,ForestWetPoor
1875143,Fagus sylvatica,ForestWetPoor
1877428,Fagus sylvatica,ForestWetPoor
1877429,Fagus sylvatica,ForestWetPoor
1877430,Fagus sylvatica,ForestWetPoor
1877431,Fagus sylvatica,ForestWetPoor
1877432,Fagus sylvatica,ForestWetPoor
1877443,Fagus sylvatica,ForestWetPoor
1877444,Fagus sylvatica,ForestWetPoor
1879415,Fagus sylvatica,ForestWetPoor
1879417,Fagus sylvatica,ForestWetPoor
1879744,Fagus sylvatica,ForestWetPoor
1882039,Fagus sylvatica,ForestWetPoor
1884317,Fagus sylvatica,ForestWetPoor
1884569,Fagus sylvatica,ForestWetPoor
1884570,Fagus sylvatica,ForestWetPoor
1884572,Fagus sylvatica,ForestWetPoor
1886617,Fagus sylvatica,ForestWetPoor
1886869,Fagus sylvatica,ForestWetPoor
1888929,Fagus sylvatica,ForestWetPoor
1891469,Fagus sylvatica,ForestWetPoor
1891470,Fagus sylvatica,ForestWetPoor
1891471,Fagus sylvatica,ForestWetPoor
1893027,Fagus sylvatica,ForestWetPoor
1893028,Fagus sylvatica,ForestWetPoor
1895326,Fagus sylvatica,ForestWetPoor
1895327,Fagus sylvatica,ForestWetPoor
1898116,Fagus sylvatica,ForestWetPoor
1899867,Fagus sylvatica,ForestWetPoor
1899928,Fagus sylvatica,ForestWetPoor
1900415,Fagus sylvatica,ForestWetPoor
1902227,Fagus sylvatica,ForestWetPoor
1902228,Fagus sylvatica,ForestWetPoor
1902610,Fagus sylvatica,ForestWetPoor
1902742,Fagus sylvatica,ForestWetPoor
1902743,Fagus sylvatica,ForestWetPoor
1902744,Fagus sylvatica,ForestWetPoor
1904910,Fagus sylvatica,ForestWetPoor
1905014,Fagus sylvatica,ForestWetPoor
1905042,Fagus sylvatica,ForestWetPoor
1905043,Fagus sylvatica,ForestWetPoor
1905046,Fagus sylvatica,ForestWetPoor
1907313,Fagus sylvatica,ForestWetPoor
1907344,Fagus sylvatica,ForestWetPoor
1907345,Fagus sylvatica,ForestWetPoor
1907346,Fagus sylvatica,ForestWetPoor
1909612,Fagus sylvatica,ForestWetPoor
1911818,Fagus sylvatica,ForestWetPoor
1914212,Fagus sylvatica,ForestWetPoor
1914505,Fagus sylvatica,ForestWetPoor
1916414,Fagus sylvatica,ForestWetPoor
1916513,Fagus sylvatica,ForestWetPoor
1918813,Fagus sylvatica,ForestWetPoor
1925389,Fagus sylvatica,ForestWetPoor
1927690,Fagus sylvatica,ForestWetPoor
1927914,Fagus sylvatica,ForestWetPoor
1928186,Fagus sylvatica,ForestWetPoor
1929991,Fagus sylvatica,ForestWetPoor
1930486,Fagus sylvatica,ForestWetPoor
1932291,Fagus sylvatica,ForestWetPoor
1932785,Fagus sylvatica,ForestWetPoor
1934829,Fagus sylvatica,ForestWetPoor
1934830,Fagus sylvatica,ForestWetPoor
1941957,Fagus sylvatica,ForestWetPoor
1941958,Fagus sylvatica,ForestWetPoor
1946590,Fagus sylvatica,ForestWetPoor
1950934,Fagus sylvatica,ForestWetPoor
1951201,Fagus sylvatica,ForestWetPoor
1953501,Fagus sylvatica,ForestWetPoor
1962772,Fagus sylvatica,ForestWetPoor
1965063,Fagus sylvatica,ForestWetPoor
1967363,Fagus sylvatica,ForestWetPoor
1967364,Fagus sylvatica,ForestWetPoor
1967377,Fagus sylvatica,ForestWetPoor
1969333,Fagus sylvatica,ForestWetPoor
1969663,Fagus sylvatica,ForestWetPoor
1969664,Fagus sylvatica,ForestWetPoor
1969665,Fagus sylvatica,ForestWetPoor
1969667,Fagus sylvatica,ForestWetPoor
1969673,Fagus sylvatica,ForestWetPoor
1969674,Fagus sylvatica,ForestWetPoor
1971630,Fagus sylvatica,ForestWetPoor
1971928,Fagus sylvatica,ForestWetPoor
1971973,Fagus sylvatica,ForestWetPoor
1974228,Fagus sylvatica,ForestWetPoor
1974229,Fagus sylvatica,ForestWetPoor
1976221,Fagus sylvatica,ForestWetPoor
1980808,Fagus sylvatica,ForestWetPoor
1980809,Fagus sylvatica,ForestWetPoor
1981004,Fagus sylvatica,ForestWetPoor
1981005,Fagus sylvatica,ForestWetPoor
1983107,Fagus sylvatica,ForestWetPoor
1983110,Fagus sylvatica,ForestWetPoor
1983183,Fagus sylvatica,ForestWetPoor
1985785,Fagus sylvatica,ForestWetPoor
1987707,Fagus sylvatica,ForestWetPoor
1987708,Fagus sylvatica,ForestWetPoor
1988084,Fagus sylvatica,ForestWetPoor
1988085,Fagus sylvatica,ForestWetPoor
1990079,Fagus sylvatica,ForestWetPoor
1990245,Fagus sylvatica,ForestWetPoor
1990384,Fagus sylvatica,ForestWetPoor
1994687,Fagus sylvatica,ForestWetPoor
1994927,Fagus sylvatica,ForestWetPoor
1996882,Fagus sylvatica,ForestWetPoor
1996884,Fagus sylvatica,ForestWetPoor
1997231,Fagus sylvatica,ForestWetPoor
1999181,Fagus sylvatica,ForestWetPoor
1999531,Fagus sylvatica,ForestWetPoor
2001126,Fagus sylvatica,ForestWetPoor
2001481,Fagus sylvatica,ForestWetPoor
2001582,Fagus sylvatica,ForestWetPoor
2003426,Fagus sylvatica,ForestWetPoor
2003777,Fagus sylvatica,ForestWetPoor
2005726,Fagus sylvatica,ForestWetPoor
2006076,Fagus sylvatica,ForestWetPoor
2006077,Fagus sylvatica,ForestWetPoor
2006078,Fagus sylvatica,ForestWetPoor
2006424,Fagus sylvatica,ForestWetPoor
2006425,Fagus sylvatica,ForestWetPoor
2008026,Fagus sylvatica,ForestWetPoor
2008027,Fagus sylvatica,ForestWetPoor
2008375,Fagus sylvatica,ForestWetPoor
2008724,Fagus sylvatica,ForestWetPoor
2008725,Fagus sylvatica,ForestWetPoor
2008726,Fagus sylvatica,ForestWetPoor
2010326,Fagus sylvatica,ForestWetPoor
2011022,Fagus sylvatica,ForestWetPoor
2011023,Fagus sylvatica,ForestWetPoor
2011025,Fagus sylvatica,ForestWetPoor
2011027,Fagus sylvatica,ForestWetPoor
2011028,Fagus sylvatica,ForestWetPoor
2013319,Fagus sylvatica,ForestWetPoor
2013320,Fagus sylvatica,ForestWetPoor
2013321,Fagus sylvatica,ForestWetPoor
2013322,Fagus sylvatica,ForestWetPoor
2013323,Fagus sylvatica,ForestWetPoor
2013324,Fagus sylvatica,ForestWetPoor
2013325,Fagus sylvatica,ForestWetPoor
2013326,Fagus sylvatica,ForestWetPoor
2013327,Fagus sylvatica,ForestWetPoor
2013328,Fagus sylvatica,ForestWetPoor
2015619,Fagus sylvatica,ForestWetPoor
2015620,Fagus sylvatica,ForestWetPoor
2015621,Fagus sylvatica,ForestWetPoor
2015622,Fagus sylvatica,ForestWetPoor
2015623,Fagus sylvatica,ForestWetPoor
2015624,Fagus sylvatica,ForestWetPoor
2015625,Fagus sylvatica,ForestWetPoor
2015626,Fagus sylvatica,ForestWetPoor
2015627,Fagus sylvatica,ForestWetPoor
2015657,Fagus sylvatica,ForestWetPoor
2017295,Fagus sylvatica,ForestWetPoor
2017916,Fagus sylvatica,ForestWetPoor
2017918,Fagus sylvatica,ForestWetPoor
2017920,Fagus sylvatica,ForestWetPoor
2017921,Fagus sylvatica,ForestWetPoor
2017922,Fagus sylvatica,ForestWetPoor
2017923,Fagus sylvatica,ForestWetPoor
2017924,Fagus sylvatica,ForestWetPoor
2017925,Fagus sylvatica,ForestWetPoor
2017927,Fagus sylvatica,ForestWetPoor
2019965,Fagus sylvatica,ForestWetPoor
2020216,Fagus sylvatica,ForestWetPoor
2020217,Fagus sylvatica,ForestWetPoor
2020219,Fagus sylvatica,ForestWetPoor
2020220,Fagus sylvatica,ForestWetPoor
2020221,Fagus sylvatica,ForestWetPoor
2020222,Fagus sylvatica,ForestWetPoor
2020223,Fagus sylvatica,ForestWetPoor
2020225,Fagus sylvatica,ForestWetPoor
2022266,Fagus sylvatica,ForestWetPoor
2022267,Fagus sylvatica,ForestWetPoor
2022515,Fagus sylvatica,ForestWetPoor
2022516,Fagus sylvatica,ForestWetPoor
2022519,Fagus sylvatica,ForestWetPoor
2022520,Fagus sylvatica,ForestWetPoor
2022522,Fagus sylvatica,ForestWetPoor
2022523,Fagus sylvatica,ForestWetPoor
2022525,Fagus sylvatica,ForestWetPoor
2024819,Fagus sylvatica,ForestWetPoor
2024820,Fagus sylvatica,ForestWetPoor
2024821,Fagus sylvatica,ForestWetPoor
2024822,Fagus sylvatica,ForestWetPoor
2024823,Fagus sylvatica,ForestWetPoor
2024824,Fagus sylvatica,ForestWetPoor
2027120,Fagus sylvatica,ForestWetPoor
2027122,Fagus sylvatica,ForestWetPoor
2027123,Fagus sylvatica,ForestWetPoor
2027124,Fagus sylvatica,ForestWetPoor
2029159,Fagus sylvatica,ForestWetPoor
2029420,Fagus sylvatica,ForestWetPoor
2031458,Fagus sylvatica,ForestWetPoor
2031459,Fagus sylvatica,ForestWetPoor
2031722,Fagus sylvatica,ForestWetPoor
2031723,Fagus sylvatica,ForestWetPoor
2033322,Fagus sylvatica,ForestWetPoor
2033323,Fagus sylvatica,ForestWetPoor
2033324,Fagus sylvatica,ForestWetPoor
2033756,Fagus sylvatica,ForestWetPoor
2035621,Fagus sylvatica,ForestWetPoor
2035624,Fagus sylvatica,ForestWetPoor
2036055,Fagus sylvatica,ForestWetPoor
2037920,Fagus sylvatica,ForestWetPoor
2037921,Fagus sylvatica,ForestWetPoor
2037922,Fagus sylvatica,ForestWetPoor
2037923,Fagus sylvatica,ForestWetPoor
2037924,Fagus sylvatica,ForestWetPoor
2040221,Fagus sylvatica,ForestWetPoor
2040222,Fagus sylvatica,ForestWetPoor
2040223,Fagus sylvatica,ForestWetPoor
2044819,Fagus sylvatica,ForestWetPoor
2047119,Fagus sylvatica,ForestWetPoor
2047122,Fagus sylvatica,ForestWetPoor
2049420,Fagus sylvatica,ForestWetPoor
2049422,Fagus sylvatica,ForestWetPoor
2051719,Fagus sylvatica,ForestWetPoor
2051721,Fagus sylvatica,ForestWetPoor
2051722,Fagus sylvatica,ForestWetPoor
2054019,Fagus sylvatica,ForestWetPoor
2054020,Fagus sylvatica,ForestWetPoor
2058617,Fagus sylvatica,ForestWetPoor
2060921,Fagus sylvatica,ForestWetPoor
2065950,Fagus sylvatica,ForestWetPoor
2065951,Fagus sylvatica,ForestWetPoor
2068250,Fagus sylvatica,ForestWetPoor
2084350,Fagus sylvatica,ForestWetPoor
2086215,Fagus sylvatica,ForestWetPoor
2086216,Fagus sylvatica,ForestWetPoor
2088517,Fagus sylvatica,ForestWetPoor
2090816,Fagus sylvatica,ForestWetPoor
2090817,Fagus sylvatica,ForestWetPoor
2090818,Fagus sylvatica,ForestWetPoor
2091142,Fagus sylvatica,ForestWetPoor
2093117,Fagus sylvatica,ForestWetPoor
2095413,Fagus sylvatica,ForestWetPoor
2095414,Fagus sylvatica,ForestWetPoor
2095415,Fagus sylvatica,ForestWetPoor
2095416,Fagus sylvatica,ForestWetPoor
2095417,Fagus sylvatica,ForestWetPoor
2097713,Fagus sylvatica,ForestWetPoor
2097714,Fagus sylvatica,ForestWetPoor
2097716,Fagus sylvatica,ForestWetPoor
2097717,Fagus sylvatica,ForestWetPoor
2100014,Fagus sylvatica,ForestWetPoor
2100016,Fagus sylvatica,ForestWetPoor
2100017,Fagus sylvatica,ForestWetPoor
2100261,Fagus sylvatica,ForestWetPoor
2102315,Fagus sylvatica,ForestWetPoor
2102560,Fagus sylvatica,ForestWetPoor
2102561,Fagus sylvatica,ForestWetPoor
2104861,Fagus sylvatica,ForestWetPoor
2104862,Fagus sylvatica,ForestWetPoor
2107164,Fagus sylvatica,ForestWetPoor
2107165,Fagus sylvatica,ForestWetPoor
2109395,Fagus sylvatica,ForestWetPoor
2109585,Fagus sylvatica,ForestWetPoor
2111524,Fagus sylvatica,ForestWetPoor
2111694,Fagus sylvatica,ForestWetPoor
2111928,Fagus sylvatica,ForestWetPoor
2113992,Fagus sylvatica,ForestWetPoor
2113993,Fagus sylvatica,ForestWetPoor
2114247,Fagus sylvatica,ForestWetPoor
2114248,Fagus sylvatica,ForestWetPoor
2114250,Fagus sylvatica,ForestWetPoor
2114251,Fagus sylvatica,ForestWetPoor
2116563,Fagus sylvatica,ForestWetPoor
2118860,Fagus sylvatica,ForestWetPoor
2118861,Fagus sylvatica,ForestWetPoor
2120908,Fagus sylvatica,ForestWetPoor
2123208,Fagus sylvatica,ForestWetPoor
2123209,Fagus sylvatica,ForestWetPoor
2123569,Fagus sylvatica,ForestWetPoor
2123572,Fagus sylvatica,ForestWetPoor
2125507,Fagus sylvatica,ForestWetPoor
2125508,Fagus sylvatica,ForestWetPoor
2125509,Fagus sylvatica,ForestWetPoor
2125518,Fagus sylvatica,ForestWetPoor
2125869,Fagus sylvatica,ForestWetPoor
2125870,Fagus sylvatica,ForestWetPoor
2125871,Fagus sylvatica,ForestWetPoor
2127810,Fagus sylvatica,ForestWetPoor
2128186,Fagus sylvatica,ForestWetPoor
2128187,Fagus sylvatica,ForestWetPoor
2129905,Fagus sylvatica,ForestWetPoor
2130473,Fagus sylvatica,ForestWetPoor
2132622,Fagus sylvatica,ForestWetPoor
2132623,Fagus sylvatica,ForestWetPoor
2132624,Fagus sylvatica,ForestWetPoor
2132625,Fagus sylvatica,ForestWetPoor
2132771,Fagus sylvatica,ForestWetPoor
2134924,Fagus sylvatica,ForestWetPoor
2134925,Fagus sylvatica,ForestWetPoor
2135069,Fagus sylvatica,ForestWetPoor
2135094,Fagus sylvatica,ForestWetPoor
2136814,Fagus sylvatica,ForestWetPoor
2137384,Fagus sylvatica,ForestWetPoor
2137385,Fagus sylvatica,ForestWetPoor
2139113,Fagus sylvatica,ForestWetPoor
2139344,Fagus sylvatica,ForestWetPoor
2139529,Fagus sylvatica,ForestWetPoor
2139685,Fagus sylvatica,ForestWetPoor
2139686,Fagus sylvatica,ForestWetPoor
2139687,Fagus sylvatica,ForestWetPoor
2141642,Fagus sylvatica,ForestWetPoor
2141643,Fagus sylvatica,ForestWetPoor
2141644,Fagus sylvatica,ForestWetPoor
2141645,Fagus sylvatica,ForestWetPoor
2143710,Fagus sylvatica,ForestWetPoor
2143711,Fagus sylvatica,ForestWetPoor
2143712,Fagus sylvatica,ForestWetPoor
2144285,Fagus sylvatica,ForestWetPoor
2144286,Fagus sylvatica,ForestWetPoor
2146009,Fagus sylvatica,ForestWetPoor
2146010,Fagus sylvatica,ForestWetPoor
2146011,Fagus sylvatica,ForestWetPoor
2146012,Fagus sylvatica,ForestWetPoor
2146586,Fagus sylvatica,ForestWetPoor
2147293,Fagus sylvatica,ForestWetPoor
2147294,Fagus sylvatica,ForestWetPoor
2148309,Fagus sylvatica,ForestWetPoor
2148312,Fagus sylvatica,ForestWetPoor
2148313,Fagus sylvatica,ForestWetPoor
2148674,Fagus sylvatica,ForestWetPoor
2149591,Fagus sylvatica,ForestWetPoor
2149593,Fagus sylvatica,ForestWetPoor
2149594,Fagus sylvatica,ForestWetPoor
2150611,Fagus sylvatica,ForestWetPoor
2150612,Fagus sylvatica,ForestWetPoor
2150613,Fagus sylvatica,ForestWetPoor
2150971,Fagus sylvatica,ForestWetPoor
2151030,Fagus sylvatica,ForestWetPoor
2151031,Fagus sylvatica,ForestWetPoor
2151884,Fagus sylvatica,ForestWetPoor
2151891,Fagus sylvatica,ForestWetPoor
2151894,Fagus sylvatica,ForestWetPoor
2152911,Fagus sylvatica,ForestWetPoor
2152912,Fagus sylvatica,ForestWetPoor
2154195,Fagus sylvatica,ForestWetPoor
2154198,Fagus sylvatica,ForestWetPoor
2155208,Fagus sylvatica,ForestWetPoor
2155660,Fagus sylvatica,ForestWetPoor
2156486,Fagus sylvatica,ForestWetPoor
2156495,Fagus sylvatica,ForestWetPoor
2157506,Fagus sylvatica,ForestWetPoor
2157507,Fagus sylvatica,ForestWetPoor
2157508,Fagus sylvatica,ForestWetPoor
2157509,Fagus sylvatica,ForestWetPoor
2157958,Fagus sylvatica,ForestWetPoor
2157959,Fagus sylvatica,ForestWetPoor
2157961,Fagus sylvatica,ForestWetPoor
2158716,Fagus sylvatica,ForestWetPoor
2158717,Fagus sylvatica,ForestWetPoor
2158799,Fagus sylvatica,ForestWetPoor
2158801,Fagus sylvatica,ForestWetPoor
2158804,Fagus sylvatica,ForestWetPoor
2160213,Fagus sylvatica,ForestWetPoor
2160259,Fagus sylvatica,ForestWetPoor
2160260,Fagus sylvatica,ForestWetPoor
2161081,Fagus sylvatica,ForestWetPoor
2161094,Fagus sylvatica,ForestWetPoor
2161096,Fagus sylvatica,ForestWetPoor
2161097,Fagus sylvatica,ForestWetPoor
2162106,Fagus sylvatica,ForestWetPoor
2162108,Fagus sylvatica,ForestWetPoor
2162109,Fagus sylvatica,ForestWetPoor
2162513,Fagus sylvatica,ForestWetPoor
2163395,Fagus sylvatica,ForestWetPoor
2163397,Fagus sylvatica,ForestWetPoor
2163398,Fagus sylvatica,ForestWetPoor
2164406,Fagus sylvatica,ForestWetPoor
2164407,Fagus sylvatica,ForestWetPoor
2164409,Fagus sylvatica,ForestWetPoor
2164700,Fagus sylvatica,ForestWetPoor
2165695,Fagus sylvatica,ForestWetPoor
2165696,Fagus sylvatica,ForestWetPoor
2167000,Fagus sylvatica,ForestWetPoor
2167995,Fagus sylvatica,ForestWetPoor
2169300,Fagus sylvatica,ForestWetPoor
2169306,Fagus sylvatica,ForestWetPoor
2169309,Fagus sylvatica,ForestWetPoor
2169544,Fagus sylvatica,ForestWetPoor
2169545,Fagus sylvatica,ForestWetPoor
2170281,Fagus sylvatica,ForestWetPoor
2170295,Fagus sylvatica,ForestWetPoor
2171602,Fagus sylvatica,ForestWetPoor
2171606,Fagus sylvatica,ForestWetPoor
2171607,Fagus sylvatica,ForestWetPoor
2171609,Fagus sylvatica,ForestWetPoor
2172583,Fagus sylvatica,ForestWetPoor
2173904,Fagus sylvatica,ForestWetPoor
2173905,Fagus sylvatica,ForestWetPoor
2173908,Fagus sylvatica,ForestWetPoor
2173910,Fagus sylvatica,ForestWetPoor
2174094,Fagus sylvatica,ForestWetPoor
2174095,Fagus sylvatica,ForestWetPoor
2174096,Fagus sylvatica,ForestWetPoor
2174142,Fagus sylvatica,ForestWetPoor
2174884,Fagus sylvatica,ForestWetPoor
2176206,Fagus sylvatica,ForestWetPoor
2176208,Fagus sylvatica,ForestWetPoor
2176209,Fagus sylvatica,ForestWetPoor
2176394,Fagus sylvatica,ForestWetPoor
2176442,Fagus sylvatica,ForestWetPoor
2177183,Fagus sylvatica,ForestWetPoor
2177201,Fagus sylvatica,ForestWetPoor
2178507,Fagus sylvatica,ForestWetPoor
2178508,Fagus sylvatica,ForestWetPoor
2178680,Fagus sylvatica,ForestWetPoor
2179480,Fagus sylvatica,ForestWetPoor
2179534,Fagus sylvatica,ForestWetPoor
2180803,Fagus sylvatica,ForestWetPoor
2180806,Fagus sylvatica,ForestWetPoor
2180808,Fagus sylvatica,ForestWetPoor
2180809,Fagus sylvatica,ForestWetPoor
2180963,Fagus sylvatica,ForestWetPoor
2180978,Fagus sylvatica,ForestWetPoor
2180980,Fagus sylvatica,ForestWetPoor
2180981,Fagus sylvatica,ForestWetPoor
2183119,Fagus sylvatica,ForestWetPoor
2183265,Fagus sylvatica,ForestWetPoor
2183281,Fagus sylvatica,ForestWetPoor
2185564,Fagus sylvatica,ForestWetPoor
2185579,Fagus sylvatica,ForestWetPoor
2186436,Fagus sylvatica,ForestWetPoor
2187719,Fagus sylvatica,ForestWetPoor
2188735,Fagus sylvatica,ForestWetPoor
2188736,Fagus sylvatica,ForestWetPoor
2188737,Fagus sylvatica,ForestWetPoor
2188738,Fagus sylvatica,ForestWetPoor
2191035,Fagus sylvatica,ForestWetPoor
2191036,Fagus sylvatica,ForestWetPoor
2191037,Fagus sylvatica,ForestWetPoor
2191038,Fagus sylvatica,ForestWetPoor
2193336,Fagus sylvatica,ForestWetPoor
2193337,Fagus sylvatica,ForestWetPoor
2193338,Fagus sylvatica,ForestWetPoor
2195583,Fagus sylvatica,ForestWetPoor
2196865,Fagus sylvatica,ForestWetPoor
2197882,Fagus sylvatica,ForestWetPoor
2199165,Fagus sylvatica,ForestWetPoor
2200187,Fagus sylvatica,ForestWetPoor
2202487,Fagus sylvatica,ForestWetPoor
2203514,Fagus sylvatica,ForestWetPoor
2203764,Fagus sylvatica,ForestWetPoor
2204106,Fagus sylvatica,ForestWetPoor
2204787,Fagus sylvatica,ForestWetPoor
2206063,Fagus sylvatica,ForestWetPoor
2206418,Fagus sylvatica,ForestWetPoor
2207053,Fagus sylvatica,ForestWetPoor
2207087,Fagus sylvatica,ForestWetPoor
2208115,Fagus sylvatica,ForestWetPoor
2209303,Fagus sylvatica,ForestWetPoor
2209386,Fagus sylvatica,ForestWetPoor
2209387,Fagus sylvatica,ForestWetPoor
2210415,Fagus sylvatica,ForestWetPoor
2211652,Fagus sylvatica,ForestWetPoor
2211686,Fagus sylvatica,ForestWetPoor
2211687,Fagus sylvatica,ForestWetPoor
2213960,Fagus sylvatica,ForestWetPoor
2213985,Fagus sylvatica,ForestWetPoor
2213986,Fagus sylvatica,ForestWetPoor
2213994,Fagus sylvatica,ForestWetPoor
2214040,Fagus sylvatica,ForestWetPoor
2215476,Fagus sylvatica,ForestWetPoor
2216294,Fagus sylvatica,ForestWetPoor
2217326,Fagus sylvatica,ForestWetPoor
2218498,Fagus sylvatica,ForestWetPoor
2220797,Fagus sylvatica,ForestWetPoor
2220799,Fagus sylvatica,ForestWetPoor
2220800,Fagus sylvatica,ForestWetPoor
2222043,Fagus sylvatica,ForestWetPoor
2222373,Fagus sylvatica,ForestWetPoor
2222378,Fagus sylvatica,ForestWetPoor
2223082,Fagus sylvatica,ForestWetPoor
2223096,Fagus sylvatica,ForestWetPoor
2224343,Fagus sylvatica,ForestWetPoor
2224673,Fagus sylvatica,ForestWetPoor
2224674,Fagus sylvatica,ForestWetPoor
2225473,Fagus sylvatica,ForestWetPoor
2226643,Fagus sylvatica,ForestWetPoor
2229291,Fagus sylvatica,ForestWetPoor
2229997,Fagus sylvatica,ForestWetPoor
2232370,Fagus sylvatica,ForestWetPoor
2233891,Fagus sylvatica,ForestWetPoor
2234670,Fagus sylvatica,ForestWetPoor
2236191,Fagus sylvatica,ForestWetPoor
2236192,Fagus sylvatica,ForestWetPoor
2236193,Fagus sylvatica,ForestWetPoor
2236872,Fagus sylvatica,ForestWetPoor
2238429,Fagus sylvatica,ForestWetPoor
2238492,Fagus sylvatica,ForestWetPoor
2238493,Fagus sylvatica,ForestWetPoor
2238494,Fagus sylvatica,ForestWetPoor
2239257,Fagus sylvatica,ForestWetPoor
2240734,Fagus sylvatica,ForestWetPoor
2240736,Fagus sylvatica,ForestWetPoor
2240793,Fagus sylvatica,ForestWetPoor
2240815,Fagus sylvatica,ForestWetPoor
2240818,Fagus sylvatica,ForestWetPoor
2240819,Fagus sylvatica,ForestWetPoor
2240820,Fagus sylvatica,ForestWetPoor
2241484,Fagus sylvatica,ForestWetPoor
2241575,Fagus sylvatica,ForestWetPoor
2241576,Fagus sylvatica,ForestWetPoor
2242978,Fagus sylvatica,ForestWetPoor
2243017,Fagus sylvatica,ForestWetPoor
2243018,Fagus sylvatica,ForestWetPoor
2243026,Fagus sylvatica,ForestWetPoor
2243028,Fagus sylvatica,ForestWetPoor
2243036,Fagus sylvatica,ForestWetPoor
2243116,Fagus sylvatica,ForestWetPoor
2243118,Fagus sylvatica,ForestWetPoor
2243119,Fagus sylvatica,ForestWetPoor
2243857,Fagus sylvatica,ForestWetPoor
2243875,Fagus sylvatica,ForestWetPoor
2245279,Fagus sylvatica,ForestWetPoor
2245299,Fagus sylvatica,ForestWetPoor
2245300,Fagus sylvatica,ForestWetPoor
2245326,Fagus sylvatica,ForestWetPoor
2245393,Fagus sylvatica,ForestWetPoor
2245394,Fagus sylvatica,ForestWetPoor
2246157,Fagus sylvatica,ForestWetPoor
2246158,Fagus sylvatica,ForestWetPoor
2246175,Fagus sylvatica,ForestWetPoor
2246176,Fagus sylvatica,ForestWetPoor
2247577,Fagus sylvatica,ForestWetPoor
2247579,Fagus sylvatica,ForestWetPoor
2247599,Fagus sylvatica,ForestWetPoor
2247600,Fagus sylvatica,ForestWetPoor
2247601,Fagus sylvatica,ForestWetPoor
2247631,Fagus sylvatica,ForestWetPoor
2247693,Fagus sylvatica,ForestWetPoor
2248459,Fagus sylvatica,ForestWetPoor
2248474,Fagus sylvatica,ForestWetPoor
2248475,Fagus sylvatica,ForestWetPoor
2248477,Fagus sylvatica,ForestWetPoor
2249875,Fagus sylvatica,ForestWetPoor
2249895,Fagus sylvatica,ForestWetPoor
2249904,Fagus sylvatica,ForestWetPoor
2249905,Fagus sylvatica,ForestWetPoor
2249930,Fagus sylvatica,ForestWetPoor
2249992,Fagus sylvatica,ForestWetPoor
2249993,Fagus sylvatica,ForestWetPoor
2250002,Fagus sylvatica,ForestWetPoor
2250759,Fagus sylvatica,ForestWetPoor
2250760,Fagus sylvatica,ForestWetPoor
2252174,Fagus sylvatica,ForestWetPoor
2252175,Fagus sylvatica,ForestWetPoor
2252203,Fagus sylvatica,ForestWetPoor
2252204,Fagus sylvatica,ForestWetPoor
2252302,Fagus sylvatica,ForestWetPoor
2252303,Fagus sylvatica,ForestWetPoor
2252306,Fagus sylvatica,ForestWetPoor
2252307,Fagus sylvatica,ForestWetPoor
2254471,Fagus sylvatica,ForestWetPoor
2254473,Fagus sylvatica,ForestWetPoor
2256773,Fagus sylvatica,ForestWetPoor
2256838,Fagus sylvatica,ForestWetPoor
2257702,Fagus sylvatica,ForestWetPoor
2257742,Fagus sylvatica,ForestWetPoor
2259072,Fagus sylvatica,ForestWetPoor
2259102,Fagus sylvatica,ForestWetPoor
2259138,Fagus sylvatica,ForestWetPoor
2259964,Fagus sylvatica,ForestWetPoor
2260043,Fagus sylvatica,ForestWetPoor
2261394,Fagus sylvatica,ForestWetPoor
2261402,Fagus sylvatica,ForestWetPoor
2261437,Fagus sylvatica,ForestWetPoor
2261443,Fagus sylvatica,ForestWetPoor
2261445,Fagus sylvatica,ForestWetPoor
2261446,Fagus sylvatica,ForestWetPoor
2261447,Fagus sylvatica,ForestWetPoor
2261448,Fagus sylvatica,ForestWetPoor
2262265,Fagus sylvatica,ForestWetPoor
2263678,Fagus sylvatica,ForestWetPoor
2263738,Fagus sylvatica,ForestWetPoor
2263744,Fagus sylvatica,ForestWetPoor
2263745,Fagus sylvatica,ForestWetPoor
2263746,Fagus sylvatica,ForestWetPoor
2263748,Fagus sylvatica,ForestWetPoor
2265745,Fagus sylvatica,ForestWetPoor
2266036,Fagus sylvatica,ForestWetPoor
2266042,Fagus sylvatica,ForestWetPoor
2266781,Fagus sylvatica,ForestWetPoor
2266782,Fagus sylvatica,ForestWetPoor
2266783,Fagus sylvatica,ForestWetPoor
2266866,Fagus sylvatica,ForestWetPoor
2268342,Fagus sylvatica,ForestWetPoor
2268344,Fagus sylvatica,ForestWetPoor
2269082,Fagus sylvatica,ForestWetPoor
2269083,Fagus sylvatica,ForestWetPoor
2269084,Fagus sylvatica,ForestWetPoor
2270239,Fagus sylvatica,ForestWetPoor
2270240,Fagus sylvatica,ForestWetPoor
2270241,Fagus sylvatica,ForestWetPoor
2271383,Fagus sylvatica,ForestWetPoor
2271478,Fagus sylvatica,ForestWetPoor
2272540,Fagus sylvatica,ForestWetPoor
2272950,Fagus sylvatica,ForestWetPoor
2274838,Fagus sylvatica,ForestWetPoor
2274839,Fagus sylvatica,ForestWetPoor
2275237,Fagus sylvatica,ForestWetPoor
2275239,Fagus sylvatica,ForestWetPoor
2275331,Fagus sylvatica,ForestWetPoor
2275967,Fagus sylvatica,ForestWetPoor
2277139,Fagus sylvatica,ForestWetPoor
2277140,Fagus sylvatica,ForestWetPoor
2277536,Fagus sylvatica,ForestWetPoor
2278268,Fagus sylvatica,ForestWetPoor
2278347,Fagus sylvatica,ForestWetPoor
2278348,Fagus sylvatica,ForestWetPoor
2278349,Fagus sylvatica,ForestWetPoor
2278350,Fagus sylvatica,ForestWetPoor
2279439,Fagus sylvatica,ForestWetPoor
2279440,Fagus sylvatica,ForestWetPoor
2279837,Fagus sylvatica,ForestWetPoor
2279913,Fagus sylvatica,ForestWetPoor
2280568,Fagus sylvatica,ForestWetPoor
2282152,Fagus sylvatica,ForestWetPoor
2282868,Fagus sylvatica,ForestWetPoor
2282869,Fagus sylvatica,ForestWetPoor
2282949,Fagus sylvatica,ForestWetPoor
2284437,Fagus sylvatica,ForestWetPoor
2284438,Fagus sylvatica,ForestWetPoor
2284440,Fagus sylvatica,ForestWetPoor
2285169,Fagus sylvatica,ForestWetPoor
2285248,Fagus sylvatica,ForestWetPoor
2285249,Fagus sylvatica,ForestWetPoor
2286741,Fagus sylvatica,ForestWetPoor
2286742,Fagus sylvatica,ForestWetPoor
2287469,Fagus sylvatica,ForestWetPoor
2287495,Fagus sylvatica,ForestWetPoor
2287557,Fagus sylvatica,ForestWetPoor
2289039,Fagus sylvatica,ForestWetPoor
2289041,Fagus sylvatica,ForestWetPoor
2289768,Fagus sylvatica,ForestWetPoor
2289858,Fagus sylvatica,ForestWetPoor
2291043,Fagus sylvatica,ForestWetPoor
2291044,Fagus sylvatica,ForestWetPoor
2291342,Fagus sylvatica,ForestWetPoor
2291344,Fagus sylvatica,ForestWetPoor
2292151,Fagus sylvatica,ForestWetPoor
2293244,Fagus sylvatica,ForestWetPoor
2293245,Fagus sylvatica,ForestWetPoor
2293246,Fagus sylvatica,ForestWetPoor
2293344,Fagus sylvatica,ForestWetPoor
2293345,Fagus sylvatica,ForestWetPoor
2293642,Fagus sylvatica,ForestWetPoor
2293644,Fagus sylvatica,ForestWetPoor
2294397,Fagus sylvatica,ForestWetPoor
2294398,Fagus sylvatica,ForestWetPoor
2295543,Fagus sylvatica,ForestWetPoor
2295544,Fagus sylvatica,ForestWetPoor
2295545,Fagus sylvatica,ForestWetPoor
2295646,Fagus sylvatica,ForestWetPoor
2297842,Fagus sylvatica,ForestWetPoor
2298198,Fagus sylvatica,ForestWetPoor
2298242,Fagus sylvatica,ForestWetPoor
2298245,Fagus sylvatica,ForestWetPoor
2298339,Fagus sylvatica,ForestWetPoor
2299053,Fagus sylvatica,ForestWetPoor
2300143,Fagus sylvatica,ForestWetPoor
2300544,Fagus sylvatica,ForestWetPoor
2300638,Fagus sylvatica,ForestWetPoor
2300639,Fagus sylvatica,ForestWetPoor
2300640,Fagus sylvatica,ForestWetPoor
2302444,Fagus sylvatica,ForestWetPoor
2302445,Fagus sylvatica,ForestWetPoor
2302846,Fagus sylvatica,ForestWetPoor
2302850,Fagus sylvatica,ForestWetPoor
2302937,Fagus sylvatica,ForestWetPoor
2305149,Fagus sylvatica,ForestWetPoor
2305150,Fagus sylvatica,ForestWetPoor
2305151,Fagus sylvatica,ForestWetPoor
2305977,Fagus sylvatica,ForestWetPoor
2305978,Fagus sylvatica,ForestWetPoor
2307446,Fagus sylvatica,ForestWetPoor
2307450,Fagus sylvatica,ForestWetPoor
2307451,Fagus sylvatica,ForestWetPoor
2308277,Fagus sylvatica,ForestWetPoor
2309749,Fagus sylvatica,ForestWetPoor
2309750,Fagus sylvatica,ForestWetPoor
2312055,Fagus sylvatica,ForestWetPoor
2312925,Fagus sylvatica,ForestWetPoor
2314352,Fagus sylvatica,ForestWetPoor
2314355,Fagus sylvatica,ForestWetPoor
2315172,Fagus sylvatica,ForestWetPoor
2317471,Fagus sylvatica,ForestWetPoor
2317472,Fagus sylvatica,ForestWetPoor
2317503,Fagus sylvatica,ForestWetPoor
2318946,Fagus sylvatica,ForestWetPoor
2318947,Fagus sylvatica,ForestWetPoor
2318948,Fagus sylvatica,ForestWetPoor
2318949,Fagus sylvatica,ForestWetPoor
2318951,Fagus sylvatica,ForestWetPoor
2319093,Fagus sylvatica,ForestWetPoor
2319771,Fagus sylvatica,ForestWetPoor
2319772,Fagus sylvatica,ForestWetPoor
2320850,Fagus sylvatica,ForestWetPoor
2321203,Fagus sylvatica,ForestWetPoor
2321246,Fagus sylvatica,ForestWetPoor
2321248,Fagus sylvatica,ForestWetPoor
2321249,Fagus sylvatica,ForestWetPoor
2321250,Fagus sylvatica,ForestWetPoor
2321252,Fagus sylvatica,ForestWetPoor
2322053,Fagus sylvatica,ForestWetPoor
2322071,Fagus sylvatica,ForestWetPoor
2323149,Fagus sylvatica,ForestWetPoor
2323150,Fagus sylvatica,ForestWetPoor
2323151,Fagus sylvatica,ForestWetPoor
2323419,Fagus sylvatica,ForestWetPoor
2323548,Fagus sylvatica,ForestWetPoor
2323551,Fagus sylvatica,ForestWetPoor
2325448,Fagus sylvatica,ForestWetPoor
2325449,Fagus sylvatica,ForestWetPoor
2325803,Fagus sylvatica,ForestWetPoor
2325851,Fagus sylvatica,ForestWetPoor
2325854,Fagus sylvatica,ForestWetPoor
2327749,Fagus sylvatica,ForestWetPoor
2327751,Fagus sylvatica,ForestWetPoor
2327752,Fagus sylvatica,ForestWetPoor
2327774,Fagus sylvatica,ForestWetPoor
2327775,Fagus sylvatica,ForestWetPoor
2328149,Fagus sylvatica,ForestWetPoor
2328151,Fagus sylvatica,ForestWetPoor
2328152,Fagus sylvatica,ForestWetPoor
2328154,Fagus sylvatica,ForestWetPoor
2330050,Fagus sylvatica,ForestWetPoor
2330051,Fagus sylvatica,ForestWetPoor
2330404,Fagus sylvatica,ForestWetPoor
2330451,Fagus sylvatica,ForestWetPoor
2330452,Fagus sylvatica,ForestWetPoor
2330455,Fagus sylvatica,ForestWetPoor
2332749,Fagus sylvatica,ForestWetPoor
2332751,Fagus sylvatica,ForestWetPoor
2332753,Fagus sylvatica,ForestWetPoor
2332756,Fagus sylvatica,ForestWetPoor
2333013,Fagus sylvatica,ForestWetPoor
2333014,Fagus sylvatica,ForestWetPoor
2333015,Fagus sylvatica,ForestWetPoor
2333433,Fagus sylvatica,ForestWetPoor
2335050,Fagus sylvatica,ForestWetPoor
2335052,Fagus sylvatica,ForestWetPoor
2335053,Fagus sylvatica,ForestWetPoor
2335054,Fagus sylvatica,ForestWetPoor
2335056,Fagus sylvatica,ForestWetPoor
2335222,Fagus sylvatica,ForestWetPoor
2335312,Fagus sylvatica,ForestWetPoor
2335313,Fagus sylvatica,ForestWetPoor
2335314,Fagus sylvatica,ForestWetPoor
2335787,Fagus sylvatica,ForestWetPoor
2337351,Fagus sylvatica,ForestWetPoor
2337352,Fagus sylvatica,ForestWetPoor
2337355,Fagus sylvatica,ForestWetPoor
2337495,Fagus sylvatica,ForestWetPoor
2337612,Fagus sylvatica,ForestWetPoor
2337613,Fagus sylvatica,ForestWetPoor
2337614,Fagus sylvatica,ForestWetPoor
2338045,Fagus sylvatica,ForestWetPoor
2338199,Fagus sylvatica,ForestWetPoor
2339652,Fagus sylvatica,ForestWetPoor
2340342,Fagus sylvatica,ForestWetPoor
2340343,Fagus sylvatica,ForestWetPoor
2340344,Fagus sylvatica,ForestWetPoor
2340345,Fagus sylvatica,ForestWetPoor
2342763,Fagus sylvatica,ForestWetPoor
2342798,Fagus sylvatica,ForestWetPoor
2342800,Fagus sylvatica,ForestWetPoor
2342818,Fagus sylvatica,ForestWetPoor
2342819,Fagus sylvatica,ForestWetPoor
2344253,Fagus sylvatica,ForestWetPoor
2344257,Fagus sylvatica,ForestWetPoor
2345119,Fagus sylvatica,ForestWetPoor
2345122,Fagus sylvatica,ForestWetPoor
2346557,Fagus sylvatica,ForestWetPoor
2348633,Fagus sylvatica,ForestWetPoor
2348853,Fagus sylvatica,ForestWetPoor
2348854,Fagus sylvatica,ForestWetPoor
2348857,Fagus sylvatica,ForestWetPoor
2354277,Fagus sylvatica,ForestWetPoor
2354326,Fagus sylvatica,ForestWetPoor
2355355,Fagus sylvatica,ForestWetPoor
2355531,Fagus sylvatica,ForestWetPoor
2356626,Fagus sylvatica,ForestWetPoor
2357656,Fagus sylvatica,ForestWetPoor
2357659,Fagus sylvatica,ForestWetPoor
2357828,Fagus sylvatica,ForestWetPoor
2357829,Fagus sylvatica,ForestWetPoor
2357830,Fagus sylvatica,ForestWetPoor
2357831,Fagus sylvatica,ForestWetPoor
2357833,Fagus sylvatica,ForestWetPoor
2357834,Fagus sylvatica,ForestWetPoor
2357991,Fagus sylvatica,ForestWetPoor
2358049,Fagus sylvatica,ForestWetPoor
2358051,Fagus sylvatica,ForestWetPoor
2358182,Fagus sylvatica,ForestWetPoor
2358192,Fagus sylvatica,ForestWetPoor
2358802,Fagus sylvatica,ForestWetPoor
2358860,Fagus sylvatica,ForestWetPoor
2358926,Fagus sylvatica,ForestWetPoor
2359955,Fagus sylvatica,ForestWetPoor
2359957,Fagus sylvatica,ForestWetPoor
2359958,Fagus sylvatica,ForestWetPoor
2359959,Fagus sylvatica,ForestWetPoor
2359961,Fagus sylvatica,ForestWetPoor
2359963,Fagus sylvatica,ForestWetPoor
2360129,Fagus sylvatica,ForestWetPoor
2360130,Fagus sylvatica,ForestWetPoor
2360131,Fagus sylvatica,ForestWetPoor
2360132,Fagus sylvatica,ForestWetPoor
2360133,Fagus sylvatica,ForestWetPoor
2360134,Fagus sylvatica,ForestWetPoor
2360160,Fagus sylvatica,ForestWetPoor
2360492,Fagus sylvatica,ForestWetPoor
2361102,Fagus sylvatica,ForestWetPoor
2362256,Fagus sylvatica,ForestWetPoor
2362257,Fagus sylvatica,ForestWetPoor
2362260,Fagus sylvatica,ForestWetPoor
2362261,Fagus sylvatica,ForestWetPoor
2362263,Fagus sylvatica,ForestWetPoor
2362264,Fagus sylvatica,ForestWetPoor
2362430,Fagus sylvatica,ForestWetPoor
2362431,Fagus sylvatica,ForestWetPoor
2362432,Fagus sylvatica,ForestWetPoor
2362433,Fagus sylvatica,ForestWetPoor
2362434,Fagus sylvatica,ForestWetPoor
2362435,Fagus sylvatica,ForestWetPoor
2362436,Fagus sylvatica,ForestWetPoor
2362460,Fagus sylvatica,ForestWetPoor
2363402,Fagus sylvatica,ForestWetPoor
2364560,Fagus sylvatica,ForestWetPoor
2364561,Fagus sylvatica,ForestWetPoor
2364563,Fagus sylvatica,ForestWetPoor
2364564,Fagus sylvatica,ForestWetPoor
2364568,Fagus sylvatica,ForestWetPoor
2364731,Fagus sylvatica,ForestWetPoor
2364732,Fagus sylvatica,ForestWetPoor
2364733,Fagus sylvatica,ForestWetPoor
2364734,Fagus sylvatica,ForestWetPoor
2364737,Fagus sylvatica,ForestWetPoor
2364763,Fagus sylvatica,ForestWetPoor
2366860,Fagus sylvatica,ForestWetPoor
2366861,Fagus sylvatica,ForestWetPoor
2366864,Fagus sylvatica,ForestWetPoor
2366866,Fagus sylvatica,ForestWetPoor
2366868,Fagus sylvatica,ForestWetPoor
2366869,Fagus sylvatica,ForestWetPoor
2366870,Fagus sylvatica,ForestWetPoor
2367037,Fagus sylvatica,ForestWetPoor
2367038,Fagus sylvatica,ForestWetPoor
2367063,Fagus sylvatica,ForestWetPoor
2367511,Fagus sylvatica,ForestWetPoor
2369162,Fagus sylvatica,ForestWetPoor
2369166,Fagus sylvatica,ForestWetPoor
2369170,Fagus sylvatica,ForestWetPoor
2369332,Fagus sylvatica,ForestWetPoor
2369336,Fagus sylvatica,ForestWetPoor
2369811,Fagus sylvatica,ForestWetPoor
2371466,Fagus sylvatica,ForestWetPoor
2371467,Fagus sylvatica,ForestWetPoor
2371469,Fagus sylvatica,ForestWetPoor
2371470,Fagus sylvatica,ForestWetPoor
2372111,Fagus sylvatica,ForestWetPoor
2372481,Fagus sylvatica,ForestWetPoor
2373767,Fagus sylvatica,ForestWetPoor
2373768,Fagus sylvatica,ForestWetPoor
2373769,Fagus sylvatica,ForestWetPoor
2374412,Fagus sylvatica,ForestWetPoor
2374778,Fagus sylvatica,ForestWetPoor
2376235,Fagus sylvatica,ForestWetPoor
2376236,Fagus sylvatica,ForestWetPoor
2377273,Fagus sylvatica,ForestWetPoor
2378535,Fagus sylvatica,ForestWetPoor
2378536,Fagus sylvatica,ForestWetPoor
2379379,Fagus sylvatica,ForestWetPoor
2379382,Fagus sylvatica,ForestWetPoor
2379568,Fagus sylvatica,ForestWetPoor
2379572,Fagus sylvatica,ForestWetPoor
2379636,Fagus sylvatica,ForestWetPoor
2380836,Fagus sylvatica,ForestWetPoor
2380993,Fagus sylvatica,ForestWetPoor
2381677,Fagus sylvatica,ForestWetPoor
2381678,Fagus sylvatica,ForestWetPoor
2381866,Fagus sylvatica,ForestWetPoor
2381936,Fagus sylvatica,ForestWetPoor
2383977,Fagus sylvatica,ForestWetPoor
2383978,Fagus sylvatica,ForestWetPoor
2383979,Fagus sylvatica,ForestWetPoor
2383980,Fagus sylvatica,ForestWetPoor
2384236,Fagus sylvatica,ForestWetPoor
2386277,Fagus sylvatica,ForestWetPoor
2386278,Fagus sylvatica,ForestWetPoor
2386366,Fagus sylvatica,ForestWetPoor
2386367,Fagus sylvatica,ForestWetPoor
2386368,Fagus sylvatica,ForestWetPoor
2388755,Fagus sylvatica,ForestWetPoor
2389912,Fagus sylvatica,ForestWetPoor
2389913,Fagus sylvatica,ForestWetPoor
2390882,Fagus sylvatica,ForestWetPoor
2391008,Fagus sylvatica,ForestWetPoor
2391010,Fagus sylvatica,ForestWetPoor
2391056,Fagus sylvatica,ForestWetPoor
2392209,Fagus sylvatica,ForestWetPoor
2392210,Fagus sylvatica,ForestWetPoor
2392212,Fagus sylvatica,ForestWetPoor
2392411,Fagus sylvatica,ForestWetPoor
2392543,Fagus sylvatica,ForestWetPoor
2393182,Fagus sylvatica,ForestWetPoor
2393307,Fagus sylvatica,ForestWetPoor
2393308,Fagus sylvatica,ForestWetPoor
2393309,Fagus sylvatica,ForestWetPoor
2393310,Fagus sylvatica,ForestWetPoor
2393365,Fagus sylvatica,ForestWetPoor
2394472,Fagus sylvatica,ForestWetPoor
2395658,Fagus sylvatica,ForestWetPoor
2395663,Fagus sylvatica,ForestWetPoor
2395664,Fagus sylvatica,ForestWetPoor
2396772,Fagus sylvatica,ForestWetPoor
2396998,Fagus sylvatica,ForestWetPoor
2397782,Fagus sylvatica,ForestWetPoor
2397783,Fagus sylvatica,ForestWetPoor
2397962,Fagus sylvatica,ForestWetPoor
2397963,Fagus sylvatica,ForestWetPoor
2397964,Fagus sylvatica,ForestWetPoor
2399240,Fagus sylvatica,ForestWetPoor
2399313,Fagus sylvatica,ForestWetPoor
2399316,Fagus sylvatica,ForestWetPoor
2400082,Fagus sylvatica,ForestWetPoor
2400318,Fagus sylvatica,ForestWetPoor
2401538,Fagus sylvatica,ForestWetPoor
2401539,Fagus sylvatica,ForestWetPoor
2401542,Fagus sylvatica,ForestWetPoor
2401644,Fagus sylvatica,ForestWetPoor
2402454,Fagus sylvatica,ForestWetPoor
2402596,Fagus sylvatica,ForestWetPoor
2402618,Fagus sylvatica,ForestWetPoor
2403838,Fagus sylvatica,ForestWetPoor
2403839,Fagus sylvatica,ForestWetPoor
2403842,Fagus sylvatica,ForestWetPoor
2404647,Fagus sylvatica,ForestWetPoor
2406139,Fagus sylvatica,ForestWetPoor
2406140,Fagus sylvatica,ForestWetPoor
2406141,Fagus sylvatica,ForestWetPoor
2406142,Fagus sylvatica,ForestWetPoor
2406143,Fagus sylvatica,ForestWetPoor
2406251,Fagus sylvatica,ForestWetPoor
2407058,Fagus sylvatica,ForestWetPoor
2408442,Fagus sylvatica,ForestWetPoor
2408443,Fagus sylvatica,ForestWetPoor
2408444,Fagus sylvatica,ForestWetPoor
2408445,Fagus sylvatica,ForestWetPoor
2410744,Fagus sylvatica,ForestWetPoor
2410745,Fagus sylvatica,ForestWetPoor
2410850,Fagus sylvatica,ForestWetPoor
2413045,Fagus sylvatica,ForestWetPoor
2413155,Fagus sylvatica,ForestWetPoor
2413203,Fagus sylvatica,ForestWetPoor
2415455,Fagus sylvatica,ForestWetPoor
2415504,Fagus sylvatica,ForestWetPoor
2416373,Fagus sylvatica,ForestWetPoor
2418672,Fagus sylvatica,ForestWetPoor
2422415,Fagus sylvatica,ForestWetPoor
2427015,Fagus sylvatica,ForestWetPoor
2429316,Fagus sylvatica,ForestWetPoor
2429318,Fagus sylvatica,ForestWetPoor
2429967,Fagus sylvatica,ForestWetPoor
2431499,Fagus sylvatica,ForestWetPoor
2431617,Fagus sylvatica,ForestWetPoor
2433800,Fagus sylvatica,ForestWetPoor
2433801,Fagus sylvatica,ForestWetPoor
2435894,Fagus sylvatica,ForestWetPoor
2435895,Fagus sylvatica,ForestWetPoor
2438197,Fagus sylvatica,ForestWetPoor
2438198,Fagus sylvatica,ForestWetPoor
2440497,Fagus sylvatica,ForestWetPoor
2441744,Fagus sylvatica,ForestWetPoor
2441745,Fagus sylvatica,ForestWetPoor
2442796,Fagus sylvatica,ForestWetPoor
2444043,Fagus sylvatica,ForestWetPoor
2444044,Fagus sylvatica,ForestWetPoor
2444045,Fagus sylvatica,ForestWetPoor
2445087,Fagus sylvatica,ForestWetPoor
2445498,Fagus sylvatica,ForestWetPoor
2446341,Fagus sylvatica,ForestWetPoor
2446343,Fagus sylvatica,ForestWetPoor
2446346,Fagus sylvatica,ForestWetPoor
2447795,Fagus sylvatica,ForestWetPoor
2447797,Fagus sylvatica,ForestWetPoor
2447798,Fagus sylvatica,ForestWetPoor
2449693,Fagus sylvatica,ForestWetPoor
2450095,Fagus sylvatica,ForestWetPoor
2451988,Fagus sylvatica,ForestWetPoor
2451993,Fagus sylvatica,ForestWetPoor
2451994,Fagus sylvatica,ForestWetPoor
2452481,Fagus sylvatica,ForestWetPoor
2452638,Fagus sylvatica,ForestWetPoor
2452639,Fagus sylvatica,ForestWetPoor
2452640,Fagus sylvatica,ForestWetPoor
2454288,Fagus sylvatica,ForestWetPoor
2454289,Fagus sylvatica,ForestWetPoor
2454294,Fagus sylvatica,ForestWetPoor
2454295,Fagus sylvatica,ForestWetPoor
2454296,Fagus sylvatica,ForestWetPoor
2454297,Fagus sylvatica,ForestWetPoor
2454779,Fagus sylvatica,ForestWetPoor
2454780,Fagus sylvatica,ForestWetPoor
2455363,Fagus sylvatica,ForestWetPoor
2456589,Fagus sylvatica,ForestWetPoor
2456590,Fagus sylvatica,ForestWetPoor
2456592,Fagus sylvatica,ForestWetPoor
2456593,Fagus sylvatica,ForestWetPoor
2456594,Fagus sylvatica,ForestWetPoor
2456595,Fagus sylvatica,ForestWetPoor
2456596,Fagus sylvatica,ForestWetPoor
2456597,Fagus sylvatica,ForestWetPoor
2456598,Fagus sylvatica,ForestWetPoor
2456599,Fagus sylvatica,ForestWetPoor
2457081,Fagus sylvatica,ForestWetPoor
2457663,Fagus sylvatica,ForestWetPoor
2458889,Fagus sylvatica,ForestWetPoor
2458890,Fagus sylvatica,ForestWetPoor
2458891,Fagus sylvatica,ForestWetPoor
2458893,Fagus sylvatica,ForestWetPoor
2458894,Fagus sylvatica,ForestWetPoor
2458895,Fagus sylvatica,ForestWetPoor
2458896,Fagus sylvatica,ForestWetPoor
2458898,Fagus sylvatica,ForestWetPoor
2458899,Fagus sylvatica,ForestWetPoor
2459359,Fagus sylvatica,ForestWetPoor
2459361,Fagus sylvatica,ForestWetPoor
2461196,Fagus sylvatica,ForestWetPoor
2461197,Fagus sylvatica,ForestWetPoor
2461199,Fagus sylvatica,ForestWetPoor
2461658,Fagus sylvatica,ForestWetPoor
2461680,Fagus sylvatica,ForestWetPoor
2462263,Fagus sylvatica,ForestWetPoor
2462264,Fagus sylvatica,ForestWetPoor
2463496,Fagus sylvatica,ForestWetPoor
2463499,Fagus sylvatica,ForestWetPoor
2463579,Fagus sylvatica,ForestWetPoor
2463964,Fagus sylvatica,ForestWetPoor
2464726,Fagus sylvatica,ForestWetPoor
2464727,Fagus sylvatica,ForestWetPoor
2464740,Fagus sylvatica,ForestWetPoor
2464741,Fagus sylvatica,ForestWetPoor
2465795,Fagus sylvatica,ForestWetPoor
2465797,Fagus sylvatica,ForestWetPoor
2465798,Fagus sylvatica,ForestWetPoor
2466260,Fagus sylvatica,ForestWetPoor
2467041,Fagus sylvatica,ForestWetPoor
2468096,Fagus sylvatica,ForestWetPoor
2469313,Fagus sylvatica,ForestWetPoor
2469342,Fagus sylvatica,ForestWetPoor
2471629,Fagus sylvatica,ForestWetPoor
2471642,Fagus sylvatica,ForestWetPoor
2473942,Fagus sylvatica,ForestWetPoor
2476145,Fagus sylvatica,ForestWetPoor
2476146,Fagus sylvatica,ForestWetPoor
2477257,Fagus sylvatica,ForestWetPoor
2477258,Fagus sylvatica,ForestWetPoor
2477259,Fagus sylvatica,ForestWetPoor
2477385,Fagus sylvatica,ForestWetPoor
2479557,Fagus sylvatica,ForestWetPoor
2479559,Fagus sylvatica,ForestWetPoor
2479675,Fagus sylvatica,ForestWetPoor
2479683,Fagus sylvatica,ForestWetPoor
2479684,Fagus sylvatica,ForestWetPoor
2479686,Fagus sylvatica,ForestWetPoor
2480813,Fagus sylvatica,ForestWetPoor
2480814,Fagus sylvatica,ForestWetPoor
2481856,Fagus sylvatica,ForestWetPoor
2481857,Fagus sylvatica,ForestWetPoor
2481860,Fagus sylvatica,ForestWetPoor
2481986,Fagus sylvatica,ForestWetPoor
2481987,Fagus sylvatica,ForestWetPoor
2483112,Fagus sylvatica,ForestWetPoor
2484157,Fagus sylvatica,ForestWetPoor
2484158,Fagus sylvatica,ForestWetPoor
2484160,Fagus sylvatica,ForestWetPoor
2484287,Fagus sylvatica,ForestWetPoor
2487732,Fagus sylvatica,ForestWetPoor
2487737,Fagus sylvatica,ForestWetPoor
2501248,Fagus sylvatica,ForestWetPoor
2501249,Fagus sylvatica,ForestWetPoor
2501250,Fagus sylvatica,ForestWetPoor
2502881,Fagus sylvatica,ForestWetPoor
2503548,Fagus sylvatica,ForestWetPoor
2503551,Fagus sylvatica,ForestWetPoor
2503758,Fagus sylvatica,ForestWetPoor
2503759,Fagus sylvatica,ForestWetPoor
2503775,Fagus sylvatica,ForestWetPoor
2503836,Fagus sylvatica,ForestWetPoor
2503837,Fagus sylvatica,ForestWetPoor
2506077,Fagus sylvatica,ForestWetPoor
2506138,Fagus sylvatica,ForestWetPoor
2508285,Fagus sylvatica,ForestWetPoor
2508378,Fagus sylvatica,ForestWetPoor
2508439,Fagus sylvatica,ForestWetPoor
2510585,Fagus sylvatica,ForestWetPoor
2510678,Fagus sylvatica,ForestWetPoor
2512977,Fagus sylvatica,ForestWetPoor
2512978,Fagus sylvatica,ForestWetPoor
2515058,Fagus sylvatica,ForestWetPoor
2515059,Fagus sylvatica,ForestWetPoor
2515278,Fagus sylvatica,ForestWetPoor
2517358,Fagus sylvatica,ForestWetPoor
2517359,Fagus sylvatica,ForestWetPoor
2517360,Fagus sylvatica,ForestWetPoor
2517648,Fagus sylvatica,ForestWetPoor
2517649,Fagus sylvatica,ForestWetPoor
2519880,Fagus sylvatica,ForestWetPoor
2519948,Fagus sylvatica,ForestWetPoor
2519949,Fagus sylvatica,ForestWetPoor
2521959,Fagus sylvatica,ForestWetPoor
2521960,Fagus sylvatica,ForestWetPoor
2524549,Fagus sylvatica,ForestWetPoor
2525715,Fagus sylvatica,ForestWetPoor
2525716,Fagus sylvatica,ForestWetPoor
2528015,Fagus sylvatica,ForestWetPoor
2530313,Fagus sylvatica,ForestWetPoor
2530314,Fagus sylvatica,ForestWetPoor
2542077,Fagus sylvatica,ForestWetPoor
2542160,Fagus sylvatica,ForestWetPoor
2544377,Fagus sylvatica,ForestWetPoor
2546191,Fagus sylvatica,ForestWetPoor
2546194,Fagus sylvatica,ForestWetPoor
2547545,Fagus sylvatica,ForestWetPoor
2547550,Fagus sylvatica,ForestWetPoor
2548490,Fagus sylvatica,ForestWetPoor
2548491,Fagus sylvatica,ForestWetPoor
2548493,Fagus sylvatica,ForestWetPoor
2548494,Fagus sylvatica,ForestWetPoor
2550790,Fagus sylvatica,ForestWetPoor
2550794,Fagus sylvatica,ForestWetPoor
2553091,Fagus sylvatica,ForestWetPoor
2553092,Fagus sylvatica,ForestWetPoor
2553093,Fagus sylvatica,ForestWetPoor
2553094,Fagus sylvatica,ForestWetPoor
2553391,Fagus sylvatica,ForestWetPoor
2555392,Fagus sylvatica,ForestWetPoor
2555693,Fagus sylvatica,ForestWetPoor
2555694,Fagus sylvatica,ForestWetPoor
2555695,Fagus sylvatica,ForestWetPoor
2557992,Fagus sylvatica,ForestWetPoor
2557993,Fagus sylvatica,ForestWetPoor
2557994,Fagus sylvatica,ForestWetPoor
2558991,Fagus sylvatica,ForestWetPoor
2561277,Fagus sylvatica,ForestWetPoor
2564592,Fagus sylvatica,ForestWetPoor
2564593,Fagus sylvatica,ForestWetPoor
2566892,Fagus sylvatica,ForestWetPoor
2566893,Fagus sylvatica,ForestWetPoor
2566894,Fagus sylvatica,ForestWetPoor
2569190,Fagus sylvatica,ForestWetPoor
2569191,Fagus sylvatica,ForestWetPoor
2569192,Fagus sylvatica,ForestWetPoor
2569193,Fagus sylvatica,ForestWetPoor
2569194,Fagus sylvatica,ForestWetPoor
2571491,Fagus sylvatica,ForestWetPoor
2571492,Fagus sylvatica,ForestWetPoor
2573791,Fagus sylvatica,ForestWetPoor
2573792,Fagus sylvatica,ForestWetPoor
2573794,Fagus sylvatica,ForestWetPoor
2577409,Fagus sylvatica,ForestWetPoor
2578513,Fagus sylvatica,ForestWetPoor
2578514,Fagus sylvatica,ForestWetPoor
2579498,Fagus sylvatica,ForestWetPoor
2579499,Fagus sylvatica,ForestWetPoor
2581798,Fagus sylvatica,ForestWetPoor
2588338,Fagus sylvatica,ForestWetPoor
2588339,Fagus sylvatica,ForestWetPoor
2596814,Fagus sylvatica,ForestWetPoor
2596815,Fagus sylvatica,ForestWetPoor
2599115,Fagus sylvatica,ForestWetPoor
2601416,Fagus sylvatica,ForestWetPoor
2603714,Fagus sylvatica,ForestWetPoor
2606159,Fagus sylvatica,ForestWetPoor
2606160,Fagus sylvatica,ForestWetPoor
2606161,Fagus sylvatica,ForestWetPoor
2607331,Fagus sylvatica,ForestWetPoor
2608459,Fagus sylvatica,ForestWetPoor
2608460,Fagus sylvatica,ForestWetPoor
2608462,Fagus sylvatica,ForestWetPoor
2608463,Fagus sylvatica,ForestWetPoor
2609631,Fagus sylvatica,ForestWetPoor
2610759,Fagus sylvatica,ForestWetPoor
2610760,Fagus sylvatica,ForestWetPoor
2610761,Fagus sylvatica,ForestWetPoor
2610762,Fagus sylvatica,ForestWetPoor
2610763,Fagus sylvatica,ForestWetPoor
2613059,Fagus sylvatica,ForestWetPoor
2613060,Fagus sylvatica,ForestWetPoor
2613061,Fagus sylvatica,ForestWetPoor
2613062,Fagus sylvatica,ForestWetPoor
2614135,Fagus sylvatica,ForestWetPoor
2614137,Fagus sylvatica,ForestWetPoor
2614138,Fagus sylvatica,ForestWetPoor
2615360,Fagus sylvatica,ForestWetPoor
2618718,Fagus sylvatica,ForestWetPoor
2623094,Fagus sylvatica,ForestWetPoor
2623095,Fagus sylvatica,ForestWetPoor
2623096,Fagus sylvatica,ForestWetPoor
2623097,Fagus sylvatica,ForestWetPoor
2623317,Fagus sylvatica,ForestWetPoor
2625395,Fagus sylvatica,ForestWetPoor
2625396,Fagus sylvatica,ForestWetPoor
2627346,Fagus sylvatica,ForestWetPoor
2629473,Fagus sylvatica,ForestWetPoor
2631638,Fagus sylvatica,ForestWetPoor
2631947,Fagus sylvatica,ForestWetPoor
2633938,Fagus sylvatica,ForestWetPoor
2633939,Fagus sylvatica,ForestWetPoor
2634246,Fagus sylvatica,ForestWetPoor
2634247,Fagus sylvatica,ForestWetPoor
2634603,Fagus sylvatica,ForestWetPoor
2636545,Fagus sylvatica,ForestWetPoor
2636546,Fagus sylvatica,ForestWetPoor
2636905,Fagus sylvatica,ForestWetPoor
2641050,Fagus sylvatica,ForestWetPoor
2641051,Fagus sylvatica,ForestWetPoor
2641052,Fagus sylvatica,ForestWetPoor
2641054,Fagus sylvatica,ForestWetPoor
2643351,Fagus sylvatica,ForestWetPoor
2643352,Fagus sylvatica,ForestWetPoor
2647952,Fagus sylvatica,ForestWetPoor
2647953,Fagus sylvatica,ForestWetPoor
2648300,Fagus sylvatica,ForestWetPoor
2648301,Fagus sylvatica,ForestWetPoor
2650599,Fagus sylvatica,ForestWetPoor
2650600,Fagus sylvatica,ForestWetPoor
2651991,Fagus sylvatica,ForestWetPoor
2655203,Fagus sylvatica,ForestWetPoor
2659365,Fagus sylvatica,ForestWetPoor
2661745,Fagus sylvatica,ForestWetPoor
2662138,Fagus sylvatica,ForestWetPoor
2662139,Fagus sylvatica,ForestWetPoor
2662140,Fagus sylvatica,ForestWetPoor
2662141,Fagus sylvatica,ForestWetPoor
2663746,Fagus sylvatica,ForestWetPoor
2663747,Fagus sylvatica,ForestWetPoor
2663774,Fagus sylvatica,ForestWetPoor
2663785,Fagus sylvatica,ForestWetPoor
2664045,Fagus sylvatica,ForestWetPoor
2664442,Fagus sylvatica,ForestWetPoor
2664681,Fagus sylvatica,ForestWetPoor
2665797,Fagus sylvatica,ForestWetPoor
2665805,Fagus sylvatica,ForestWetPoor
2666047,Fagus sylvatica,ForestWetPoor
2666048,Fagus sylvatica,ForestWetPoor
2666085,Fagus sylvatica,ForestWetPoor
2666738,Fagus sylvatica,ForestWetPoor
2666739,Fagus sylvatica,ForestWetPoor
2666985,Fagus sylvatica,ForestWetPoor
2666986,Fagus sylvatica,ForestWetPoor
2668096,Fagus sylvatica,ForestWetPoor
2668097,Fagus sylvatica,ForestWetPoor
2668260,Fagus sylvatica,ForestWetPoor
2668348,Fagus sylvatica,ForestWetPoor
2668376,Fagus sylvatica,ForestWetPoor
2669038,Fagus sylvatica,ForestWetPoor
2669039,Fagus sylvatica,ForestWetPoor
2669285,Fagus sylvatica,ForestWetPoor
2670395,Fagus sylvatica,ForestWetPoor
2670396,Fagus sylvatica,ForestWetPoor
2670397,Fagus sylvatica,ForestWetPoor
2670402,Fagus sylvatica,ForestWetPoor
2670403,Fagus sylvatica,ForestWetPoor
2670404,Fagus sylvatica,ForestWetPoor
2670578,Fagus sylvatica,ForestWetPoor
2670579,Fagus sylvatica,ForestWetPoor
2670683,Fagus sylvatica,ForestWetPoor
2671339,Fagus sylvatica,ForestWetPoor
2671589,Fagus sylvatica,ForestWetPoor
2672877,Fagus sylvatica,ForestWetPoor
2672878,Fagus sylvatica,ForestWetPoor
2672880,Fagus sylvatica,ForestWetPoor
2672881,Fagus sylvatica,ForestWetPoor
2672945,Fagus sylvatica,ForestWetPoor
2672946,Fagus sylvatica,ForestWetPoor
2673889,Fagus sylvatica,ForestWetPoor
2675165,Fagus sylvatica,ForestWetPoor
2675180,Fagus sylvatica,ForestWetPoor
2675181,Fagus sylvatica,ForestWetPoor
2676189,Fagus sylvatica,ForestWetPoor
2679726,Fagus sylvatica,ForestWetPoor
2679766,Fagus sylvatica,ForestWetPoor
2679767,Fagus sylvatica,ForestWetPoor
2684372,Fagus sylvatica,ForestWetPoor
2685140,Fagus sylvatica,ForestWetPoor
2685325,Fagus sylvatica,ForestWetPoor
2686660,Fagus sylvatica,ForestWetPoor
2686664,Fagus sylvatica,ForestWetPoor
2686673,Fagus sylvatica,ForestWetPoor
2687624,Fagus sylvatica,ForestWetPoor
2691243,Fagus sylvatica,ForestWetPoor
2691259,Fagus sylvatica,ForestWetPoor
2691493,Fagus sylvatica,ForestWetPoor
2691513,Fagus sylvatica,ForestWetPoor
2692231,Fagus sylvatica,ForestWetPoor
2692232,Fagus sylvatica,ForestWetPoor
2692377,Fagus sylvatica,ForestWetPoor
2693542,Fagus sylvatica,ForestWetPoor
2693551,Fagus sylvatica,ForestWetPoor
2693558,Fagus sylvatica,ForestWetPoor
2693559,Fagus sylvatica,ForestWetPoor
2693794,Fagus sylvatica,ForestWetPoor
2694326,Fagus sylvatica,ForestWetPoor
2694678,Fagus sylvatica,ForestWetPoor
2695841,Fagus sylvatica,ForestWetPoor
2695842,Fagus sylvatica,ForestWetPoor
2696093,Fagus sylvatica,ForestWetPoor
2696094,Fagus sylvatica,ForestWetPoor
2696626,Fagus sylvatica,ForestWetPoor
2696890,Fagus sylvatica,ForestWetPoor
2698141,Fagus sylvatica,ForestWetPoor
2701257,Fagus sylvatica,ForestWetPoor
2701580,Fagus sylvatica,ForestWetPoor
2702592,Fagus sylvatica,ForestWetPoor
2702593,Fagus sylvatica,ForestWetPoor
2702594,Fagus sylvatica,ForestWetPoor
2702595,Fagus sylvatica,ForestWetPoor
2703544,Fagus sylvatica,ForestWetPoor
2703557,Fagus sylvatica,ForestWetPoor
2704892,Fagus sylvatica,ForestWetPoor
2704893,Fagus sylvatica,ForestWetPoor
2704894,Fagus sylvatica,ForestWetPoor
2705039,Fagus sylvatica,ForestWetPoor
2705051,Fagus sylvatica,ForestWetPoor
2707195,Fagus sylvatica,ForestWetPoor
2707350,Fagus sylvatica,ForestWetPoor
2708143,Fagus sylvatica,ForestWetPoor
2708145,Fagus sylvatica,ForestWetPoor
2708146,Fagus sylvatica,ForestWetPoor
2709492,Fagus sylvatica,ForestWetPoor
2709493,Fagus sylvatica,ForestWetPoor
2709494,Fagus sylvatica,ForestWetPoor
2709495,Fagus sylvatica,ForestWetPoor
2709649,Fagus sylvatica,ForestWetPoor
2709653,Fagus sylvatica,ForestWetPoor
2710441,Fagus sylvatica,ForestWetPoor
2710443,Fagus sylvatica,ForestWetPoor
2710445,Fagus sylvatica,ForestWetPoor
2710446,Fagus sylvatica,ForestWetPoor
2710459,Fagus sylvatica,ForestWetPoor
2711904,Fagus sylvatica,ForestWetPoor
2711940,Fagus sylvatica,ForestWetPoor
2712297,Fagus sylvatica,ForestWetPoor
2712760,Fagus sylvatica,ForestWetPoor
2714203,Fagus sylvatica,ForestWetPoor
2715041,Fagus sylvatica,ForestWetPoor
2715042,Fagus sylvatica,ForestWetPoor
2715045,Fagus sylvatica,ForestWetPoor
2715052,Fagus sylvatica,ForestWetPoor
2715053,Fagus sylvatica,ForestWetPoor
2715264,Fagus sylvatica,ForestWetPoor
2715286,Fagus sylvatica,ForestWetPoor
2716503,Fagus sylvatica,ForestWetPoor
2716512,Fagus sylvatica,ForestWetPoor
2716514,Fagus sylvatica,ForestWetPoor
2716515,Fagus sylvatica,ForestWetPoor
2716516,Fagus sylvatica,ForestWetPoor
2717342,Fagus sylvatica,ForestWetPoor
2717343,Fagus sylvatica,ForestWetPoor
2718803,Fagus sylvatica,ForestWetPoor
2718810,Fagus sylvatica,ForestWetPoor
2718811,Fagus sylvatica,ForestWetPoor
2718814,Fagus sylvatica,ForestWetPoor
2719193,Fagus sylvatica,ForestWetPoor
2719600,Fagus sylvatica,ForestWetPoor
2721083,Fagus sylvatica,ForestWetPoor
2721104,Fagus sylvatica,ForestWetPoor
2721963,Fagus sylvatica,ForestWetPoor
2723385,Fagus sylvatica,ForestWetPoor
2724302,Fagus sylvatica,ForestWetPoor
2724303,Fagus sylvatica,ForestWetPoor
2724304,Fagus sylvatica,ForestWetPoor
2725685,Fagus sylvatica,ForestWetPoor
2725702,Fagus sylvatica,ForestWetPoor
2725719,Fagus sylvatica,ForestWetPoor
2726604,Fagus sylvatica,ForestWetPoor
2728902,Fagus sylvatica,ForestWetPoor
2728904,Fagus sylvatica,ForestWetPoor
2730548,Fagus sylvatica,ForestWetPoor
2730549,Fagus sylvatica,ForestWetPoor
2730550,Fagus sylvatica,ForestWetPoor
2730551,Fagus sylvatica,ForestWetPoor
2732617,Fagus sylvatica,ForestWetPoor
2732847,Fagus sylvatica,ForestWetPoor
2732849,Fagus sylvatica,ForestWetPoor
2732850,Fagus sylvatica,ForestWetPoor
2732852,Fagus sylvatica,ForestWetPoor
2734904,Fagus sylvatica,ForestWetPoor
2735145,Fagus sylvatica,ForestWetPoor
2735146,Fagus sylvatica,ForestWetPoor
2735149,Fagus sylvatica,ForestWetPoor
2735776,Fagus sylvatica,ForestWetPoor
2737096,Fagus sylvatica,ForestWetPoor
2737098,Fagus sylvatica,ForestWetPoor
2737099,Fagus sylvatica,ForestWetPoor
2737204,Fagus sylvatica,ForestWetPoor
2737444,Fagus sylvatica,ForestWetPoor
2737445,Fagus sylvatica,ForestWetPoor
2739398,Fagus sylvatica,ForestWetPoor
2739399,Fagus sylvatica,ForestWetPoor
2739400,Fagus sylvatica,ForestWetPoor
2739742,Fagus sylvatica,ForestWetPoor
2739744,Fagus sylvatica,ForestWetPoor
2739745,Fagus sylvatica,ForestWetPoor
2739746,Fagus sylvatica,ForestWetPoor
2739800,Fagus sylvatica,ForestWetPoor
2739801,Fagus sylvatica,ForestWetPoor
2741699,Fagus sylvatica,ForestWetPoor
2741700,Fagus sylvatica,ForestWetPoor
2744136,Fagus sylvatica,ForestWetPoor
2744137,Fagus sylvatica,ForestWetPoor
2744335,Fagus sylvatica,ForestWetPoor
2744336,Fagus sylvatica,ForestWetPoor
2746301,Fagus sylvatica,ForestWetPoor
2746302,Fagus sylvatica,ForestWetPoor
2746624,Fagus sylvatica,ForestWetPoor
2746635,Fagus sylvatica,ForestWetPoor
2746636,Fagus sylvatica,ForestWetPoor
2746637,Fagus sylvatica,ForestWetPoor
2746638,Fagus sylvatica,ForestWetPoor
2746640,Fagus sylvatica,ForestWetPoor
2746757,Fagus sylvatica,ForestWetPoor
2746759,Fagus sylvatica,ForestWetPoor
2748602,Fagus sylvatica,ForestWetPoor
2748603,Fagus sylvatica,ForestWetPoor
2748604,Fagus sylvatica,ForestWetPoor
2748923,Fagus sylvatica,ForestWetPoor
2748924,Fagus sylvatica,ForestWetPoor
2748934,Fagus sylvatica,ForestWetPoor
2748937,Fagus sylvatica,ForestWetPoor
2748938,Fagus sylvatica,ForestWetPoor
2748939,Fagus sylvatica,ForestWetPoor
2748941,Fagus sylvatica,ForestWetPoor
2749057,Fagus sylvatica,ForestWetPoor
2749058,Fagus sylvatica,ForestWetPoor
2749059,Fagus sylvatica,ForestWetPoor
2749060,Fagus sylvatica,ForestWetPoor
2750901,Fagus sylvatica,ForestWetPoor
2750904,Fagus sylvatica,ForestWetPoor
2751223,Fagus sylvatica,ForestWetPoor
2751225,Fagus sylvatica,ForestWetPoor
2751233,Fagus sylvatica,ForestWetPoor
2751234,Fagus sylvatica,ForestWetPoor
2751235,Fagus sylvatica,ForestWetPoor
2751360,Fagus sylvatica,ForestWetPoor
2751871,Fagus sylvatica,ForestWetPoor
2751873,Fagus sylvatica,ForestWetPoor
2753530,Fagus sylvatica,ForestWetPoor
2753531,Fagus sylvatica,ForestWetPoor
2753532,Fagus sylvatica,ForestWetPoor
2754172,Fagus sylvatica,ForestWetPoor
2755824,Fagus sylvatica,ForestWetPoor
2756470,Fagus sylvatica,ForestWetPoor
2756476,Fagus sylvatica,ForestWetPoor
2756477,Fagus sylvatica,ForestWetPoor
2758132,Fagus sylvatica,ForestWetPoor
2758771,Fagus sylvatica,ForestWetPoor
2760432,Fagus sylvatica,ForestWetPoor
2761068,Fagus sylvatica,ForestWetPoor
2761069,Fagus sylvatica,ForestWetPoor
2761071,Fagus sylvatica,ForestWetPoor
2762731,Fagus sylvatica,ForestWetPoor
2763369,Fagus sylvatica,ForestWetPoor
2765668,Fagus sylvatica,ForestWetPoor
2767001,Fagus sylvatica,ForestWetPoor
2767002,Fagus sylvatica,ForestWetPoor
2767003,Fagus sylvatica,ForestWetPoor
2767324,Fagus sylvatica,ForestWetPoor
2769473,Fagus sylvatica,ForestWetPoor
2769624,Fagus sylvatica,ForestWetPoor
2769625,Fagus sylvatica,ForestWetPoor
2769626,Fagus sylvatica,ForestWetPoor
2771922,Fagus sylvatica,ForestWetPoor
2771923,Fagus sylvatica,ForestWetPoor
2771925,Fagus sylvatica,ForestWetPoor
2772643,Fagus sylvatica,ForestWetPoor
2774223,Fagus sylvatica,ForestWetPoor
2774224,Fagus sylvatica,ForestWetPoor
2774881,Fagus sylvatica,ForestWetPoor
2776524,Fagus sylvatica,ForestWetPoor
2777171,Fagus sylvatica,ForestWetPoor
2777173,Fagus sylvatica,ForestWetPoor
2777368,Fagus sylvatica,ForestWetPoor
2779470,Fagus sylvatica,ForestWetPoor
2779471,Fagus sylvatica,ForestWetPoor
2779473,Fagus sylvatica,ForestWetPoor
2779484,Fagus sylvatica,ForestWetPoor
2779667,Fagus sylvatica,ForestWetPoor
2781770,Fagus sylvatica,ForestWetPoor
2781771,Fagus sylvatica,ForestWetPoor
2784070,Fagus sylvatica,ForestWetPoor
2784071,Fagus sylvatica,ForestWetPoor
2784073,Fagus sylvatica,ForestWetPoor
2788799,Fagus sylvatica,ForestWetPoor
2788800,Fagus sylvatica,ForestWetPoor
2790078,Fagus sylvatica,ForestWetPoor
2790079,Fagus sylvatica,ForestWetPoor
2790274,Fagus sylvatica,ForestWetPoor
2791099,Fagus sylvatica,ForestWetPoor
2791100,Fagus sylvatica,ForestWetPoor
2792378,Fagus sylvatica,ForestWetPoor
2792379,Fagus sylvatica,ForestWetPoor
2792572,Fagus sylvatica,ForestWetPoor
2792573,Fagus sylvatica,ForestWetPoor
2792574,Fagus sylvatica,ForestWetPoor
2793399,Fagus sylvatica,ForestWetPoor
2793400,Fagus sylvatica,ForestWetPoor
2794676,Fagus sylvatica,ForestWetPoor
2794677,Fagus sylvatica,ForestWetPoor
2794678,Fagus sylvatica,ForestWetPoor
2794873,Fagus sylvatica,ForestWetPoor
2794874,Fagus sylvatica,ForestWetPoor
2795700,Fagus sylvatica,ForestWetPoor
2796976,Fagus sylvatica,ForestWetPoor
2797172,Fagus sylvatica,ForestWetPoor
2797173,Fagus sylvatica,ForestWetPoor
2799275,Fagus sylvatica,ForestWetPoor
2799276,Fagus sylvatica,ForestWetPoor
2800187,Fagus sylvatica,ForestWetPoor
2801575,Fagus sylvatica,ForestWetPoor
2802487,Fagus sylvatica,ForestWetPoor
2803765,Fagus sylvatica,ForestWetPoor
2805162,Fagus sylvatica,ForestWetPoor
2805163,Fagus sylvatica,ForestWetPoor
2805164,Fagus sylvatica,ForestWetPoor
2810662,Fagus sylvatica,ForestWetPoor
2816507,Fagus sylvatica,ForestWetPoor
2820036,Fagus sylvatica,ForestWetPoor
2820359,Fagus sylvatica,ForestWetPoor
2822335,Fagus sylvatica,ForestWetPoor
2822336,Fagus sylvatica,ForestWetPoor
2822337,Fagus sylvatica,ForestWetPoor
2824633,Fagus sylvatica,ForestWetPoor
2837252,Fagus sylvatica,ForestWetPoor
2837253,Fagus sylvatica,ForestWetPoor
2837254,Fagus sylvatica,ForestWetPoor
2838573,Fagus sylvatica,ForestWetPoor
2839552,Fagus sylvatica,ForestWetPoor
2839553,Fagus sylvatica,ForestWetPoor
2840872,Fagus sylvatica,ForestWetPoor
2840873,Fagus sylvatica,ForestWetPoor
2841853,Fagus sylvatica,ForestWetPoor
2844151,Fagus sylvatica,ForestWetPoor
2845372,Fagus sylvatica,ForestWetPoor
2847672,Fagus sylvatica,ForestWetPoor
2849875,Fagus sylvatica,ForestWetPoor
2849876,Fagus sylvatica,ForestWetPoor
2849877,Fagus sylvatica,ForestWetPoor
2849971,Fagus sylvatica,ForestWetPoor
2849972,Fagus sylvatica,ForestWetPoor
2850121,Fagus sylvatica,ForestWetPoor
2852175,Fagus sylvatica,ForestWetPoor
2852176,Fagus sylvatica,ForestWetPoor
2852178,Fagus sylvatica,ForestWetPoor
2852272,Fagus sylvatica,ForestWetPoor
2852422,Fagus sylvatica,ForestWetPoor
2853020,Fagus sylvatica,ForestWetPoor
2853025,Fagus sylvatica,ForestWetPoor
2854722,Fagus sylvatica,ForestWetPoor
2855319,Fagus sylvatica,ForestWetPoor
2855320,Fagus sylvatica,ForestWetPoor
2855321,Fagus sylvatica,ForestWetPoor
2855322,Fagus sylvatica,ForestWetPoor
2855325,Fagus sylvatica,ForestWetPoor
2855541,Fagus sylvatica,ForestWetPoor
2857620,Fagus sylvatica,ForestWetPoor
2857621,Fagus sylvatica,ForestWetPoor
2859437,Fagus sylvatica,ForestWetPoor
2859920,Fagus sylvatica,ForestWetPoor
2859921,Fagus sylvatica,ForestWetPoor
2859922,Fagus sylvatica,ForestWetPoor
2861736,Fagus sylvatica,ForestWetPoor
2862220,Fagus sylvatica,ForestWetPoor
2862221,Fagus sylvatica,ForestWetPoor
2863588,Fagus sylvatica,ForestWetPoor
2863591,Fagus sylvatica,ForestWetPoor
2866280,Fagus sylvatica,ForestWetPoor
2866334,Fagus sylvatica,ForestWetPoor
2868190,Fagus sylvatica,ForestWetPoor
2868191,Fagus sylvatica,ForestWetPoor
2870491,Fagus sylvatica,ForestWetPoor
2870933,Fagus sylvatica,ForestWetPoor
2872789,Fagus sylvatica,ForestWetPoor
2872790,Fagus sylvatica,ForestWetPoor
2875393,Fagus sylvatica,ForestWetPoor
2875394,Fagus sylvatica,ForestWetPoor
2875396,Fagus sylvatica,ForestWetPoor
2877492,Fagus sylvatica,ForestWetPoor
2877494,Fagus sylvatica,ForestWetPoor
2877693,Fagus sylvatica,ForestWetPoor
2877694,Fagus sylvatica,ForestWetPoor
2877696,Fagus sylvatica,ForestWetPoor
2879753,Fagus sylvatica,ForestWetPoor
2879995,Fagus sylvatica,ForestWetPoor
2879996,Fagus sylvatica,ForestWetPoor
2879997,Fagus sylvatica,ForestWetPoor
2880286,Fagus sylvatica,ForestWetPoor
2880287,Fagus sylvatica,ForestWetPoor
2882053,Fagus sylvatica,ForestWetPoor
2882138,Fagus sylvatica,ForestWetPoor
2882139,Fagus sylvatica,ForestWetPoor
2882295,Fagus sylvatica,ForestWetPoor
2882296,Fagus sylvatica,ForestWetPoor
2884436,Fagus sylvatica,ForestWetPoor
2884884,Fagus sylvatica,ForestWetPoor
2884885,Fagus sylvatica,ForestWetPoor
2884886,Fagus sylvatica,ForestWetPoor
2884887,Fagus sylvatica,ForestWetPoor
2887172,Fagus sylvatica,ForestWetPoor
2887173,Fagus sylvatica,ForestWetPoor
2887174,Fagus sylvatica,ForestWetPoor
2887176,Fagus sylvatica,ForestWetPoor
2887185,Fagus sylvatica,ForestWetPoor
2888956,Fagus sylvatica,ForestWetPoor
2889269,Fagus sylvatica,ForestWetPoor
2889472,Fagus sylvatica,ForestWetPoor
2889473,Fagus sylvatica,ForestWetPoor
2889474,Fagus sylvatica,ForestWetPoor
2889475,Fagus sylvatica,ForestWetPoor
2891358,Fagus sylvatica,ForestWetPoor
2891773,Fagus sylvatica,ForestWetPoor
2891774,Fagus sylvatica,ForestWetPoor
2891775,Fagus sylvatica,ForestWetPoor
2893867,Fagus sylvatica,ForestWetPoor
2895948,Fagus sylvatica,ForestWetPoor
2895949,Fagus sylvatica,ForestWetPoor
2895955,Fagus sylvatica,ForestWetPoor
2896501,Fagus sylvatica,ForestWetPoor
2898522,Fagus sylvatica,ForestWetPoor
2898523,Fagus sylvatica,ForestWetPoor
2898802,Fagus sylvatica,ForestWetPoor
2898803,Fagus sylvatica,ForestWetPoor
2900821,Fagus sylvatica,ForestWetPoor
2900822,Fagus sylvatica,ForestWetPoor
2900883,Fagus sylvatica,ForestWetPoor
2900884,Fagus sylvatica,ForestWetPoor
2901099,Fagus sylvatica,ForestWetPoor
2902847,Fagus sylvatica,ForestWetPoor
2903402,Fagus sylvatica,ForestWetPoor
2903403,Fagus sylvatica,ForestWetPoor
2905701,Fagus sylvatica,ForestWetPoor
2909749,Fagus sylvatica,ForestWetPoor
2912050,Fagus sylvatica,ForestWetPoor
2914348,Fagus sylvatica,ForestWetPoor
2914349,Fagus sylvatica,ForestWetPoor
2914351,Fagus sylvatica,ForestWetPoor
2916648,Fagus sylvatica,ForestWetPoor
2916649,Fagus sylvatica,ForestWetPoor
2918949,Fagus sylvatica,ForestWetPoor
2921246,Fagus sylvatica,ForestWetPoor
2921247,Fagus sylvatica,ForestWetPoor
2921248,Fagus sylvatica,ForestWetPoor
2921475,Fagus sylvatica,ForestWetPoor
2923546,Fagus sylvatica,ForestWetPoor
2923766,Fagus sylvatica,ForestWetPoor
2925847,Fagus sylvatica,ForestWetPoor
2925849,Fagus sylvatica,ForestWetPoor
2930447,Fagus sylvatica,ForestWetPoor
2930448,Fagus sylvatica,ForestWetPoor
2937552,Fagus sylvatica,ForestWetPoor
2939539,Fagus sylvatica,ForestWetPoor
2941838,Fagus sylvatica,ForestWetPoor
2941839,Fagus sylvatica,ForestWetPoor
2944139,Fagus sylvatica,ForestWetPoor
2949730,Fagus sylvatica,ForestWetPoor
2949913,Fagus sylvatica,ForestWetPoor
2954473,Fagus sylvatica,ForestWetPoor
2955959,Fagus sylvatica,ForestWetPoor
2956825,Fagus sylvatica,ForestWetPoor
2956826,Fagus sylvatica,ForestWetPoor
2956830,Fagus sylvatica,ForestWetPoor
2958254,Fagus sylvatica,ForestWetPoor
2958258,Fagus sylvatica,ForestWetPoor
2958259,Fagus sylvatica,ForestWetPoor
2958260,Fagus sylvatica,ForestWetPoor
2959130,Fagus sylvatica,ForestWetPoor
2959131,Fagus sylvatica,ForestWetPoor
2959132,Fagus sylvatica,ForestWetPoor
2960556,Fagus sylvatica,ForestWetPoor
2960560,Fagus sylvatica,ForestWetPoor
2960561,Fagus sylvatica,ForestWetPoor
2961371,Fagus sylvatica,ForestWetPoor
2962867,Fagus sylvatica,ForestWetPoor
2963663,Fagus sylvatica,ForestWetPoor
2965164,Fagus sylvatica,ForestWetPoor
2965348,Fagus sylvatica,ForestWetPoor
2967691,Fagus sylvatica,ForestWetPoor
2967693,Fagus sylvatica,ForestWetPoor
2967694,Fagus sylvatica,ForestWetPoor
2969531,Fagus sylvatica,ForestWetPoor
2969532,Fagus sylvatica,ForestWetPoor
2969947,Fagus sylvatica,ForestWetPoor
2969992,Fagus sylvatica,ForestWetPoor
2969994,Fagus sylvatica,ForestWetPoor
2971850,Fagus sylvatica,ForestWetPoor
2972264,Fagus sylvatica,ForestWetPoor
2974148,Fagus sylvatica,ForestWetPoor
2974150,Fagus sylvatica,ForestWetPoor
2974152,Fagus sylvatica,ForestWetPoor
2974154,Fagus sylvatica,ForestWetPoor
2974563,Fagus sylvatica,ForestWetPoor
2974564,Fagus sylvatica,ForestWetPoor
2976862,Fagus sylvatica,ForestWetPoor
2976863,Fagus sylvatica,ForestWetPoor
2978731,Fagus sylvatica,ForestWetPoor
2979162,Fagus sylvatica,ForestWetPoor
2979163,Fagus sylvatica,ForestWetPoor
2979164,Fagus sylvatica,ForestWetPoor
2981465,Fagus sylvatica,ForestWetPoor
2988127,Fagus sylvatica,ForestWetPoor
2988128,Fagus sylvatica,ForestWetPoor
2988561,Fagus sylvatica,ForestWetPoor
2989046,Fagus sylvatica,ForestWetPoor
2990426,Fagus sylvatica,ForestWetPoor
2991347,Fagus sylvatica,ForestWetPoor
2993648,Fagus sylvatica,ForestWetPoor
2997619,Fagus sylvatica,ForestWetPoor
2997621,Fagus sylvatica,ForestWetPoor
2999921,Fagus sylvatica,ForestWetPoor
3004949,Fagus sylvatica,ForestWetPoor
3007249,Fagus sylvatica,ForestWetPoor
3009057,Fagus sylvatica,ForestWetPoor
3009549,Fagus sylvatica,ForestWetPoor
3009551,Fagus sylvatica,ForestWetPoor
3011848,Fagus sylvatica,ForestWetPoor
3011849,Fagus sylvatica,ForestWetPoor
3013657,Fagus sylvatica,ForestWetPoor
3014147,Fagus sylvatica,ForestWetPoor
3014148,Fagus sylvatica,ForestWetPoor
3016445,Fagus sylvatica,ForestWetPoor
3016447,Fagus sylvatica,ForestWetPoor
3024636,Fagus sylvatica,ForestWetPoor
3024637,Fagus sylvatica,ForestWetPoor
3024638,Fagus sylvatica,ForestWetPoor
3024639,Fagus sylvatica,ForestWetPoor
3026935,Fagus sylvatica,ForestWetPoor
3026936,Fagus sylvatica,ForestWetPoor
3026937,Fagus sylvatica,ForestWetPoor
3026938,Fagus sylvatica,ForestWetPoor
3026939,Fagus sylvatica,ForestWetPoor
3029235,Fagus sylvatica,ForestWetPoor
3030304,Fagus sylvatica,ForestWetPoor
3030305,Fagus sylvatica,ForestWetPoor
3034167,Fagus sylvatica,ForestWetPoor
3036466,Fagus sylvatica,ForestWetPoor
3036824,Fagus sylvatica,ForestWetPoor
3038767,Fagus sylvatica,ForestWetPoor
3038768,Fagus sylvatica,ForestWetPoor
3038769,Fagus sylvatica,ForestWetPoor
3039122,Fagus sylvatica,ForestWetPoor
3041008,Fagus sylvatica,ForestWetPoor
3041009,Fagus sylvatica,ForestWetPoor
3041011,Fagus sylvatica,ForestWetPoor
3041012,Fagus sylvatica,ForestWetPoor
3041066,Fagus sylvatica,ForestWetPoor
3041067,Fagus sylvatica,ForestWetPoor
3041068,Fagus sylvatica,ForestWetPoor
3041404,Fagus sylvatica,ForestWetPoor
3041405,Fagus sylvatica,ForestWetPoor
3041754,Fagus sylvatica,ForestWetPoor
3043308,Fagus sylvatica,ForestWetPoor
3043311,Fagus sylvatica,ForestWetPoor
3043312,Fagus sylvatica,ForestWetPoor
3043368,Fagus sylvatica,ForestWetPoor
3043369,Fagus sylvatica,ForestWetPoor
3043704,Fagus sylvatica,ForestWetPoor
3043705,Fagus sylvatica,ForestWetPoor
3043716,Fagus sylvatica,ForestWetPoor
3043717,Fagus sylvatica,ForestWetPoor
3043726,Fagus sylvatica,ForestWetPoor
3045609,Fagus sylvatica,ForestWetPoor
3045620,Fagus sylvatica,ForestWetPoor
3045667,Fagus sylvatica,ForestWetPoor
3045668,Fagus sylvatica,ForestWetPoor
3045669,Fagus sylvatica,ForestWetPoor
3046003,Fagus sylvatica,ForestWetPoor
3046004,Fagus sylvatica,ForestWetPoor
3046016,Fagus sylvatica,ForestWetPoor
3046018,Fagus sylvatica,ForestWetPoor
3046020,Fagus sylvatica,ForestWetPoor
3046024,Fagus sylvatica,ForestWetPoor
3046025,Fagus sylvatica,ForestWetPoor
3047911,Fagus sylvatica,ForestWetPoor
3047969,Fagus sylvatica,ForestWetPoor
3047970,Fagus sylvatica,ForestWetPoor
3048021,Fagus sylvatica,ForestWetPoor
3048022,Fagus sylvatica,ForestWetPoor
3048317,Fagus sylvatica,ForestWetPoor
3048319,Fagus sylvatica,ForestWetPoor
3048906,Fagus sylvatica,ForestWetPoor
3050220,Fagus sylvatica,ForestWetPoor
3050270,Fagus sylvatica,ForestWetPoor
3050321,Fagus sylvatica,ForestWetPoor
3050322,Fagus sylvatica,ForestWetPoor
3050323,Fagus sylvatica,ForestWetPoor
3050524,Fagus sylvatica,ForestWetPoor
3052383,Fagus sylvatica,ForestWetPoor
3052621,Fagus sylvatica,ForestWetPoor
3052860,Fagus sylvatica,ForestWetPoor
3054682,Fagus sylvatica,ForestWetPoor
3055160,Fagus sylvatica,ForestWetPoor
3056983,Fagus sylvatica,ForestWetPoor
3057102,Fagus sylvatica,ForestWetPoor
3057103,Fagus sylvatica,ForestWetPoor
3061582,Fagus sylvatica,ForestWetPoor
3061702,Fagus sylvatica,ForestWetPoor
3061703,Fagus sylvatica,ForestWetPoor
3061704,Fagus sylvatica,ForestWetPoor
3061705,Fagus sylvatica,ForestWetPoor
3061820,Fagus sylvatica,ForestWetPoor
3064003,Fagus sylvatica,ForestWetPoor
3064005,Fagus sylvatica,ForestWetPoor
3068479,Fagus sylvatica,ForestWetPoor
3070778,Fagus sylvatica,ForestWetPoor
3073069,Fagus sylvatica,ForestWetPoor
3073070,Fagus sylvatica,ForestWetPoor
3073077,Fagus sylvatica,ForestWetPoor
3075368,Fagus sylvatica,ForestWetPoor
3075369,Fagus sylvatica,ForestWetPoor
3075370,Fagus sylvatica,ForestWetPoor
3075453,Fagus sylvatica,ForestWetPoor
3077668,Fagus sylvatica,ForestWetPoor
3077669,Fagus sylvatica,ForestWetPoor
3077670,Fagus sylvatica,ForestWetPoor
3077752,Fagus sylvatica,ForestWetPoor
3077753,Fagus sylvatica,ForestWetPoor
3079969,Fagus sylvatica,ForestWetPoor
3079970,Fagus sylvatica,ForestWetPoor
3079971,Fagus sylvatica,ForestWetPoor
3080053,Fagus sylvatica,ForestWetPoor
3080055,Fagus sylvatica,ForestWetPoor
3082268,Fagus sylvatica,ForestWetPoor
3082269,Fagus sylvatica,ForestWetPoor
3082270,Fagus sylvatica,ForestWetPoor
3082308,Fagus sylvatica,ForestWetPoor
3082352,Fagus sylvatica,ForestWetPoor
3082354,Fagus sylvatica,ForestWetPoor
3082355,Fagus sylvatica,ForestWetPoor
3083037,Fagus sylvatica,ForestWetPoor
3084539,Fagus sylvatica,ForestWetPoor
3084605,Fagus sylvatica,ForestWetPoor
3084606,Fagus sylvatica,ForestWetPoor
3084607,Fagus sylvatica,ForestWetPoor
3084608,Fagus sylvatica,ForestWetPoor
3085337,Fagus sylvatica,ForestWetPoor
3085338,Fagus sylvatica,ForestWetPoor
3086838,Fagus sylvatica,ForestWetPoor
3086839,Fagus sylvatica,ForestWetPoor
3086840,Fagus sylvatica,ForestWetPoor
3086841,Fagus sylvatica,ForestWetPoor
3087637,Fagus sylvatica,ForestWetPoor
3087638,Fagus sylvatica,ForestWetPoor
3089137,Fagus sylvatica,ForestWetPoor
3089371,Fagus sylvatica,ForestWetPoor
3089937,Fagus sylvatica,ForestWetPoor
3092236,Fagus sylvatica,ForestWetPoor
3092237,Fagus sylvatica,ForestWetPoor
3093738,Fagus sylvatica,ForestWetPoor
3093739,Fagus sylvatica,ForestWetPoor
3093740,Fagus sylvatica,ForestWetPoor
3093741,Fagus sylvatica,ForestWetPoor
3093871,Fagus sylvatica,ForestWetPoor
3093872,Fagus sylvatica,ForestWetPoor
3093874,Fagus sylvatica,ForestWetPoor
3096046,Fagus sylvatica,ForestWetPoor
3096050,Fagus sylvatica,ForestWetPoor
3096170,Fagus sylvatica,ForestWetPoor
3096171,Fagus sylvatica,ForestWetPoor
3096172,Fagus sylvatica,ForestWetPoor
3098897,Fagus sylvatica,ForestWetPoor
3100649,Fagus sylvatica,ForestWetPoor
3100769,Fagus sylvatica,ForestWetPoor
3100856,Fagus sylvatica,ForestWetPoor
3101202,Fagus sylvatica,ForestWetPoor
3103071,Fagus sylvatica,ForestWetPoor
3103156,Fagus sylvatica,ForestWetPoor
3105289,Fagus sylvatica,ForestWetPoor
3105291,Fagus sylvatica,ForestWetPoor
3107591,Fagus sylvatica,ForestWetPoor
3107592,Fagus sylvatica,ForestWetPoor
3109891,Fagus sylvatica,ForestWetPoor
3109892,Fagus sylvatica,ForestWetPoor
3112191,Fagus sylvatica,ForestWetPoor
3112192,Fagus sylvatica,ForestWetPoor
3114796,Fagus sylvatica,ForestWetPoor
3116793,Fagus sylvatica,ForestWetPoor
3117091,Fagus sylvatica,ForestWetPoor
3117093,Fagus sylvatica,ForestWetPoor
3117095,Fagus sylvatica,ForestWetPoor
3119203,Fagus sylvatica,ForestWetPoor
3119395,Fagus sylvatica,ForestWetPoor
3119396,Fagus sylvatica,ForestWetPoor
3119980,Fagus sylvatica,ForestWetPoor
3119981,Fagus sylvatica,ForestWetPoor
3119983,Fagus sylvatica,ForestWetPoor
3121394,Fagus sylvatica,ForestWetPoor
3121697,Fagus sylvatica,ForestWetPoor
3121914,Fagus sylvatica,ForestWetPoor
3121926,Fagus sylvatica,ForestWetPoor
3122282,Fagus sylvatica,ForestWetPoor
3123994,Fagus sylvatica,ForestWetPoor
3123995,Fagus sylvatica,ForestWetPoor
3123996,Fagus sylvatica,ForestWetPoor
3124214,Fagus sylvatica,ForestWetPoor
3124217,Fagus sylvatica,ForestWetPoor
3124230,Fagus sylvatica,ForestWetPoor
3126514,Fagus sylvatica,ForestWetPoor
3126515,Fagus sylvatica,ForestWetPoor
3126516,Fagus sylvatica,ForestWetPoor
3126517,Fagus sylvatica,ForestWetPoor
3126530,Fagus sylvatica,ForestWetPoor
3128766,Fagus sylvatica,ForestWetPoor
3128814,Fagus sylvatica,ForestWetPoor
3128816,Fagus sylvatica,ForestWetPoor
3128817,Fagus sylvatica,ForestWetPoor
3130612,Fagus sylvatica,ForestWetPoor
3130613,Fagus sylvatica,ForestWetPoor
3130614,Fagus sylvatica,ForestWetPoor
3130615,Fagus sylvatica,ForestWetPoor
3130621,Fagus sylvatica,ForestWetPoor
3130622,Fagus sylvatica,ForestWetPoor
3131114,Fagus sylvatica,ForestWetPoor
3131115,Fagus sylvatica,ForestWetPoor
3131116,Fagus sylvatica,ForestWetPoor
3132913,Fagus sylvatica,ForestWetPoor
3132914,Fagus sylvatica,ForestWetPoor
3132915,Fagus sylvatica,ForestWetPoor
3132916,Fagus sylvatica,ForestWetPoor
3132918,Fagus sylvatica,ForestWetPoor
3135214,Fagus sylvatica,ForestWetPoor
3135664,Fagus sylvatica,ForestWetPoor
3137964,Fagus sylvatica,ForestWetPoor
3137965,Fagus sylvatica,ForestWetPoor
3138001,Fagus sylvatica,ForestWetPoor
3138002,Fagus sylvatica,ForestWetPoor
3138004,Fagus sylvatica,ForestWetPoor
3140265,Fagus sylvatica,ForestWetPoor
3140301,Fagus sylvatica,ForestWetPoor
3140302,Fagus sylvatica,ForestWetPoor
3140333,Fagus sylvatica,ForestWetPoor
3140360,Fagus sylvatica,ForestWetPoor
3142066,Fagus sylvatica,ForestWetPoor
3142068,Fagus sylvatica,ForestWetPoor
3142565,Fagus sylvatica,ForestWetPoor
3142590,Fagus sylvatica,ForestWetPoor
3142602,Fagus sylvatica,ForestWetPoor
3142632,Fagus sylvatica,ForestWetPoor
3142633,Fagus sylvatica,ForestWetPoor
3142635,Fagus sylvatica,ForestWetPoor
3142661,Fagus sylvatica,ForestWetPoor
3142662,Fagus sylvatica,ForestWetPoor
3142663,Fagus sylvatica,ForestWetPoor
3142686,Fagus sylvatica,ForestWetPoor
3144367,Fagus sylvatica,ForestWetPoor
3144927,Fagus sylvatica,ForestWetPoor
3144930,Fagus sylvatica,ForestWetPoor
3144932,Fagus sylvatica,ForestWetPoor
3144933,Fagus sylvatica,ForestWetPoor
3144934,Fagus sylvatica,ForestWetPoor
3144936,Fagus sylvatica,ForestWetPoor
3144961,Fagus sylvatica,ForestWetPoor
3144962,Fagus sylvatica,ForestWetPoor
3144963,Fagus sylvatica,ForestWetPoor
3146669,Fagus sylvatica,ForestWetPoor
3146883,Fagus sylvatica,ForestWetPoor
3147166,Fagus sylvatica,ForestWetPoor
3147187,Fagus sylvatica,ForestWetPoor
3147227,Fagus sylvatica,ForestWetPoor
3147231,Fagus sylvatica,ForestWetPoor
3149532,Fagus sylvatica,ForestWetPoor
3149533,Fagus sylvatica,ForestWetPoor
3151482,Fagus sylvatica,ForestWetPoor
3151792,Fagus sylvatica,ForestWetPoor
3151848,Fagus sylvatica,ForestWetPoor
3153783,Fagus sylvatica,ForestWetPoor
3154057,Fagus sylvatica,ForestWetPoor
3154138,Fagus sylvatica,ForestWetPoor
3156083,Fagus sylvatica,ForestWetPoor
3156436,Fagus sylvatica,ForestWetPoor
3158157,Fagus sylvatica,ForestWetPoor
3158158,Fagus sylvatica,ForestWetPoor
3158749,Fagus sylvatica,ForestWetPoor
3158751,Fagus sylvatica,ForestWetPoor
3160461,Fagus sylvatica,ForestWetPoor
3160468,Fagus sylvatica,ForestWetPoor
3161047,Fagus sylvatica,ForestWetPoor
3162768,Fagus sylvatica,ForestWetPoor
3163347,Fagus sylvatica,ForestWetPoor
3165057,Fagus sylvatica,ForestWetPoor
3165067,Fagus sylvatica,ForestWetPoor
3165647,Fagus sylvatica,ForestWetPoor
3165648,Fagus sylvatica,ForestWetPoor
3167366,Fagus sylvatica,ForestWetPoor
3167950,Fagus sylvatica,ForestWetPoor
3176571,Fagus sylvatica,ForestWetPoor
3176572,Fagus sylvatica,ForestWetPoor
3178513,Fagus sylvatica,ForestWetPoor
3178871,Fagus sylvatica,ForestWetPoor
3178873,Fagus sylvatica,ForestWetPoor
3180812,Fagus sylvatica,ForestWetPoor
3180813,Fagus sylvatica,ForestWetPoor
3181809,Fagus sylvatica,ForestWetPoor
3183459,Fagus sylvatica,ForestWetPoor
3183469,Fagus sylvatica,ForestWetPoor
3183470,Fagus sylvatica,ForestWetPoor
3185770,Fagus sylvatica,ForestWetPoor
3185771,Fagus sylvatica,ForestWetPoor
3185773,Fagus sylvatica,ForestWetPoor
3186737,Fagus sylvatica,ForestWetPoor
3188612,Fagus sylvatica,ForestWetPoor
3189024,Fagus sylvatica,ForestWetPoor
3191337,Fagus sylvatica,ForestWetPoor
3191362,Fagus sylvatica,ForestWetPoor
3193637,Fagus sylvatica,ForestWetPoor
3195512,Fagus sylvatica,ForestWetPoor
3201954,Fagus sylvatica,ForestWetPoor
3204649,Fagus sylvatica,ForestWetPoor
3204711,Fagus sylvatica,ForestWetPoor
3211716,Fagus sylvatica,ForestWetPoor
3214015,Fagus sylvatica,ForestWetPoor
3216608,Fagus sylvatica,ForestWetPoor
3218450,Fagus sylvatica,ForestWetPoor
3218908,Fagus sylvatica,ForestWetPoor
3220816,Fagus sylvatica,ForestWetPoor
3223029,Fagus sylvatica,ForestWetPoor
3223048,Fagus sylvatica,ForestWetPoor
3223115,Fagus sylvatica,ForestWetPoor
3227626,Fagus sylvatica,ForestWetPoor
3232549,Fagus sylvatica,ForestWetPoor
3235194,Fagus sylvatica,ForestWetPoor
3240557,Fagus sylvatica,ForestWetPoor
3240617,Fagus sylvatica,ForestWetPoor
3242856,Fagus sylvatica,ForestWetPoor
3242857,Fagus sylvatica,ForestWetPoor
3242928,Fagus sylvatica,ForestWetPoor
3245156,Fagus sylvatica,ForestWetPoor
3245228,Fagus sylvatica,ForestWetPoor
3247455,Fagus sylvatica,ForestWetPoor
3247456,Fagus sylvatica,ForestWetPoor
3250950,Fagus sylvatica,ForestWetPoor
3254395,Fagus sylvatica,ForestWetPoor
3256717,Fagus sylvatica,ForestWetPoor
3259017,Fagus sylvatica,ForestWetPoor
3264923,Fagus sylvatica,ForestWetPoor
3265930,Fagus sylvatica,ForestWetPoor
3265931,Fagus sylvatica,ForestWetPoor
3267225,Fagus sylvatica,ForestWetPoor
3268219,Fagus sylvatica,ForestWetPoor
3270530,Fagus sylvatica,ForestWetPoor
3271827,Fagus sylvatica,ForestWetPoor
3274126,Fagus sylvatica,ForestWetPoor
3274127,Fagus sylvatica,ForestWetPoor
3275116,Fagus sylvatica,ForestWetPoor
3275129,Fagus sylvatica,ForestWetPoor
3275130,Fagus sylvatica,ForestWetPoor
3278313,Fagus sylvatica,ForestWetPoor
3278315,Fagus sylvatica,ForestWetPoor
3278316,Fagus sylvatica,ForestWetPoor
3280616,Fagus sylvatica,ForestWetPoor
3282076,Fagus sylvatica,ForestWetPoor
3282915,Fagus sylvatica,ForestWetPoor
3283321,Fagus sylvatica,ForestWetPoor
3284313,Fagus sylvatica,ForestWetPoor
3284335,Fagus sylvatica,ForestWetPoor
3284378,Fagus sylvatica,ForestWetPoor
3286634,Fagus sylvatica,ForestWetPoor
3289412,Fagus sylvatica,ForestWetPoor
3291212,Fagus sylvatica,ForestWetPoor
3292495,Fagus sylvatica,ForestWetPoor
3294793,Fagus sylvatica,ForestWetPoor
3299382,Fagus sylvatica,ForestWetPoor
3303930,Fagus sylvatica,ForestWetPoor
3308143,Fagus sylvatica,ForestWetPoor
3308154,Fagus sylvatica,ForestWetPoor
3310166,Fagus sylvatica,ForestWetPoor
3310167,Fagus sylvatica,ForestWetPoor
3310442,Fagus sylvatica,ForestWetPoor
3310444,Fagus sylvatica,ForestWetPoor
3312468,Fagus sylvatica,ForestWetPoor
3315539,Fagus sylvatica,ForestWetPoor
3330386,Fagus sylvatica,ForestWetPoor
3333162,Fagus sylvatica,ForestWetPoor
3333163,Fagus sylvatica,ForestWetPoor
3333164,Fagus sylvatica,ForestWetPoor
3333422,Fagus sylvatica,ForestWetPoor
3338072,Fagus sylvatica,ForestWetPoor
3358315,Fagus sylvatica,ForestWetPoor
3384616,Fagus sylvatica,ForestWetPoor
3386296,Fagus sylvatica,ForestWetPoor
3386931,Fagus sylvatica,ForestWetPoor
3388645,Fagus sylvatica,ForestWetPoor
3388646,Fagus sylvatica,ForestWetPoor
3390945,Fagus sylvatica,ForestWetPoor
3391516,Fagus sylvatica,ForestWetPoor
3393244,Fagus sylvatica,ForestWetPoor
3393245,Fagus sylvatica,ForestWetPoor
3393771,Fagus sylvatica,ForestWetPoor
3393816,Fagus sylvatica,ForestWetPoor
3393820,Fagus sylvatica,ForestWetPoor
3395545,Fagus sylvatica,ForestWetPoor
3395547,Fagus sylvatica,ForestWetPoor
3397846,Fagus sylvatica,ForestWetPoor
3397847,Fagus sylvatica,ForestWetPoor
3400144,Fagus sylvatica,ForestWetPoor
3400145,Fagus sylvatica,ForestWetPoor
3402444,Fagus sylvatica,ForestWetPoor
3402445,Fagus sylvatica,ForestWetPoor
3407254,Fagus sylvatica,ForestWetPoor
3411364,Fagus sylvatica,ForestWetPoor
3418563,Fagus sylvatica,ForestWetPoor
3420863,Fagus sylvatica,ForestWetPoor
3441736,Fagus sylvatica,ForestWetPoor
3445766,Fagus sylvatica,ForestWetPoor
3448426,Fagus sylvatica,ForestWetPoor
3476673,Fagus sylvatica,ForestWetPoor
3476674,Fagus sylvatica,ForestWetPoor
3476675,Fagus sylvatica,ForestWetPoor
3476676,Fagus sylvatica,ForestWetPoor
3478976,Fagus sylvatica,ForestWetPoor
3478977,Fagus sylvatica,ForestWetPoor
3481277,Fagus sylvatica,ForestWetPoor
3485879,Fagus sylvatica,ForestWetPoor
3485880,Fagus sylvatica,ForestWetPoor
3488174,Fagus sylvatica,ForestWetPoor
3488180,Fagus sylvatica,ForestWetPoor
3490471,Fagus sylvatica,ForestWetPoor
3490473,Fagus sylvatica,ForestWetPoor
3490474,Fagus sylvatica,ForestWetPoor
3490475,Fagus sylvatica,ForestWetPoor
3492620,Fagus sylvatica,ForestWetPoor
3492621,Fagus sylvatica,ForestWetPoor
3492774,Fagus sylvatica,ForestWetPoor
3492778,Fagus sylvatica,ForestWetPoor
3494512,Fagus sylvatica,ForestWetPoor
3495080,Fagus sylvatica,ForestWetPoor
3496391,Fagus sylvatica,ForestWetPoor
3498692,Fagus sylvatica,ForestWetPoor
3498693,Fagus sylvatica,ForestWetPoor
3498694,Fagus sylvatica,ForestWetPoor
3514765,Fagus sylvatica,ForestWetPoor
3514766,Fagus sylvatica,ForestWetPoor
3517064,Fagus sylvatica,ForestWetPoor
3517065,Fagus sylvatica,ForestWetPoor
3519364,Fagus sylvatica,ForestWetPoor
3520239,Fagus sylvatica,ForestWetPoor
3521664,Fagus sylvatica,ForestWetPoor
3521665,Fagus sylvatica,ForestWetPoor
3521666,Fagus sylvatica,ForestWetPoor
3523964,Fagus sylvatica,ForestWetPoor
3523965,Fagus sylvatica,ForestWetPoor
3523966,Fagus sylvatica,ForestWetPoor
3526216,Fagus sylvatica,ForestWetPoor
3530819,Fagus sylvatica,ForestWetPoor
3567553,Fagus sylvatica,ForestWetPoor
3567554,Fagus sylvatica,ForestWetPoor
3567556,Fagus sylvatica,ForestWetPoor
3568238,Fagus sylvatica,ForestWetPoor
3569853,Fagus sylvatica,ForestWetPoor
3569854,Fagus sylvatica,ForestWetPoor
3569855,Fagus sylvatica,ForestWetPoor
3569856,Fagus sylvatica,ForestWetPoor
3569857,Fagus sylvatica,ForestWetPoor
3570538,Fagus sylvatica,ForestWetPoor
3572153,Fagus sylvatica,ForestWetPoor
3572154,Fagus sylvatica,ForestWetPoor
3572156,Fagus sylvatica,ForestWetPoor
3572157,Fagus sylvatica,ForestWetPoor
3572223,Fagus sylvatica,ForestWetPoor
3572526,Fagus sylvatica,ForestWetPoor
3572527,Fagus sylvatica,ForestWetPoor
3572528,Fagus sylvatica,ForestWetPoor
3572837,Fagus sylvatica,ForestWetPoor
3572838,Fagus sylvatica,ForestWetPoor
3574453,Fagus sylvatica,ForestWetPoor
3574454,Fagus sylvatica,ForestWetPoor
3574455,Fagus sylvatica,ForestWetPoor
3574456,Fagus sylvatica,ForestWetPoor
3575002,Fagus sylvatica,ForestWetPoor
3575138,Fagus sylvatica,ForestWetPoor
3575139,Fagus sylvatica,ForestWetPoor
3576755,Fagus sylvatica,ForestWetPoor
3577129,Fagus sylvatica,ForestWetPoor
3577301,Fagus sylvatica,ForestWetPoor
3577302,Fagus sylvatica,ForestWetPoor
3577303,Fagus sylvatica,ForestWetPoor
3577304,Fagus sylvatica,ForestWetPoor
3577439,Fagus sylvatica,ForestWetPoor
3579429,Fagus sylvatica,ForestWetPoor
3579601,Fagus sylvatica,ForestWetPoor
3579602,Fagus sylvatica,ForestWetPoor
3579605,Fagus sylvatica,ForestWetPoor
3580221,Fagus sylvatica,ForestWetPoor
3581902,Fagus sylvatica,ForestWetPoor
3581903,Fagus sylvatica,ForestWetPoor
3581904,Fagus sylvatica,ForestWetPoor
3626160,Fagus sylvatica,ForestWetPoor
3631970,Fagus sylvatica,ForestWetPoor
3634267,Fagus sylvatica,ForestWetPoor
3634270,Fagus sylvatica,ForestWetPoor
3634271,Fagus sylvatica,ForestWetPoor
3636567,Fagus sylvatica,ForestWetPoor
3636568,Fagus sylvatica,ForestWetPoor
3636570,Fagus sylvatica,ForestWetPoor
3638838,Fagus sylvatica,ForestWetPoor
3638868,Fagus sylvatica,ForestWetPoor
3641139,Fagus sylvatica,ForestWetPoor
3641140,Fagus sylvatica,ForestWetPoor
3643440,Fagus sylvatica,ForestWetPoor
3668956,Fagus sylvatica,ForestWetPoor
3671256,Fagus sylvatica,ForestWetPoor
3671410,Fagus sylvatica,ForestWetPoor
3677997,Fagus sylvatica,ForestWetPoor
3694314,Fagus sylvatica,ForestWetPoor
3717715,Fagus sylvatica,ForestWetPoor
3720015,Fagus sylvatica,ForestWetPoor
3721863,Fagus sylvatica,ForestWetPoor
3721864,Fagus sylvatica,ForestWetPoor
3722314,Fagus sylvatica,ForestWetPoor
3722315,Fagus sylvatica,ForestWetPoor
3724163,Fagus sylvatica,ForestWetPoor
3724908,Fagus sylvatica,ForestWetPoor
3726462,Fagus sylvatica,ForestWetPoor
3728762,Fagus sylvatica,ForestWetPoor
3747174,Fagus sylvatica,ForestWetPoor
3754475,Fagus sylvatica,ForestWetPoor
3756774,Fagus sylvatica,ForestWetPoor
3756775,Fagus sylvatica,ForestWetPoor
3756776,Fagus sylvatica,ForestWetPoor
3756777,Fagus sylvatica,ForestWetPoor
3759074,Fagus sylvatica,ForestWetPoor
3759075,Fagus sylvatica,ForestWetPoor
3761554,Fagus sylvatica,ForestWetPoor
3763854,Fagus sylvatica,ForestWetPoor
3766153,Fagus sylvatica,ForestWetPoor
3768678,Fagus sylvatica,ForestWetPoor
3768679,Fagus sylvatica,ForestWetPoor
3768680,Fagus sylvatica,ForestWetPoor
3768681,Fagus sylvatica,ForestWetPoor
3797764,Fagus sylvatica,ForestWetPoor
3835112,Fagus sylvatica,ForestWetPoor
3892590,Fagus sylvatica,ForestWetPoor
3892591,Fagus sylvatica,ForestWetPoor
